TermID	Term	Enrichment	logP	Genes in Term	Target Genes in Term	Fraction of Targets in Term	Total Target Genes	Total Genes	Entrez Gene IDs	Gene Symbols
SM01332	Cyclin_C	0.00029397678955643	-8.13200974082905	17	5	0.0136239782016349	367	9882	12428,380694,12447,12445,12449	Ccna2,Ccnjl,Ccne1,Ccnd3,Ccnf
SM01074	Cdc6_C	0.00137562924730117	-6.58884401814544	2	2	0.00544959128065395	367	9882	23834,18392	Cdc6,Orc1
SM00726	UIM	0.00184450312582118	-6.2955453462577	15	4	0.0108991825613079	367	9882	56812,13858,13854,268445	Dnajb2,Eps15,Epn1,Ankrd13b
SM00219	TyrKc	0.00300017644619343	-5.80908417664577	81	9	0.0245231607629428	367	9882	16818,12143,13836,14360,13844,20187,18596,14182,22637	Lck,Blk,Epha2,Fyn,Ephb2,Ryk,Pdgfrb,Fgfr1,Zap70
SM00406	IGv	0.00300017644619343	-5.80908417664577	81	9	0.0245231607629428	367	9882	237754,17967,68481,27028,78908,21838,12504,192194,16456	Btnl9,Ncam1,Mpzl1,Ermap,Igsf3,Thy1,Cd4,Btnl10,F11r
SM00132	LIM	0.00548342272820955	-5.20602578755482	73	8	0.0217983651226158	367	9882	13009,194401,30937,14199,14200,54132,22051,68337	Csrp3,Mical3,Lmcd1,Fhl1,Fhl2,Pdlim1,Trip6,Crip2
SM00385	CYCLIN	0.00605489486279009	-5.10688826582889	32	5	0.0136239782016349	367	9882	12449,12445,12447,380694,12428	Ccnf,Ccnd3,Ccne1,Ccnjl,Ccna2
SM00326	SH3	0.00632193681879664	-5.06372965910188	196	15	0.0408719346049046	367	9882	50997,16818,225608,58234,12143,236915,14360,18709,15468,53310,20739,71602,13043,53885,67742	Mpp2,Lck,Sh3tc2,Shank3,Blk,Arhgef9,Fyn,Pik3r2,Prmt2,Dlg3,Spta1,Myo1e,Cttn,Nphp1,Samsn1
SM00027	EH	0.00671109941332125	-5.00399249442726	11	3	0.00817438692098093	367	9882	13858,13660,259300	Eps15,Ehd1,Ehd2
SM00485	XPGN	0.00785283054398751	-4.84688123332884	4	2	0.00544959128065395	367	9882	26909,14156	Exo1,Fen1
SM00279	HhH2	0.00785283054398751	-4.84688123332884	4	2	0.00544959128065395	367	9882	14156,26909	Fen1,Exo1
SM00484	XPGI	0.00785283054398751	-4.84688123332884	4	2	0.00544959128065395	367	9882	14156,26909	Fen1,Exo1
SM00242	MYSc	0.012592581225738	-4.37464743003865	38	5	0.0136239782016349	367	9882	17909,17920,77579,71602,338367	Myo10,Myo6,Myh10,Myo1e,Myo1d
SM00252	SH2	0.013382800619672	-4.31378493230831	102	9	0.0245231607629428	367	9882	16818,27371,14360,12143,17060,209488,22637,18709,14783	Lck,Sh2d2a,Fyn,Blk,Blnk,Hsh2d,Zap70,Pik3r2,Grb10
SM00952	RAP	0.0186842506400647	-3.98007432174243	6	2	0.00544959128065395	367	9882	75619,21379	Fastkd2,Tbrg4
SM00110	C1Q	0.0213326709184127	-3.84751553547206	29	4	0.0108991825613079	367	9882	12262,12260,70945,12259	C1qc,C1qb,Mmrn1,C1qa
SM00228	PDZ	0.0218754183026416	-3.82239172451482	148	11	0.0299727520435967	367	9882	21873,64704,118449,53310,58234,19153,50997,545622,50780,17776,54132	Tjp2,Htra2,Synpo2,Dlg3,Shank3,Prx,Mpp2,Ptpn3,Rgs3,Mast2,Pdlim1
SM00409	IG	0.0246275250882649	-3.70389055552559	378	22	0.0599455040871935	367	9882	171285,192194,68481,116701,19649,17967,19268,14182,27028,69524,12478,98365,78908,12504,98733,18566,16177,237754,18596,12518,16456,16768	Havcr2,Btnl10,Mpzl1,Fgfrl1,Robo3,Ncam1,Ptprf,Fgfr1,Ermap,Esam,Cd19,Slamf9,Igsf3,Cd4,Obsl1,Pdcd1,Il1r1,Btnl9,Pdgfrb,Cd79a,F11r,Lag3
SM01057	Carb_anhydrase	0.0273900422907996	-3.59757575168499	18	3	0.00817438692098093	367	9882	12349,12350,12346	Car2,Car3,Car1
SM00382	AAA	0.031286662539946	-3.46456338918428	137	10	0.0272479564032698	367	9882	23834,18670,60530,108888,18392,26357,214901,192663,19299,11304	Cdc6,Abcb4,Fignl1,Atad3a,Orc1,Abcg2,Chtf18,Abcg4,Abcd3,Abca4
SM00357	CSP	0.0332039074107896	-3.40508771688891	8	2	0.00544959128065395	367	9882	52502,56449	Carhsp1,Ybx3
SM00262	GEL	0.0332039074107896	-3.40508771688891	8	2	0.00544959128065395	367	9882	227753,20259	Gsn,Scin
SM00063	FRI	0.0362405988118051	-3.31757527443932	20	3	0.00817438692098093	367	9882	20379,14370,319757	Sfrp4,Fzd8,Smo
SM00157	PRP	0.0371382311272199	-3.29310835135334	1	1	0.00272479564032698	367	9882	19122	Prnp
SM01033	BING4CT	0.0371382311272199	-3.29310835135334	1	1	0.00272479564032698	367	9882	57315	Wdr46
SM01280	Mcm10	0.0371382311272199	-3.29310835135334	1	1	0.00272479564032698	367	9882	70024	Mcm10
SM00017	OSTEO	0.0371382311272199	-3.29310835135334	1	1	0.00272479564032698	367	9882	20750	Spp1
SM01004	ALAD	0.0371382311272199	-3.29310835135334	1	1	0.00272479564032698	367	9882	17025	Alad
SM01404	CIMR	0.0371382311272199	-3.29310835135334	1	1	0.00272479564032698	367	9882	16004	Igf2r
SM00026	EPEND	0.0371382311272199	-3.29310835135334	1	1	0.00272479564032698	367	9882	105298	Epdr1
SM00798	AICARFT_IMPCHas	0.0371382311272199	-3.29310835135334	1	1	0.00272479564032698	367	9882	108147	Atic
SM00141	PDGF	0.0416590103178647	-3.17823759960373	9	2	0.00544959128065395	367	9882	22340,18591	Vegfb,Pdgfb
SM00645	Pept_C1	0.0519131969088263	-2.95818224543295	23	3	0.00817438692098093	367	9882	94242,13041,13039	Tinagl1,Ctsw,Ctsl
SM01411	Ephrin_rec_like	0.0577532409816729	-2.85157581026018	24	3	0.00817438692098093	367	9882	13836,268935,13844	Epha2,Scube3,Ephb2
SM01330	Frizzled	0.0606211803157849	-2.80311093680985	11	2	0.00544959128065395	367	9882	14370,319757	Fzd8,Smo
SM01196	FERM_C	0.0638889548579682	-2.75060878296204	25	3	0.00817438692098093	367	9882	19250,545622,54357	Ptpn14,Ptpn3,Epb41l4b
SM00072	GuKc	0.0638889548579682	-2.75060878296204	25	3	0.00817438692098093	367	9882	50997,53310,21873	Mpp2,Dlg3,Tjp2
SM00284	OLF	0.0710045098501252	-2.64501188494222	12	2	0.00544959128065395	367	9882	330814,99633	Adgrl1,Adgrl2
SM00401	ZnF_GATA	0.0710045098501252	-2.64501188494222	12	2	0.00544959128065395	367	9882	14460,14461	Gata1,Gata2
SM00126	IL6	0.0729008330050925	-2.61865521335116	2	1	0.00272479564032698	367	9882	16193	Il6
SM01281	Med12	0.0729008330050925	-2.61865521335116	2	1	0.00272479564032698	367	9882	329650	Med12l
SM00469	WIF	0.0729008330050925	-2.61865521335116	2	1	0.00272479564032698	367	9882	20187	Ryk
SM00059	FN2	0.0819128875450711	-2.50209894341977	13	2	0.00544959128065395	367	9882	16004,54426	Igf2r,Hgfac
SM00303	GPS	0.0912120952104681	-2.39456776777369	29	3	0.00817438692098093	367	9882	99633,14766,330814	Adgrl2,Adgrg1,Adgrl1
SM00235	ZnMc	0.0912120952104681	-2.39456776777369	29	3	0.00817438692098093	367	9882	17387,17394,12153	Mmp14,Mmp8,Bmp1
SM00294	4.1m	0.093293235780641	-2.37200767342865	14	2	0.00544959128065395	367	9882	15529,20970	Sdc2,Sdc3
SM00615	EPH_lbd	0.093293235780641	-2.37200767342865	14	2	0.00544959128065395	367	9882	13844,13836	Ephb2,Epha2
SM00295	B41	0.0959256603171402	-2.34418175919139	47	4	0.0108991825613079	367	9882	19250,54357,545622,17909	Ptpn14,Epb41l4b,Ptpn3,Myo10
SM01117	Cyt-b5	0.10509567638726	-2.25288414003049	15	2	0.00544959128065395	367	9882	60527,56473	Fads3,Fads2
SM00498	FH2	0.10509567638726	-2.25288414003049	15	2	0.00544959128065395	367	9882	229474,208846	Fhdc1,Daam1
SM00630	Sema	0.106405281251677	-2.24050006748237	31	3	0.00817438692098093	367	9882	20354,20351,20361	Sema4d,Sema4a,Sema7a
SM01084	CKS	0.107338625949109	-2.23176671323668	3	1	0.00272479564032698	367	9882	66197	Cks2
SM00006	A4_EXTRA	0.107338625949109	-2.23176671323668	3	1	0.00272479564032698	367	9882	11804	Aplp2
SM00851	MGS	0.107338625949109	-2.23176671323668	3	1	0.00272479564032698	367	9882	108147	Atic
SM00735	ZM	0.107338625949109	-2.23176671323668	3	1	0.00272479564032698	367	9882	54132	Pdlim1
SM00151	SWIB	0.107338625949109	-2.23176671323668	3	1	0.00272479564032698	367	9882	83797	Smarcd1
SM00553	SEP	0.107338625949109	-2.23176671323668	3	1	0.00272479564032698	367	9882	68053	Ubxn2b
SM00722	CASH	0.107338625949109	-2.23176671323668	3	1	0.00272479564032698	367	9882	269529	Fbxo10
SM00207	TNF	0.117273367239401	-2.14324759735952	16	2	0.00544959128065395	367	9882	22164,16994	Tnfsf4,Ltb
SM00216	VWD	0.129782346579873	-2.04189648873919	17	2	0.00544959128065395	367	9882	71733,22371	Susd2,Vwf
SM00563	PlsC	0.129782346579873	-2.04189648873919	17	2	0.00544959128065395	367	9882	68262,28169	Agpat4,Agpat3
SM00589	PRY	0.130872556659736	-2.03353127923229	34	3	0.00817438692098093	367	9882	19824,237754,27028	Trim10,Btnl9,Ermap
SM01277	MAGUK_N_PEST	0.140500557749286	-1.96254382047041	4	1	0.00272479564032698	367	9882	53310	Dlg3
SM00483	POLXc	0.140500557749286	-1.96254382047041	4	1	0.00272479564032698	367	9882	21673	Dntt
SM00527	HMG17	0.140500557749286	-1.96254382047041	4	1	0.00272479564032698	367	9882	15312	Hmgn1
SM00750	KIND	0.140500557749286	-1.96254382047041	4	1	0.00272479564032698	367	9882	68166	Spire1
SM01007	Aldolase_II	0.140500557749286	-1.96254382047041	4	1	0.00272479564032698	367	9882	11519	Add2
SM00723	AMOP	0.140500557749286	-1.96254382047041	4	1	0.00272479564032698	367	9882	71733	Susd2
SM00644	Ami_2	0.140500557749286	-1.96254382047041	4	1	0.00272479564032698	367	9882	57757	Pglyrp2
SM00392	PROF	0.140500557749286	-1.96254382047041	4	1	0.00272479564032698	367	9882	382562	Pfn4
SM00701	PGRP	0.140500557749286	-1.96254382047041	4	1	0.00272479564032698	367	9882	57757	Pglyrp2
SM00058	FN1	0.140500557749286	-1.96254382047041	4	1	0.00272479564032698	367	9882	54426	Hgfac
SM00037	CNX	0.142581384617716	-1.94784232217614	18	2	0.00544959128065395	367	9882	14609,14620	Gja1,Gjb3
SM00233	PH	0.144969470990699	-1.93123210362098	252	13	0.0354223433242507	367	9882	20741,106952,64291,27280,22113,236915,102693,54519,17909,224860,71720,19159,14783	Sptb,Arap3,Osbpl1a,Phlda3,Phlda2,Arhgef9,Phldb1,Apbb1ip,Myo10,Plcl2,Osbpl3,Cyth3,Grb10
SM00131	KU	0.155631842141911	-1.86026204715911	19	2	0.00544959128065395	367	9882	20732,11804	Spint1,Aplp2
SM00191	Int_alpha	0.155631842141911	-1.86026204715911	19	2	0.00544959128065395	367	9882	16411,16399	Itgax,Itga2b
SM00848	Inhibitor_I29	0.155631842141911	-1.86026204715911	19	2	0.00544959128065395	367	9882	13039,13041	Ctsl,Ctsw
SM00292	BRCT	0.155631842141911	-1.86026204715911	19	2	0.00544959128065395	367	9882	21673,12021	Dntt,Bard1
SM01089	Connexin_CCC	0.155631842141911	-1.86026204715911	19	2	0.00544959128065395	367	9882	14609,14620	Gja1,Gjb3
SM00194	PTPc	0.15708834997965	-1.850946893188	37	3	0.00817438692098093	367	9882	19250,545622,19268	Ptpn14,Ptpn3,Ptprf
SM00322	KH	0.15708834997965	-1.850946893188	37	3	0.00817438692098093	367	9882	71701,66249,72640	Pnpt1,Pno1,Mex3a
SM00044	CYCc	0.168897535845767	-1.77846304470189	20	2	0.00544959128065395	367	9882	54195,60596	Gucy1b1,Gucy1a1
SM00331	PP2C_SIG	0.172433772500848	-1.75774204376108	5	1	0.00272479564032698	367	9882	242083	Ppm1l
SM00264	BAG	0.172433772500848	-1.75774204376108	5	1	0.00272479564032698	367	9882	213539	Bag2
SM00879	Brix	0.172433772500848	-1.75774204376108	5	1	0.00272479564032698	367	9882	235036	Ppan
SM00673	CARP	0.172433772500848	-1.75774204376108	5	1	0.00272479564032698	367	9882	67252	Cap2
SM00765	MANEC	0.172433772500848	-1.75774204376108	5	1	0.00272479564032698	367	9882	20732	Spint1
SM00134	LU	0.182344610009454	-1.70185692065373	21	2	0.00544959128065395	367	9882	333883,17068	Cd59b,Ly6d
SM00423	PSI	0.184753294868197	-1.68873388511422	40	3	0.00817438692098093	367	9882	20354,20351,20361	Sema4d,Sema4a,Sema7a
SM00060	FN3	0.189744784062337	-1.66207535155674	149	8	0.0217983651226158	367	9882	50931,19268,13844,17480,19649,17967,13836,13857	Il27ra,Ptprf,Ephb2,Mpl,Robo3,Ncam1,Epha2,Epor
SM00454	SAM	0.195033434284629	-1.63458427724572	83	5	0.0136239782016349	367	9882	13844,106952,58234,67742,13836	Ephb2,Arap3,Shank3,Samsn1,Epha2
SM00186	FBG	0.195941414287527	-1.62993957112942	22	2	0.00544959128065395	367	9882	11600,57875	Angpt1,Angptl4
SM00915	Jacalin	0.203183676879133	-1.59364489682369	6	1	0.00272479564032698	367	9882	69036	Zg16
SM01400	Pribosyltran_N	0.203183676879133	-1.59364489682369	6	1	0.00272479564032698	367	9882	19139	Prps1
SM00517	PolyA	0.203183676879133	-1.59364489682369	6	1	0.00272479564032698	367	9882	230721	Pabpc4
SM00665	B561	0.203183676879133	-1.59364489682369	6	1	0.00272479564032698	367	9882	13056	Cyb561
SM01184	efhand_Ca_insen	0.203183676879133	-1.59364489682369	6	1	0.00272479564032698	367	9882	20739	Spta1
SM01329	Iso_dh	0.203183676879133	-1.59364489682369	6	1	0.00272479564032698	367	9882	67834	Idh3a
SM00710	PbH1	0.203183676879133	-1.59364489682369	6	1	0.00272479564032698	367	9882	269529	Fbxo10
SM00730	PSN	0.203183676879133	-1.59364489682369	6	1	0.00272479564032698	367	9882	73218	Sppl2b
SM00415	HSF	0.203183676879133	-1.59364489682369	6	1	0.00272479564032698	367	9882	15500	Hsf2
SM00020	Tryp_SPc	0.208888796527599	-1.56595324264957	153	8	0.0217983651226158	367	9882	15451,259277,328780,109901,14939,54426,235631,17228	Hpn,Klk8,Prss34,Cela1,Gzmb,Hgfac,Prss50,Cma1
SM00208	TNFR	0.209658387373365	-1.56227579961485	23	2	0.00544959128065395	367	9882	320100,21936	Relt,Tnfrsf18
SM00324	RhoGAP	0.213496992306823	-1.54413253396855	64	4	0.0108991825613079	367	9882	214137,214804,106952,18709	Arhgap29,Syde2,Arap3,Pik3r2
SM00361	RRM_1	0.223467946137184	-1.49848729294454	24	2	0.00544959128065395	367	9882	230721,20382	Pabpc4,Srsf2
SM00008	HormR	0.223467946137184	-1.49848729294454	24	2	0.00544959128065395	367	9882	99633,330814	Adgrl2,Adgrl1
SM00120	HX	0.223467946137184	-1.49848729294454	24	2	0.00544959128065395	367	9882	17394,17387	Mmp8,Mmp14
SM01243	IRF-3	0.232794003993489	-1.45760131949826	7	1	0.00272479564032698	367	9882	16364	Irf4
SM00077	ITAM	0.232794003993489	-1.45760131949826	7	1	0.00272479564032698	367	9882	12518	Cd79a
SM00328	BPI1	0.232794003993489	-1.45760131949826	7	1	0.00272479564032698	367	9882	270757	Bpifc
SM01203	DUF3585	0.261306874932688	-1.34205979630537	8	1	0.00272479564032698	367	9882	194401	Mical3
SM00153	VHP	0.261306874932688	-1.34205979630537	8	1	0.00272479564032698	367	9882	13829	Dmtn
SM00166	UBX	0.261306874932688	-1.34205979630537	8	1	0.00272479564032698	367	9882	68053	Ubxn2b
SM00503	SynN	0.261306874932688	-1.34205979630537	8	1	0.00272479564032698	367	9882	13852	Stx2
SM00329	BPI2	0.261306874932688	-1.34205979630537	8	1	0.00272479564032698	367	9882	270757	Bpifc
SM00577	CPDc	0.261306874932688	-1.34205979630537	8	1	0.00272479564032698	367	9882	79560	Ublcp1
SM00139	MyTH4	0.261306874932688	-1.34205979630537	8	1	0.00272479564032698	367	9882	17909	Myo10
SM00248	ANK	0.263574107788637	-1.33342070656275	212	10	0.0272479564032698	367	9882	237761,268445,11733,12021,58234,67122,243983,64291,56226,65256	Sowaha,Ankrd13b,Ank1,Bard1,Shank3,Nrarp,Zdhhc13,Osbpl1a,Espn,Asb2
SM00150	SPEC	0.279143844983017	-1.27602805660725	28	2	0.00544959128065395	367	9882	20739,20741	Spta1,Sptb
SM01140	Drf_GBD	0.28876285800832	-1.24214948823862	9	1	0.00272479564032698	367	9882	208846	Daam1
SM00316	S1	0.28876285800832	-1.24214948823862	9	1	0.00272479564032698	367	9882	71701	Pnpt1
SM00849	Lactamase_B	0.28876285800832	-1.24214948823862	9	1	0.00272479564032698	367	9882	212442	Lactb2
SM00348	IRF	0.28876285800832	-1.24214948823862	9	1	0.00272479564032698	367	9882	16364	Irf4
SM00273	ENTH	0.28876285800832	-1.24214948823862	9	1	0.00272479564032698	367	9882	13854	Epn1
SM00393	R3H	0.28876285800832	-1.24214948823862	9	1	0.00272479564032698	367	9882	77286	Nkrf
SM00727	STI1	0.28876285800832	-1.24214948823862	9	1	0.00272479564032698	367	9882	98766	Ubac1
SM01139	Drf_FH3	0.28876285800832	-1.24214948823862	9	1	0.00272479564032698	367	9882	208846	Daam1
SM00218	ZU5	0.28876285800832	-1.24214948823862	9	1	0.00272479564032698	367	9882	11733	Ank1
SM00314	RA	0.293064715335659	-1.22736182290082	29	2	0.00544959128065395	367	9882	54519,14783	Apbb1ip,Grb10
SM00451	ZnF_U1	0.293064715335659	-1.22736182290082	29	2	0.00544959128065395	367	9882	29813,22401	Zfp385a,Zmat3
SM00398	HMG	0.293990751684671	-1.22420696899309	51	3	0.00817438692098093	367	9882	20679,20667,15354	Sox6,Sox12,Hmgb3
SM00449	SPRY	0.295226987575189	-1.22001076910933	74	4	0.0108991825613079	367	9882	237754,66701,19824,27028	Btnl9,Spryd4,Trim10,Ermap
SM00015	IQ	0.304239189889884	-1.18994107809943	52	3	0.00817438692098093	367	9882	338367,77579,17909	Myo1d,Myh10,Myo10
SM01039	BRICHOS	0.315201025849351	-1.15454466640552	10	1	0.00272479564032698	367	9882	16431	Itm2a
SM01372	E2F_TDP	0.315201025849351	-1.15454466640552	10	1	0.00272479564032698	367	9882	104394	E2f4
SM00102	ADF	0.315201025849351	-1.15454466640552	10	1	0.00272479564032698	367	9882	56320	Dbn1
SM01373	MAGE	0.33454128978097	-1.09499496971929	32	2	0.00544959128065395	367	9882	94275,107528	Maged1,Magee1
SM00408	IGc2	0.340589792314663	-1.07707648091885	228	10	0.0272479564032698	367	9882	16456,98733,19268,14182,18596,69524,116701,19649,17967,20354	F11r,Obsl1,Ptprf,Fgfr1,Pdgfrb,Esam,Fgfrl1,Robo3,Ncam1,Sema4d
SM00461	WH1	0.340659010400469	-1.07687327150177	11	1	0.00272479564032698	367	9882	26557	Homer2
SM00038	COLFI	0.340659010400469	-1.07687327150177	11	1	0.00272479564032698	367	9882	12831	Col5a1
SM00460	TGc	0.340659010400469	-1.07687327150177	11	1	0.00272479564032698	367	9882	13828	Epb42
SM00439	BAH	0.340659010400469	-1.07687327150177	11	1	0.00272479564032698	367	9882	18392	Orc1
SM00320	WD40	0.353519281405812	-1.03981725084498	256	11	0.0299727520435967	367	9882	21886,67936,101612,27966,216156,57315,73674,72515,14696,57773,252875	Tle2,Wdr55,Grwd1,Rrp9,Wdr18,Wdr46,Wdr75,Wdr43,Gnb4,Wdr4,Mios
SM00315	RGS	0.361805145001145	-1.01664948555504	34	2	0.00544959128065395	367	9882	50778,50780	Rgs1,Rgs3
SM00523	DWA	0.365173055914944	-1.0073839119674	12	1	0.00272479564032698	367	9882	18027	Nfia
SM00391	MBD	0.365173055914944	-1.0073839119674	12	1	0.00272479564032698	367	9882	17191	Mbd2
SM00246	WH2	0.365173055914944	-1.0073839119674	12	1	0.00272479564032698	367	9882	56226	Espn
SM00335	ANX	0.365173055914944	-1.0073839119674	12	1	0.00272479564032698	367	9882	11746	Anxa4
SM00457	MACPF	0.388778069935754	-0.944746612472874	13	1	0.00272479564032698	367	9882	18646	Prf1
SM01189	ELM2	0.388778069935754	-0.944746612472874	13	1	0.00272479564032698	367	9882	104383	Rcor2
SM00569	L27	0.388778069935754	-0.944746612472874	13	1	0.00272479564032698	367	9882	50997	Mpp2
SM00479	EXOIII	0.388778069935754	-0.944746612472874	13	1	0.00272479564032698	367	9882	71151	Eri2
SM00698	MORN	0.388778069935754	-0.944746612472874	13	1	0.00272479564032698	367	9882	235633	Als2cl
SM01195	FA	0.388778069935754	-0.944746612472874	13	1	0.00272479564032698	367	9882	54357	Epb41l4b
SM00404	PTPc_motif	0.396287494569185	-0.925615334748722	61	3	0.00817438692098093	367	9882	545622,19250,19268	Ptpn3,Ptpn14,Ptprf
SM00234	START	0.411507672562122	-0.887927613687385	14	1	0.00272479564032698	367	9882	56018	Stard10
SM00046	DAGKc	0.411507672562122	-0.887927613687385	14	1	0.00272479564032698	367	9882	20698	Sphk1
SM00832	C8	0.411507672562122	-0.887927613687385	14	1	0.00272479564032698	367	9882	22371	Vwf
SM00135	LY	0.411507672562122	-0.887927613687385	14	1	0.00272479564032698	367	9882	22359	Vldlr
SM00241	ZP	0.411507672562122	-0.887927613687385	14	1	0.00272479564032698	367	9882	21814	Tgfbr3
SM00149	PLCYc	0.433394243729927	-0.836107471624916	15	1	0.00272479564032698	367	9882	224860	Plcl2
SM00800	uDENN	0.433394243729927	-0.836107471624916	15	1	0.00272479564032698	367	9882	329727	Dennd2c
SM00130	KR	0.433394243729927	-0.836107471624916	15	1	0.00272479564032698	367	9882	54426	Hgfac
SM00185	ARM	0.453356151055398	-0.791077256976387	41	2	0.00544959128065395	367	9882	227937,16647	Pkp4,Kpna2
SM00831	Cation_ATPase_N	0.454468968820123	-0.788625643118747	16	1	0.00272479564032698	367	9882	11944	Atp4a
SM00643	C345C	0.454468968820123	-0.788625643118747	16	1	0.00272479564032698	367	9882	20379	Sfrp4
SM00275	G_alpha	0.454468968820123	-0.788625643118747	16	1	0.00272479564032698	367	9882	14675	Gna14
SM00358	DSRM	0.454468968820123	-0.788625643118747	16	1	0.00272479564032698	367	9882	29819	Stau2
SM00568	GRAM	0.454468968820123	-0.788625643118747	16	1	0.00272479564032698	367	9882	207798	Gramd1c
SM00799	DENN	0.454468968820123	-0.788625643118747	16	1	0.00272479564032698	367	9882	329727	Dennd2c
SM00801	dDENN	0.454468968820123	-0.788625643118747	16	1	0.00272479564032698	367	9882	329727	Dennd2c
SM00222	Sec7	0.454468968820123	-0.788625643118747	16	1	0.00272479564032698	367	9882	19159	Cyth3
SM00034	CLECT	0.469019395000891	-0.757111157444446	121	5	0.0136239782016349	367	9882	17059,435921,320407,12517,20256	Klrb1c,Clec2f,Klri2,Cd72,Clec11a
SM00239	C2	0.469019395000891	-0.757111157444446	121	5	0.0136239782016349	367	9882	234577,224860,18646,18750,50780	Cpne2,Plcl2,Prf1,Prkca,Rgs3
SM00061	MATH	0.474761882712733	-0.744941900192266	17	1	0.00272479564032698	367	9882	22032	Traf4
SM00179	EGF_CA	0.476232152108053	-0.741849829132068	122	5	0.0136239782016349	367	9882	268935,22359,268977,12153,70945	Scube3,Vldlr,Ltbp1,Bmp1,Mmrn1
SM00213	UBQ	0.478136380079639	-0.737859273210833	43	2	0.00544959128065395	367	9882	231655,79560	Oasl1,Ublcp1
SM00174	RHO	0.4834128185509	-0.726884293582126	123	5	0.0136239782016349	367	9882	66922,68939,223881,80718,58222	Rras2,Rasl11b,Rnd1,Rab27b,Rab37
SM00192	LDLa	0.490267237296491	-0.71280465430657	44	2	0.00544959128065395	367	9882	20732,22359	Spint1,Vldlr
SM00918	Lig_chan-Glu_bd	0.494301912021783	-0.704608790536339	18	1	0.00272479564032698	367	9882	14809	Grik5
SM00148	PLCXc	0.494301912021783	-0.704608790536339	18	1	0.00272479564032698	367	9882	224860	Plcl2
SM00079	PBPe	0.494301912021783	-0.704608790536339	18	1	0.00272479564032698	367	9882	14809	Grik5
SM00865	Tubulin_C	0.494301912021783	-0.704608790536339	18	1	0.00272479564032698	367	9882	227613	Tubb4b
SM01391	Filament	0.494320305684439	-0.704571579835773	71	3	0.00817438692098093	367	9882	380684,16905,18008	Nefh,Lmna,Nes
SM00327	VWA	0.494320305684439	-0.704571579835773	71	3	0.00817438692098093	367	9882	16411,22371,234577	Itgax,Vwf,Cpne2
SM00339	FH	0.50221967340642	-0.68871765858067	45	2	0.00544959128065395	367	9882	17301,14106	Foxd2,Foxh1
SM00864	Tubulin	0.513116915893289	-0.667251553553311	19	1	0.00272479564032698	367	9882	227613	Tubb4b
SM00399	ZnF_C4	0.525575767308267	-0.643260917691439	47	2	0.00544959128065395	367	9882	15370,13864	Nr4a1,Nr2f6
SM00271	DnaJ	0.525575767308267	-0.643260917691439	47	2	0.00544959128065395	367	9882	67035,56812	Dnajb4,Dnajb2
SM00443	G_patch	0.531233725377716	-0.632553193795881	20	1	0.00272479564032698	367	9882	77286	Nkrf
SM00041	CT	0.531233725377716	-0.632553193795881	20	1	0.00272479564032698	367	9882	22371	Vwf
SM00253	SOCS	0.531233725377716	-0.632553193795881	20	1	0.00272479564032698	367	9882	65256	Asb2
SM00332	PP2Cc	0.531233725377716	-0.632553193795881	20	1	0.00272479564032698	367	9882	242083	Ppm1l
SM00397	t_SNARE	0.531233725377716	-0.632553193795881	20	1	0.00272479564032698	367	9882	13852	Stx2
SM00215	VWC_out	0.531233725377716	-0.632553193795881	20	1	0.00272479564032698	367	9882	22371	Vwf
SM00173	RAS	0.539492813049575	-0.617125815874857	131	5	0.0136239782016349	367	9882	66922,223881,68939,80718,58222	Rras2,Rnd1,Rasl11b,Rab27b,Rab37
SM00430	HOLI	0.548182482799196	-0.601147049656836	49	2	0.00544959128065395	367	9882	15370,13864	Nr4a1,Nr2f6
SM00042	CUB	0.559199852080943	-0.58124835258163	50	2	0.00544959128065395	367	9882	268935,12153	Scube3,Bmp1
SM00240	FHA	0.565475170030727	-0.570088892381587	22	1	0.00272479564032698	367	9882	217882	Cep170b
SM00343	ZnF_C2HC	0.565475170030727	-0.570088892381587	22	1	0.00272479564032698	367	9882	67917	Zcchc3
SM00442	FGF	0.565475170030727	-0.570088892381587	22	1	0.00272479564032698	367	9882	14174	Fgf3
SM00210	TSPN	0.565475170030727	-0.570088892381587	22	1	0.00272479564032698	367	9882	12831	Col5a1
SM00667	LisH	0.565475170030727	-0.570088892381587	22	1	0.00272479564032698	367	9882	21453	Tcof1
SM00338	BRLZ	0.570024713327486	-0.562075562378529	51	2	0.00544959128065395	367	9882	16476,16478	Jun,Jund
SM00092	RNAse_Pc	0.581648660164901	-0.541888690229448	23	1	0.00272479564032698	367	9882	78416	Rnase6
SM00255	TIR	0.581648660164901	-0.541888690229448	23	1	0.00272479564032698	367	9882	16177	Il1r1
SM00458	RICIN	0.581648660164901	-0.541888690229448	23	1	0.00272479564032698	367	9882	207839	Galnt6
SM00105	ArfGap	0.581648660164901	-0.541888690229448	23	1	0.00272479564032698	367	9882	106952	Arap3
SM00353	HLH	0.588070217068997	-0.530908921429118	110	4	0.0108991825613079	367	9882	21413,15903,18109,17869	Tcf4,Id3,Mycn,Myc
SM00032	CCP	0.591093516336977	-0.52578104002101	53	2	0.00544959128065395	367	9882	13136,71733	Cd55,Susd2
SM00256	FBOX	0.591093516336977	-0.52578104002101	53	2	0.00544959128065395	367	9882	269529,12449	Fbxo10,Ccnf
SM00176	RAN	0.59220284386037	-0.523906061130348	82	3	0.00817438692098093	367	9882	58222,80718,66922	Rab37,Rab27b,Rras2
SM00091	PAS	0.597221734685432	-0.515466819663498	24	1	0.00272479564032698	367	9882	18627	Per2
SM00612	Kelch	0.611385299233751	-0.492027914247332	55	2	0.00544959128065395	367	9882	240756,246293	Klhl12,Klhl8
SM00364	LRR_BAC	0.621239967377503	-0.476037850792235	56	2	0.00544959128065395	367	9882	14723,52065	Gp1ba,Mfhas1
SM00413	ETS	0.62665473938942	-0.467359544896602	26	1	0.00272479564032698	367	9882	272382	Spib
SM00043	CY	0.62665473938942	-0.467359544896602	26	1	0.00272479564032698	367	9882	20862	Stfa2
SM00225	BTB	0.628108277469835	-0.465042711022689	202	7	0.0190735694822888	367	9882	241794,71330,72147,246293,240444,233529,240756	Kcng1,Rcbtb1,Zbtb46,Klhl8,Kcng2,Kctd14,Klhl12
SM00875	BACK	0.63090109066744	-0.460606178858349	57	2	0.00544959128065395	367	9882	246293,240756	Klhl8,Klhl12
SM00336	BBOX	0.640369412921988	-0.445710061458097	58	2	0.00544959128065395	367	9882	19824,217333	Trim10,Trim47
SM00407	IGc1	0.640369412921988	-0.445710061458097	58	2	0.00544959128065395	367	9882	16136,12480	Igll1,Cd1d2
SM00429	IPT	0.640556698649666	-0.445417639081318	27	1	0.00272479564032698	367	9882	18019	Nfatc2
SM00005	DEATH	0.640556698649666	-0.445417639081318	27	1	0.00272479564032698	367	9882	11733	Ank1
SM00181	EGF	0.647829388357388	-0.434127906868579	177	6	0.0163487738419619	367	9882	268935,54426,268977,22359,70945,12153	Scube3,Hgfac,Ltbp1,Vldlr,Mmrn1,Bmp1
SM00175	RAB	0.648100655474862	-0.433709262169775	148	5	0.0136239782016349	367	9882	68939,223881,66922,58222,80718	Rasl11b,Rnd1,Rras2,Rab37,Rab27b
SM00202	SR	0.653942359905353	-0.424736066110325	28	1	0.00272479564032698	367	9882	15451	Hpn
SM00558	JmjC	0.66683084719934	-0.405218867628829	29	1	0.00272479564032698	367	9882	433466	Jmjd7
SM00093	SERPIN	0.676336620229802	-0.391064367959748	62	2	0.00544959128065395	367	9882	20708,20720	Serpinb6b,Serpine2
SM00298	CHROMO	0.679240578172421	-0.386779901699492	30	1	0.00272479564032698	367	9882	494448	Cbx6
SM00165	UBA	0.691189289871054	-0.36934155659056	31	1	0.00272479564032698	367	9882	98766	Ubac1
SM00033	CH	0.693196782271219	-0.366441362999095	64	2	0.00544959128065395	367	9882	20741,194401	Sptb,Mical3
SM00109	C1	0.693196782271219	-0.366441362999095	64	2	0.00544959128065395	367	9882	18750,214137	Prkca,Arhgap29
SM00325	RhoGEF	0.701352091069786	-0.354745248328372	65	2	0.00544959128065395	367	9882	236915,52666	Arhgef9,Arhgef25
SM00214	VWC	0.724436993846324	-0.322360486018503	34	1	0.00272479564032698	367	9882	22371	Vwf
SM00969	SOCS_box	0.734706248841776	-0.30828452109498	35	1	0.00272479564032698	367	9882	65256	Asb2
SM00204	TGFB	0.734706248841776	-0.30828452109498	35	1	0.00272479564032698	367	9882	13590	Lefty1
SM00195	DSPc	0.744593809184986	-0.294916431860939	36	1	0.00272479564032698	367	9882	75219	Dusp18
SM00317	SET	0.744593809184986	-0.294916431860939	36	1	0.00272479564032698	367	9882	232187	Smyd5
SM00177	ARF	0.788783522185313	-0.237263365636407	41	1	0.00272479564032698	367	9882	58222	Rab37
SM00368	LRR_RI	0.788783522185313	-0.237263365636407	41	1	0.00272479564032698	367	9882	208518	Cep78
SM00212	UBCc	0.788783522185313	-0.237263365636407	41	1	0.00272479564032698	367	9882	56228	Ube2j1
SM00312	PX	0.796660409434517	-0.227326777021831	42	1	0.00272479564032698	367	9882	66696	Snx31
SM00717	SANT	0.804244314901162	-0.217852181708425	43	1	0.00272479564032698	367	9882	104383	Rcor2
SM00133	S_TK_X	0.818576253627216	-0.200188723862527	45	1	0.00272479564032698	367	9882	18750	Prkca
SM00356	ZnF_C3H1	0.825344832971234	-0.191954000617423	46	1	0.00272479564032698	367	9882	12192	Zfp36l1
SM00365	LRR_SD22	0.871169625622384	-0.137918572959265	54	1	0.00272479564032698	367	9882	52065	Mfhas1
SM00054	EFh	0.905144139754054	-0.0996610775179334	143	3	0.00817438692098093	367	9882	14299,52377,13858	Ncs1,Rcn3,Eps15
SM00209	TSP1	0.908545816795543	-0.0959099611621111	63	1	0.00272479564032698	367	9882	100689	Spon2
SM00490	HELICc	0.909062900382816	-0.0953409898578526	106	2	0.00544959128065395	367	9882	56200,338359	Ddx21,Supv3l1
SM01381	7TM_GPCR_Srsx	0.919281095446547	-0.0841633323981158	186	4	0.0108991825613079	367	9882	11540,11607,20606,80910	Adora2a,Agtr1a,Sstr2,Gpr84
SM00184	RING	0.930202768890173	-0.0723526855354514	228	5	0.0136239782016349	367	9882	66889,72640,19824,22032,217333	Rnf128,Mex3a,Trim10,Traf4,Trim47
SM00112	CA	0.935267729894738	-0.0669224485481252	117	2	0.00544959128065395	367	9882	65945,232370	Clstn1,Clstn3
SM00028	TPR	0.937258240427277	-0.0647964312711019	118	2	0.00544959128065395	367	9882	230603,225608	Ttc39a,Sh3tc2
SM00360	RRM	0.941627247309375	-0.0601457862102932	199	4	0.0108991825613079	367	9882	20382,71973,230721,170826	Srsf2,Rbpms2,Pabpc4,Ppargc1b
SM00082	LRRCT	0.942114795110806	-0.0596281486555347	75	1	0.00272479564032698	367	9882	14723	Gp1ba
SM00220	S_TKc	0.960133600505672	-0.0406828370097019	359	8	0.0217983651226158	367	9882	17347,13143,12545,18750,55984,228775,18817,17776	Mknk2,Dapk2,Cdc7,Prkca,Camkk1,Trib3,Plk1,Mast2
SM00369	LRR_TYP	0.960801969995626	-0.0399869578483304	175	3	0.00817438692098093	367	9882	231296,52065,14723	Lrrc66,Mfhas1,Gp1ba
SM00249	PHD	0.966075596137343	-0.0345131909605731	89	1	0.00272479564032698	367	9882	72057	Phf10
SM00487	DEXDc	0.983592646929094	-0.0165434443399686	108	1	0.00272479564032698	367	9882	56200	Ddx21
SM00389	HOX	0.985817433212535	-0.0142841005372045	252	4	0.0108991825613079	367	9882	15405,20471,15404,17268	Hoxa9,Six1,Hoxa7,Meis1
SM00355	ZnF_C2H2	0.998709187053298	-0.00129164676334535	620	11	0.0299727520435967	367	9882	29813,13653,14025,22685,67778,195522,16600,72147,230761,16596,22401	Zfp385a,Egr1,Bcl11a,Zfp239,Zfp639,Zfp691,Klf4,Zbtb46,Zfp362,Klf1,Zmat3
SM00963	SRP54_N	0.999999999975245	-2.47552173055746e-11	3	0	0	367	9882
SM01300	PEHE	0.999999999975245	-2.47552173055746e-11	3	0	0	367	9882
SM00758	PA14	0.999999999975245	-2.47552173055746e-11	3	0	0	367	9882
SM01403	Ribosomal_S10	0.999999999975245	-2.47552173055746e-11	3	0	0	367	9882
SM00309	PAH	0.999999999975245	-2.47552173055746e-11	3	0	0	367	9882
SM00803	TAF	0.999999999975245	-2.47552173055746e-11	3	0	0	367	9882
SM01257	KRAP_IP3R_bind	0.999999999975245	-2.47552173055746e-11	3	0	0	367	9882
SM00981	THUMP	0.999999999975245	-2.47552173055746e-11	3	0	0	367	9882
SM00478	ENDO3c	0.999999999975245	-2.47552173055746e-11	3	0	0	367	9882
SM00183	NAT_PEP	0.999999999975245	-2.47552173055746e-11	3	0	0	367	9882
SM00278	HhH1	0.999999999975245	-2.47552173055746e-11	3	0	0	367	9882
SM00997	AdoHcyase_NAD	0.999999999975245	-2.47552173055746e-11	3	0	0	367	9882
SM00143	PI3K_p85B	0.999999999975245	-2.47552173055746e-11	3	0	0	367	9882
SM01424	HAP1_N	0.999999999975245	-2.47552173055746e-11	3	0	0	367	9882
SM00960	Robl_LC7	0.999999999975245	-2.47552173055746e-11	3	0	0	367	9882
SM01200	FerA	0.999999999975245	-2.47552173055746e-11	3	0	0	367	9882
SM00272	END	0.999999999975245	-2.47552173055746e-11	3	0	0	367	9882
SM00300	ChSh	0.999999999975245	-2.47552173055746e-11	3	0	0	367	9882
SM01275	MamL-1	0.999999999975245	-2.47552173055746e-11	3	0	0	367	9882
SM00672	CAP10	0.999999999975245	-2.47552173055746e-11	3	0	0	367	9882
SM01334	DUF3454	0.999999999975245	-2.47552173055746e-11	3	0	0	367	9882
SM01065	CBM_2	0.999999999975245	-2.47552173055746e-11	3	0	0	367	9882
SM01305	RESP18	0.999999999975245	-2.47552173055746e-11	3	0	0	367	9882
SM01147	DUF1087	0.999999999975245	-2.47552173055746e-11	3	0	0	367	9882
SM00836	DALR_1	0.999999999975245	-2.47552173055746e-11	3	0	0	367	9882
SM01370	TAFII55_N	0.999999999975245	-2.47552173055746e-11	3	0	0	367	9882
SM01279	Matrilin_ccoil	0.999999999975245	-2.47552173055746e-11	3	0	0	367	9882
SM00882	CoA_trans	0.999999999975245	-2.47552173055746e-11	3	0	0	367	9882
SM00962	SRP54	0.999999999975245	-2.47552173055746e-11	3	0	0	367	9882
SM00576	BTP	0.999999999975245	-2.47552173055746e-11	3	0	0	367	9882
SM00650	rADc	0.999999999975245	-2.47552173055746e-11	3	0	0	367	9882
SM00459	Sorb	0.999999999975245	-2.47552173055746e-11	3	0	0	367	9882
SM00736	CADG	0.999999999975245	-2.47552173055746e-11	3	0	0	367	9882
SM01366	c-clamp	0.999999999975245	-2.47552173055746e-11	3	0	0	367	9882
SM00305	HintC	0.999999999975245	-2.47552173055746e-11	3	0	0	367	9882
SM00682	G2F	0.999999999975245	-2.47552173055746e-11	3	0	0	367	9882
SM01051	CAMSAP_CKK	0.999999999975245	-2.47552173055746e-11	3	0	0	367	9882
SM00773	WGR	0.999999999975245	-2.47552173055746e-11	3	0	0	367	9882
SM00482	POLAc	0.999999999975245	-2.47552173055746e-11	3	0	0	367	9882
SM00090	RIO	0.999999999975245	-2.47552173055746e-11	3	0	0	367	9882
SM00311	PWI	0.999999999975245	-2.47552173055746e-11	3	0	0	367	9882
SM00919	Malic_M	0.999999999975245	-2.47552173055746e-11	3	0	0	367	9882
SM00473	PAN_AP	0.999999999975245	-2.47552173055746e-11	3	0	0	367	9882
SM00438	ZnF_NFX	0.999999999975245	-2.47552173055746e-11	3	0	0	367	9882
SM00704	ZnF_CDGSH	0.999999999975245	-2.47552173055746e-11	3	0	0	367	9882
SM00306	HintN	0.999999999975245	-2.47552173055746e-11	3	0	0	367	9882
SM01146	DUF1086	0.999999999975245	-2.47552173055746e-11	3	0	0	367	9882
SM00162	SAPA	0.999999999975245	-2.47552173055746e-11	3	0	0	367	9882
SM00265	BH4	0.999999999975245	-2.47552173055746e-11	3	0	0	367	9882
SM01368	RB_A	0.999999999975245	-2.47552173055746e-11	3	0	0	367	9882
SM01271	LSM14	0.999999999975245	-2.47552173055746e-11	3	0	0	367	9882
SM01232	H2TH	0.999999999975245	-2.47552173055746e-11	3	0	0	367	9882
SM00002	PLP	0.999999999975245	-2.47552173055746e-11	3	0	0	367	9882
SM01299	PIP49_N	0.999999999975245	-2.47552173055746e-11	3	0	0	367	9882
SM01367	DUF3452	0.999999999975245	-2.47552173055746e-11	3	0	0	367	9882
SM00113	CALCITONIN	0.999999999975245	-2.47552173055746e-11	3	0	0	367	9882
SM00706	TECPR	0.999999999975245	-2.47552173055746e-11	3	0	0	367	9882
SM00751	BSD	0.999999999975245	-2.47552173055746e-11	3	0	0	367	9882
SM01199	FDF	0.999999999975245	-2.47552173055746e-11	3	0	0	367	9882
SM00985	UBA_e1_C	0.999999999975245	-2.47552173055746e-11	3	0	0	367	9882
SM01073	CDC48_N	0.999999999975245	-2.47552173055746e-11	3	0	0	367	9882
SM00444	GYF	0.999999999975245	-2.47552173055746e-11	3	0	0	367	9882
SM01246	Josephin	0.999999999975245	-2.47552173055746e-11	3	0	0	367	9882
SM01151	DUF1518	0.999999999975245	-2.47552173055746e-11	3	0	0	367	9882
SM00594	UAS	0.999999999975245	-2.47552173055746e-11	3	0	0	367	9882
SM01401	Sds3	0.999999999975245	-2.47552173055746e-11	3	0	0	367	9882
SM00057	FIMAC	0.999999999975245	-2.47552173055746e-11	3	0	0	367	9882
SM01269	Lipid_DES	0.999999999975245	-2.47552173055746e-11	3	0	0	367	9882
SM00931	NOSIC	0.999999999975245	-2.47552173055746e-11	3	0	0	367	9882
SM00536	AXH	0.999999999975245	-2.47552173055746e-11	3	0	0	367	9882
SM00712	PUR	0.999999999975245	-2.47552173055746e-11	3	0	0	367	9882
SM00363	S4	0.999999999975245	-2.47552173055746e-11	3	0	0	367	9882
SM01276	M60-like	0.999999999975245	-2.47552173055746e-11	3	0	0	367	9882
SM01218	FoP_duplication	0.999999999975245	-2.47552173055746e-11	3	0	0	367	9882
SM00996	AdoHcyase	0.999999999975245	-2.47552173055746e-11	3	0	0	367	9882
SM00676	DM10	0.999999999975245	-2.47552173055746e-11	3	0	0	367	9882
SM01260	LANC_like	0.999999999975245	-2.47552173055746e-11	3	0	0	367	9882
SM01369	Rb_C	0.999999999975245	-2.47552173055746e-11	3	0	0	367	9882
SM01333	Tet_JBP	0.999999999975245	-2.47552173055746e-11	3	0	0	367	9882
SM01176	DUF4208	0.999999999975245	-2.47552173055746e-11	3	0	0	367	9882
SM01083	Cir_N	0.999999999975245	-2.47552173055746e-11	3	0	0	367	9882
SM01212	Fib_alpha	0.999999999975245	-2.47552173055746e-11	3	0	0	367	9882
SM00663	RPOLA_N	0.999999999975245	-2.47552173055746e-11	3	0	0	367	9882
SM00341	HRDC	0.999999999975245	-2.47552173055746e-11	3	0	0	367	9882
SM01274	malic	0.999999999975245	-2.47552173055746e-11	3	0	0	367	9882
SM00916	L51_S25_CI-B8	0.999999999975245	-2.47552173055746e-11	3	0	0	367	9882
SM00647	IBR	0.9999999999812	-1.88003988888152e-11	14	0	0	367	9882
SM00445	LINK	0.9999999999812	-1.88003988888152e-11	14	0	0	367	9882
SM00666	PB1	0.9999999999812	-1.88003988888152e-11	14	0	0	367	9882
SM00829	PKS_ER	0.9999999999812	-1.88003988888152e-11	14	0	0	367	9882
SM00502	BBC	0.9999999999812	-1.88003988888152e-11	14	0	0	367	9882
SM00198	SCP	0.9999999999812	-1.88003988888152e-11	14	0	0	367	9882
SM01175	DUF4206	0.999999999983014	-1.69856476717966e-11	5	0	0	367	9882
SM00678	WWE	0.999999999983014	-1.69856476717966e-11	5	0	0	367	9882
SM00872	Alpha-mann_mid	0.999999999983014	-1.69856476717966e-11	5	0	0	367	9882
SM00571	DDT	0.999999999983014	-1.69856476717966e-11	5	0	0	367	9882
SM00103	ALBUMIN	0.999999999983014	-1.69856476717966e-11	5	0	0	367	9882
SM01041	BRO1	0.999999999983014	-1.69856476717966e-11	5	0	0	367	9882
SM00584	TLDc	0.999999999983014	-1.69856476717966e-11	5	0	0	367	9882
SM01092	CO_deh_flav_C	0.999999999983014	-1.69856476717966e-11	5	0	0	367	9882
SM00614	ZnF_BED	0.999999999983014	-1.69856476717966e-11	5	0	0	367	9882
SM00878	Biotin_carb_C	0.999999999983014	-1.69856476717966e-11	5	0	0	367	9882
SM01015	Arfaptin	0.999999999983014	-1.69856476717966e-11	5	0	0	367	9882
SM00539	NIDO	0.999999999983014	-1.69856476717966e-11	5	0	0	367	9882
SM00533	MUTSd	0.999999999983014	-1.69856476717966e-11	5	0	0	367	9882
SM00321	WSC	0.999999999983014	-1.69856476717966e-11	5	0	0	367	9882
SM01202	FerI	0.999999999983014	-1.69856476717966e-11	5	0	0	367	9882
SM00664	DoH	0.999999999983014	-1.69856476717966e-11	5	0	0	367	9882
SM00891	ERCC4	0.999999999983014	-1.69856476717966e-11	5	0	0	367	9882
SM00642	Aamy	0.999999999983014	-1.69856476717966e-11	5	0	0	367	9882
SM00602	VPS10	0.999999999983014	-1.69856476717966e-11	5	0	0	367	9882
SM01408	ING	0.999999999983014	-1.69856476717966e-11	5	0	0	367	9882
SM00266	CAD	0.999999999983014	-1.69856476717966e-11	5	0	0	367	9882
SM01145	DUF1041	0.999999999983014	-1.69856476717966e-11	5	0	0	367	9882
SM01270	Longin	0.999999999983014	-1.69856476717966e-11	5	0	0	367	9882
SM00572	DZF	0.999999999983014	-1.69856476717966e-11	5	0	0	367	9882
SM01008	Ald_Xan_dh_C	0.999999999983014	-1.69856476717966e-11	5	0	0	367	9882
SM00446	LRRcap	0.999999999983014	-1.69856476717966e-11	5	0	0	367	9882
SM00991	WHEP-TRS	0.999999999983014	-1.69856476717966e-11	5	0	0	367	9882
SM00540	LEM	0.999999999983014	-1.69856476717966e-11	5	0	0	367	9882
SM00838	EFG_C	0.999999999983014	-1.69856476717966e-11	5	0	0	367	9882
SM00580	PUG	0.999999999983014	-1.69856476717966e-11	5	0	0	367	9882
SM00549	TAFH	0.999999999983014	-1.69856476717966e-11	5	0	0	367	9882
SM00428	H3	0.999999999983014	-1.69856476717966e-11	5	0	0	367	9882
SM00892	Endonuclease_NS	0.999999999983014	-1.69856476717966e-11	5	0	0	367	9882
SM00089	PKD	0.999999999983014	-1.69856476717966e-11	5	0	0	367	9882
SM01201	FerB	0.999999999983014	-1.69856476717966e-11	5	0	0	367	9882
SM00741	SapB	0.999999999983014	-1.69856476717966e-11	5	0	0	367	9882
SM00534	MUTSac	0.999999999983014	-1.69856476717966e-11	5	0	0	367	9882
SM00739	KOW	0.999999999983014	-1.69856476717966e-11	5	0	0	367	9882
SM00733	Mterf	0.999999999983014	-1.69856476717966e-11	5	0	0	367	9882
SM00588	NEUZ	0.999999999983014	-1.69856476717966e-11	5	0	0	367	9882
SM00570	AWS	0.999999999983014	-1.69856476717966e-11	5	0	0	367	9882
SM01163	DUF1785	0.999999999983014	-1.69856476717966e-11	5	0	0	367	9882
SM00160	RanBD	0.999999999983014	-1.69856476717966e-11	5	0	0	367	9882
SM01289	PYRIN	0.999999999984721	-1.52792754396477e-11	27	0	0	367	9882
SM00178	SAR	0.999999999984721	-1.52792754396477e-11	27	0	0	367	9882
SM00119	HECTc	0.999999999984721	-1.52792754396477e-11	27	0	0	367	9882
SM00129	KISc	0.999999999985039	-1.4961012438279e-11	41	0	0	367	9882
SM00567	EZ_HEAT	0.999999999985219	-1.47812664885727e-11	1	0	0	367	9882
SM01209	GARS_A	0.999999999985219	-1.47812664885727e-11	1	0	0	367	9882
SM01261	Thymopoietin	0.999999999985219	-1.47812664885727e-11	1	0	0	367	9882
SM00883	Cpn10	0.999999999985219	-1.47812664885727e-11	1	0	0	367	9882
SM01030	BHD_1	0.999999999985219	-1.47812664885727e-11	1	0	0	367	9882
SM01060	Catalase	0.999999999985219	-1.47812664885727e-11	1	0	0	367	9882
SM01409	RNA_pol_Rpb6	0.999999999985219	-1.47812664885727e-11	1	0	0	367	9882
SM01380	Ribosomal_L31e	0.999999999985219	-1.47812664885727e-11	1	0	0	367	9882
SM00780	PIG-X	0.999999999985219	-1.47812664885727e-11	1	0	0	367	9882
SM00826	PKS_DH	0.999999999985219	-1.47812664885727e-11	1	0	0	367	9882
SM00658	RPOL8c	0.999999999985219	-1.47812664885727e-11	1	0	0	367	9882
SM01124	DBR1	0.999999999985219	-1.47812664885727e-11	1	0	0	367	9882
SM00189	IL2	0.999999999985219	-1.47812664885727e-11	1	0	0	367	9882
SM01098	CPSF73-100_C	0.999999999985219	-1.47812664885727e-11	1	0	0	367	9882
SM01158	DUF1741	0.999999999985219	-1.47812664885727e-11	1	0	0	367	9882
SM01180	DWNN	0.999999999985219	-1.47812664885727e-11	1	0	0	367	9882
SM01414	P68HR	0.999999999985219	-1.47812664885727e-11	1	0	0	367	9882
SM01214	Fmp27_GFWDK	0.999999999985219	-1.47812664885727e-11	1	0	0	367	9882
SM01155	DUF1713	0.999999999985219	-1.47812664885727e-11	1	0	0	367	9882
SM00743	Agenet	0.999999999985219	-1.47812664885727e-11	1	0	0	367	9882
SM01378	Romo1	0.999999999985219	-1.47812664885727e-11	1	0	0	367	9882
SM01296	N2227	0.999999999985219	-1.47812664885727e-11	1	0	0	367	9882
SM01069	CDC37_C	0.999999999985219	-1.47812664885727e-11	1	0	0	367	9882
SM00731	SprT	0.999999999985219	-1.47812664885727e-11	1	0	0	367	9882
SM01331	DUF3635	0.999999999985219	-1.47812664885727e-11	1	0	0	367	9882
SM01001	AIRC	0.999999999985219	-1.47812664885727e-11	1	0	0	367	9882
SM00535	RIBOc	0.999999999985219	-1.47812664885727e-11	1	0	0	367	9882
SM00703	NRF	0.999999999985219	-1.47812664885727e-11	1	0	0	367	9882
SM00709	Zpr1	0.999999999985219	-1.47812664885727e-11	1	0	0	367	9882
SM01309	RICTOR_phospho	0.999999999985219	-1.47812664885727e-11	1	0	0	367	9882
SM01303	RasGEF_N_2	0.999999999985219	-1.47812664885727e-11	1	0	0	367	9882
SM01152	DUF167	0.999999999985219	-1.47812664885727e-11	1	0	0	367	9882
SM00928	NADH_4Fe-4S	0.999999999985219	-1.47812664885727e-11	1	0	0	367	9882
SM00030	CLb	0.999999999985219	-1.47812664885727e-11	1	0	0	367	9882
SM00226	LMWPc	0.999999999985219	-1.47812664885727e-11	1	0	0	367	9882
SM00203	TK	0.999999999985219	-1.47812664885727e-11	1	0	0	367	9882
SM00538	POP4	0.999999999985219	-1.47812664885727e-11	1	0	0	367	9882
SM00858	SAF	0.999999999985219	-1.47812664885727e-11	1	0	0	367	9882
SM01377	Ribosomal_L40e	0.999999999985219	-1.47812664885727e-11	1	0	0	367	9882
SM01018	B12-binding_2	0.999999999985219	-1.47812664885727e-11	1	0	0	367	9882
SM00998	ADSL_C	0.999999999985219	-1.47812664885727e-11	1	0	0	367	9882
SM00683	DM16	0.999999999985219	-1.47812664885727e-11	1	0	0	367	9882
SM01278	MAPKK1_Int	0.999999999985219	-1.47812664885727e-11	1	0	0	367	9882
SM00277	GRAN	0.999999999985219	-1.47812664885727e-11	1	0	0	367	9882
SM01396	BC10	0.999999999985219	-1.47812664885727e-11	1	0	0	367	9882
SM01352	APCDDC	0.999999999985219	-1.47812664885727e-11	1	0	0	367	9882
SM00752	HTTM	0.999999999985219	-1.47812664885727e-11	1	0	0	367	9882
SM01416	Ribosomal_L19e	0.999999999985219	-1.47812664885727e-11	1	0	0	367	9882
SM01183	EF1G	0.999999999985219	-1.47812664885727e-11	1	0	0	367	9882
SM00941	PYNP_C	0.999999999985219	-1.47812664885727e-11	1	0	0	367	9882
SM00995	AD	0.999999999985219	-1.47812664885727e-11	1	0	0	367	9882
SM01035	BOP1NT	0.999999999985219	-1.47812664885727e-11	1	0	0	367	9882
SM01364	NPP	0.999999999985219	-1.47812664885727e-11	1	0	0	367	9882
SM00929	NADH-G_4Fe-4S_3	0.999999999985219	-1.47812664885727e-11	1	0	0	367	9882
SM00859	Semialdhyde_dh	0.999999999985219	-1.47812664885727e-11	1	0	0	367	9882
SM01221	FTCD	0.999999999985219	-1.47812664885727e-11	1	0	0	367	9882
SM01342	TAN	0.999999999985219	-1.47812664885727e-11	1	0	0	367	9882
SM01253	Kin17_mid	0.999999999985219	-1.47812664885727e-11	1	0	0	367	9882
SM01350	6PGD	0.999999999985219	-1.47812664885727e-11	1	0	0	367	9882
SM00067	GHA	0.999999999985219	-1.47812664885727e-11	1	0	0	367	9882
SM00986	UDG	0.999999999985219	-1.47812664885727e-11	1	0	0	367	9882
SM01308	RICTOR_N	0.999999999985219	-1.47812664885727e-11	1	0	0	367	9882
SM01385	DSS1_SEM1	0.999999999985219	-1.47812664885727e-11	1	0	0	367	9882
SM00023	COLIPASE	0.999999999985219	-1.47812664885727e-11	1	0	0	367	9882
SM01402	Ribosomal_S27	0.999999999985219	-1.47812664885727e-11	1	0	0	367	9882
SM01273	Mago-bind	0.999999999985219	-1.47812664885727e-11	1	0	0	367	9882
SM00932	Nfu_N	0.999999999985219	-1.47812664885727e-11	1	0	0	367	9882
SM00845	GatB_Yqey	0.999999999985219	-1.47812664885727e-11	1	0	0	367	9882
SM01311	RPOL_N	0.999999999985219	-1.47812664885727e-11	1	0	0	367	9882
SM00802	UME	0.999999999985219	-1.47812664885727e-11	1	0	0	367	9882
SM00071	Galanin	0.999999999985219	-1.47812664885727e-11	1	0	0	367	9882
SM01347	Mre11_DNA_bind	0.999999999985219	-1.47812664885727e-11	1	0	0	367	9882
SM01013	APC2	0.999999999985219	-1.47812664885727e-11	1	0	0	367	9882
SM00944	Pro-kuma_activ	0.999999999985219	-1.47812664885727e-11	1	0	0	367	9882
SM00910	HIRAN	0.999999999985219	-1.47812664885727e-11	1	0	0	367	9882
SM00470	ParB	0.999999999985219	-1.47812664885727e-11	1	0	0	367	9882
SM01102	CRM1_C	0.999999999985219	-1.47812664885727e-11	1	0	0	367	9882
SM00084	NMU	0.999999999985219	-1.47812664885727e-11	1	0	0	367	9882
SM01307	RICTOR_M	0.999999999985219	-1.47812664885727e-11	1	0	0	367	9882
SM00530	HTH_XRE	0.999999999985219	-1.47812664885727e-11	1	0	0	367	9882
SM01148	DUF1220	0.999999999985219	-1.47812664885727e-11	1	0	0	367	9882
SM00904	Flavokinase	0.999999999985219	-1.47812664885727e-11	1	0	0	367	9882
SM01173	DUF4187	0.999999999985219	-1.47812664885727e-11	1	0	0	367	9882
SM01264	M16C_associated	0.999999999985219	-1.47812664885727e-11	1	0	0	367	9882
SM01405	Ribosomal_S6e	0.999999999985219	-1.47812664885727e-11	1	0	0	367	9882
SM01285	FACT-Spt16_Nlob	0.999999999985219	-1.47812664885727e-11	1	0	0	367	9882
SM00805	AGTRAP	0.999999999985219	-1.47812664885727e-11	1	0	0	367	9882
SM00984	UDPG_MGDP_dh_C	0.999999999985219	-1.47812664885727e-11	1	0	0	367	9882
SM00035	CLa	0.999999999985219	-1.47812664885727e-11	1	0	0	367	9882
SM01353	AIF_C	0.999999999985219	-1.47812664885727e-11	1	0	0	367	9882
SM01191	ENT	0.999999999985219	-1.47812664885727e-11	1	0	0	367	9882
SM01302	Raptor_N	0.999999999985219	-1.47812664885727e-11	1	0	0	367	9882
SM00245	TSPc	0.999999999985219	-1.47812664885727e-11	1	0	0	367	9882
SM01379	GAGE	0.999999999985219	-1.47812664885727e-11	1	0	0	367	9882
SM01136	DKCLD	0.999999999985219	-1.47812664885727e-11	1	0	0	367	9882
SM01032	BHD_3	0.999999999985219	-1.47812664885727e-11	1	0	0	367	9882
SM00019	SF_P	0.999999999985219	-1.47812664885727e-11	1	0	0	367	9882
SM01071	CDC37_N	0.999999999985219	-1.47812664885727e-11	1	0	0	367	9882
SM00748	HEPN	0.999999999985219	-1.47812664885727e-11	1	0	0	367	9882
SM01348	Nbs1_C	0.999999999985219	-1.47812664885727e-11	1	0	0	367	9882
SM00870	Asparaginase	0.999999999985219	-1.47812664885727e-11	1	0	0	367	9882
SM00990	VRR_NUC	0.999999999985219	-1.47812664885727e-11	1	0	0	367	9882
SM00946	ProRS-C_1	0.999999999985219	-1.47812664885727e-11	1	0	0	367	9882
SM00659	RPOLCX	0.999999999985219	-1.47812664885727e-11	1	0	0	367	9882
SM01044	Btz	0.999999999985219	-1.47812664885727e-11	1	0	0	367	9882
SM01159	DUF1744	0.999999999985219	-1.47812664885727e-11	1	0	0	367	9882
SM01211	GATase_5	0.999999999985219	-1.47812664885727e-11	1	0	0	367	9882
SM01223	FTO_NTD	0.999999999985219	-1.47812664885727e-11	1	0	0	367	9882
SM01365	Op_neuropeptide	0.999999999985219	-1.47812664885727e-11	1	0	0	367	9882
SM01406	PAPA-1	0.999999999985219	-1.47812664885727e-11	1	0	0	367	9882
SM01335	PADR1	0.999999999985219	-1.47812664885727e-11	1	0	0	367	9882
SM01085	CK_II_beta	0.999999999985219	-1.47812664885727e-11	1	0	0	367	9882
SM00784	SPT2	0.999999999985219	-1.47812664885727e-11	1	0	0	367	9882
SM01286	SPT16	0.999999999985219	-1.47812664885727e-11	1	0	0	367	9882
SM01384	Ribosomal_L15e	0.999999999985219	-1.47812664885727e-11	1	0	0	367	9882
SM00465	GIYc	0.999999999985219	-1.47812664885727e-11	1	0	0	367	9882
SM00613	PAW	0.999999999985219	-1.47812664885727e-11	1	0	0	367	9882
SM00987	UreE_C	0.999999999985219	-1.47812664885727e-11	1	0	0	367	9882
SM00823	PKS_PP	0.999999999985219	-1.47812664885727e-11	1	0	0	367	9882
SM00738	NGN	0.999999999985219	-1.47812664885727e-11	1	0	0	367	9882
SM01120	Dak2	0.999999999985219	-1.47812664885727e-11	1	0	0	367	9882
SM01135	DIRP	0.999999999985219	-1.47812664885727e-11	1	0	0	367	9882
SM01262	LAMTOR	0.999999999985219	-1.47812664885727e-11	1	0	0	367	9882
SM01047	C1_4	0.999999999985219	-1.47812664885727e-11	1	0	0	367	9882
SM00684	DM15	0.999999999985219	-1.47812664885727e-11	1	0	0	367	9882
SM01168	DUF1907	0.999999999985219	-1.47812664885727e-11	1	0	0	367	9882
SM01346	DUF3385	0.999999999985219	-1.47812664885727e-11	1	0	0	367	9882
SM01210	GARS_C	0.999999999985219	-1.47812664885727e-11	1	0	0	367	9882
SM00719	Plus3	0.999999999985219	-1.47812664885727e-11	1	0	0	367	9882
SM01162	DUF1771	0.999999999985219	-1.47812664885727e-11	1	0	0	367	9882
SM01036	BP28CT	0.999999999985219	-1.47812664885727e-11	1	0	0	367	9882
SM01306	RFX5_DNA_bdg	0.999999999985219	-1.47812664885727e-11	1	0	0	367	9882
SM01204	FIST_C	0.999999999985219	-1.47812664885727e-11	1	0	0	367	9882
SM00934	OMPdecase	0.999999999985219	-1.47812664885727e-11	1	0	0	367	9882
SM01220	FSA_C	0.999999999985219	-1.47812664885727e-11	1	0	0	367	9882
SM01087	COG6	0.999999999985219	-1.47812664885727e-11	1	0	0	367	9882
SM01284	ECSIT_Cterm	0.999999999985219	-1.47812664885727e-11	1	0	0	367	9882
SM01386	Ribosomal_S13_N	0.999999999985219	-1.47812664885727e-11	1	0	0	367	9882
SM00762	Cog4	0.999999999985219	-1.47812664885727e-11	1	0	0	367	9882
SM01123	DBP10CT	0.999999999985219	-1.47812664885727e-11	1	0	0	367	9882
SM01129	DELLA	0.999999999985219	-1.47812664885727e-11	1	0	0	367	9882
SM01344	NUC194	0.999999999985219	-1.47812664885727e-11	1	0	0	367	9882
SM01219	Frataxin_Cyay	0.999999999985219	-1.47812664885727e-11	1	0	0	367	9882
SM01310	RICTOR_V	0.999999999985219	-1.47812664885727e-11	1	0	0	367	9882
SM01393	Ribosomal_L32e	0.999999999985219	-1.47812664885727e-11	1	0	0	367	9882
SM01082	CHZ	0.999999999985219	-1.47812664885727e-11	1	0	0	367	9882
SM01186	eIF3_N	0.999999999985219	-1.47812664885727e-11	1	0	0	367	9882
SM01413	Ribosomal_S19e	0.999999999985219	-1.47812664885727e-11	1	0	0	367	9882
SM00521	CBF	0.999999999985219	-1.47812664885727e-11	1	0	0	367	9882
SM00507	HNHc	0.999999999985219	-1.47812664885727e-11	1	0	0	367	9882
SM00254	ShKT	0.999999999985219	-1.47812664885727e-11	1	0	0	367	9882
SM01024	BCS1_N	0.999999999985219	-1.47812664885727e-11	1	0	0	367	9882
SM00983	TPK_B1_binding	0.999999999985219	-1.47812664885727e-11	1	0	0	367	9882
SM01354	BLVR	0.999999999985219	-1.47812664885727e-11	1	0	0	367	9882
SM00754	CHRD	0.999999999985219	-1.47812664885727e-11	1	0	0	367	9882
SM00839	ELFV_dehydrog	0.999999999985219	-1.47812664885727e-11	1	0	0	367	9882
SM01160	DUF1751	0.999999999985219	-1.47812664885727e-11	1	0	0	367	9882
SM01075	CDT1	0.999999999985219	-1.47812664885727e-11	1	0	0	367	9882
SM00040	CSF2	0.999999999985219	-1.47812664885727e-11	1	0	0	367	9882
SM01422	SARA	0.999999999985219	-1.47812664885727e-11	1	0	0	367	9882
SM00417	H4	0.999999999985219	-1.47812664885727e-11	1	0	0	367	9882
SM01222	FTCD_N	0.999999999985219	-1.47812664885727e-11	1	0	0	367	9882
SM01125	DCP2	0.999999999985219	-1.47812664885727e-11	1	0	0	367	9882
SM01297	KAP	0.999999999985219	-1.47812664885727e-11	1	0	0	367	9882
SM01016	Arg_tRNA_synt_N	0.999999999985219	-1.47812664885727e-11	1	0	0	367	9882
SM01395	Tbf5	0.999999999985219	-1.47812664885727e-11	1	0	0	367	9882
SM01341	Tower	0.999999999985219	-1.47812664885727e-11	1	0	0	367	9882
SM00318	SNc	0.999999999985219	-1.47812664885727e-11	1	0	0	367	9882
SM00127	IL7	0.999999999985219	-1.47812664885727e-11	1	0	0	367	9882
SM00818	Amelogenin	0.999999999985219	-1.47812664885727e-11	1	0	0	367	9882
SM00654	eIF6	0.999999999985219	-1.47812664885727e-11	1	0	0	367	9882
SM01128	DDRGK	0.999999999985219	-1.47812664885727e-11	1	0	0	367	9882
SM01363	ACTH_domain	0.999999999985219	-1.47812664885727e-11	1	0	0	367	9882
SM01118	CYTH	0.999999999985219	-1.47812664885727e-11	1	0	0	367	9882
SM01031	BHD_2	0.999999999985219	-1.47812664885727e-11	1	0	0	367	9882
SM01228	GIDA_assoc_3	0.999999999985219	-1.47812664885727e-11	1	0	0	367	9882
SM00463	SMR	0.999999999985219	-1.47812664885727e-11	1	0	0	367	9882
SM01254	KLRAQ	0.999999999985219	-1.47812664885727e-11	1	0	0	367	9882
SM01356	AP4E_app_platf	0.999999999985219	-1.47812664885727e-11	1	0	0	367	9882
SM01197	FANCL_C	0.999999999985219	-1.47812664885727e-11	1	0	0	367	9882
SM00975	Telomerase_RBD	0.999999999985219	-1.47812664885727e-11	1	0	0	367	9882
SM00817	Amelin	0.999999999985219	-1.47812664885727e-11	1	0	0	367	9882
SM01077	Cg6151-P	0.999999999985219	-1.47812664885727e-11	1	0	0	367	9882
SM01169	DUF1943	0.999999999985219	-1.47812664885727e-11	1	0	0	367	9882
SM01133	DeoC	0.999999999985219	-1.47812664885727e-11	1	0	0	367	9882
SM01181	E2_bind	0.999999999985219	-1.47812664885727e-11	1	0	0	367	9882
SM00898	Fapy_DNA_glyco	0.999999999985219	-1.47812664885727e-11	1	0	0	367	9882
SM00874	B5	0.999999999985219	-1.47812664885727e-11	1	0	0	367	9882
SM01295	K167R	0.999999999985219	-1.47812664885727e-11	1	0	0	367	9882
SM01397	Ribosomal_S3Ae	0.999999999985219	-1.47812664885727e-11	1	0	0	367	9882
SM01156	DUF1716	0.999999999985219	-1.47812664885727e-11	1	0	0	367	9882
SM00513	SAP	0.99999999998599	-1.40096410442596e-11	22	0	0	367	9882
SM00537	DCX	0.999999999986199	-1.38006257587632e-11	9	0	0	367	9882
SM00114	CARD	0.999999999986199	-1.38006257587632e-11	9	0	0	367	9882
SM00809	Alpha_adaptinC2	0.999999999986199	-1.38006257587632e-11	9	0	0	367	9882
SM01349	TOG	0.999999999986199	-1.38006257587632e-11	9	0	0	367	9882
SM01361	A2M_recep	0.999999999986199	-1.38006257587632e-11	9	0	0	367	9882
SM00855	PGAM	0.999999999986199	-1.38006257587632e-11	9	0	0	367	9882
SM00652	eIF1a	0.999999999986199	-1.38006257587632e-11	9	0	0	367	9882
SM00145	PI3Ka	0.999999999986199	-1.38006257587632e-11	9	0	0	367	9882
SM00387	HATPase_c	0.999999999986199	-1.38006257587632e-11	9	0	0	367	9882
SM00187	INB	0.999999999986199	-1.38006257587632e-11	9	0	0	367	9882
SM00350	MCM	0.999999999986199	-1.38006257587632e-11	9	0	0	367	9882
SM01359	A2M_N_2	0.999999999986199	-1.38006257587632e-11	9	0	0	367	9882
SM00561	MBT	0.999999999986199	-1.38006257587632e-11	9	0	0	367	9882
SM00351	PAX	0.999999999986199	-1.38006257587632e-11	9	0	0	367	9882
SM00668	CTLH	0.999999999986199	-1.38006257587632e-11	9	0	0	367	9882
SM00085	PA2c	0.999999999986199	-1.38006257587632e-11	9	0	0	367	9882
SM01360	A2M	0.999999999986199	-1.38006257587632e-11	9	0	0	367	9882
SM00674	CENPB	0.999999999986199	-1.38006257587632e-11	9	0	0	367	9882
SM00545	JmjN	0.999999999986199	-1.38006257587632e-11	9	0	0	367	9882
SM01026	Beach	0.999999999986199	-1.38006257587632e-11	9	0	0	367	9882
SM00263	LYZ1	0.999999999986199	-1.38006257587632e-11	9	0	0	367	9882
SM00078	IlGF	0.999999999986199	-1.38006257587632e-11	9	0	0	367	9882
SM00386	HAT	0.999999999986463	-1.35374418347497e-11	11	0	0	367	9882
SM00720	calpain_III	0.999999999986463	-1.35374418347497e-11	11	0	0	367	9882
SM00238	BIR	0.999999999986463	-1.35374418347497e-11	11	0	0	367	9882
SM00115	CASc	0.999999999986463	-1.35374418347497e-11	11	0	0	367	9882
SM00096	UTG	0.999999999986463	-1.35374418347497e-11	11	0	0	367	9882
SM00274	FOLN	0.999999999986463	-1.35374418347497e-11	11	0	0	367	9882
SM00508	PostSET	0.999999999986463	-1.35374418347497e-11	11	0	0	367	9882
SM00276	GLECT	0.999999999986463	-1.35374418347497e-11	11	0	0	367	9882
SM00140	NGF	0.999999999987281	-1.27193189143381e-11	4	0	0	367	9882
SM00889	EFG_IV	0.999999999987281	-1.27193189143381e-11	4	0	0	367	9882
SM00694	DysFC	0.999999999987281	-1.27193189143381e-11	4	0	0	367	9882
SM01178	DUF4217	0.999999999987281	-1.27193189143381e-11	4	0	0	367	9882
SM00755	Grip	0.999999999987281	-1.27193189143381e-11	4	0	0	367	9882
SM01375	Dynein_light	0.999999999987281	-1.27193189143381e-11	4	0	0	367	9882
SM01240	IMPDH	0.999999999987281	-1.27193189143381e-11	4	0	0	367	9882
SM00520	BASIC	0.999999999987281	-1.27193189143381e-11	4	0	0	367	9882
SM01027	Beta-Casp	0.999999999987281	-1.27193189143381e-11	4	0	0	367	9882
SM00426	TEA	0.999999999987281	-1.27193189143381e-11	4	0	0	367	9882
SM00025	Pumilio	0.999999999987281	-1.27193189143381e-11	4	0	0	367	9882
SM01249	KASH	0.999999999987281	-1.27193189143381e-11	4	0	0	367	9882
SM00098	alkPPc	0.999999999987281	-1.27193189143381e-11	4	0	0	367	9882
SM01340	DNA_mis_repair	0.999999999987281	-1.27193189143381e-11	4	0	0	367	9882
SM00734	ZnF_Rad18	0.999999999987281	-1.27193189143381e-11	4	0	0	367	9882
SM00051	DSL	0.999999999987281	-1.27193189143381e-11	4	0	0	367	9882
SM01407	NAC	0.999999999987281	-1.27193189143381e-11	4	0	0	367	9882
SM01020	B2-adapt-app_C	0.999999999987281	-1.27193189143381e-11	4	0	0	367	9882
SM00488	DEXDc2	0.999999999987281	-1.27193189143381e-11	4	0	0	367	9882
SM00307	ILWEQ	0.999999999987281	-1.27193189143381e-11	4	0	0	367	9882
SM01046	c-SKI_SMAD_bind	0.999999999987281	-1.27193189143381e-11	4	0	0	367	9882
SM00679	CTNS	0.999999999987281	-1.27193189143381e-11	4	0	0	367	9882
SM00560	LamGL	0.999999999987281	-1.27193189143381e-11	4	0	0	367	9882
SM00068	GHB	0.999999999987281	-1.27193189143381e-11	4	0	0	367	9882
SM00920	MHC_II_alpha	0.999999999987281	-1.27193189143381e-11	4	0	0	367	9882
SM00554	FAS1	0.999999999987281	-1.27193189143381e-11	4	0	0	367	9882
SM00753	PAM	0.999999999987281	-1.27193189143381e-11	4	0	0	367	9882
SM00491	HELICc2	0.999999999987281	-1.27193189143381e-11	4	0	0	367	9882
SM00541	FYRN	0.999999999987281	-1.27193189143381e-11	4	0	0	367	9882
SM01153	DUF1693	0.999999999987281	-1.27193189143381e-11	4	0	0	367	9882
SM01338	NOD	0.999999999987281	-1.27193189143381e-11	4	0	0	367	9882
SM00973	Sec63	0.999999999987281	-1.27193189143381e-11	4	0	0	367	9882
SM00486	POLBc	0.999999999987281	-1.27193189143381e-11	4	0	0	367	9882
SM00737	ML	0.999999999987281	-1.27193189143381e-11	4	0	0	367	9882
SM01193	Enolase_N	0.999999999987281	-1.27193189143381e-11	4	0	0	367	9882
SM00804	TAP_C	0.999999999987281	-1.27193189143381e-11	4	0	0	367	9882
SM01053	CaMBD	0.999999999987281	-1.27193189143381e-11	4	0	0	367	9882
SM00206	NTR	0.999999999987281	-1.27193189143381e-11	4	0	0	367	9882
SM00693	DysFN	0.999999999987281	-1.27193189143381e-11	4	0	0	367	9882
SM00313	PXA	0.999999999987281	-1.27193189143381e-11	4	0	0	367	9882
SM01263	Leuk-A4-hydro_C	0.999999999987281	-1.27193189143381e-11	4	0	0	367	9882
SM00197	SAA	0.999999999987281	-1.27193189143381e-11	4	0	0	367	9882
SM01398	Cornichon	0.999999999987281	-1.27193189143381e-11	4	0	0	367	9882
SM00573	HSA	0.999999999987281	-1.27193189143381e-11	4	0	0	367	9882
SM00474	35EXOc	0.999999999987281	-1.27193189143381e-11	4	0	0	367	9882
SM01225	G8	0.999999999987281	-1.27193189143381e-11	4	0	0	367	9882
SM00564	PQQ	0.999999999987281	-1.27193189143381e-11	4	0	0	367	9882
SM01339	NODP	0.999999999987281	-1.27193189143381e-11	4	0	0	367	9882
SM00542	FYRC	0.999999999987281	-1.27193189143381e-11	4	0	0	367	9882
SM00227	NEBU	0.999999999987281	-1.27193189143381e-11	4	0	0	367	9882
SM00955	RNB	0.999999999987281	-1.27193189143381e-11	4	0	0	367	9882
SM01392	MAGE_N	0.999999999987281	-1.27193189143381e-11	4	0	0	367	9882
SM00094	TR_FER	0.999999999987281	-1.27193189143381e-11	4	0	0	367	9882
SM00476	DNaseIc	0.999999999987281	-1.27193189143381e-11	4	0	0	367	9882
SM01417	Solute_trans_a	0.999999999987281	-1.27193189143381e-11	4	0	0	367	9882
SM01192	Enolase_C	0.999999999987281	-1.27193189143381e-11	4	0	0	367	9882
SM01272	LsmAD	0.999999999987735	-1.22646998893666e-11	2	0	0	367	9882
SM00551	ZnF_TAZ	0.999999999987735	-1.22646998893666e-11	2	0	0	367	9882
SM00956	RQC	0.999999999987735	-1.22646998893666e-11	2	0	0	367	9882
SM01028	Beta-TrCP_D	0.999999999987735	-1.22646998893666e-11	2	0	0	367	9882
SM00649	RL11	0.999999999987735	-1.22646998893666e-11	2	0	0	367	9882
SM01283	Costars	0.999999999987735	-1.22646998893666e-11	2	0	0	367	9882
SM00992	YccV-like	0.999999999987735	-1.22646998893666e-11	2	0	0	367	9882
SM01194	eRF1_1	0.999999999987735	-1.22646998893666e-11	2	0	0	367	9882
SM00586	ZnF_DBF	0.999999999987735	-1.22646998893666e-11	2	0	0	367	9882
SM00039	CRF	0.999999999987735	-1.22646998893666e-11	2	0	0	367	9882
SM01355	AP3B1_C	0.999999999987735	-1.22646998893666e-11	2	0	0	367	9882
SM00852	MoCF_biosynth	0.999999999987735	-1.22646998893666e-11	2	0	0	367	9882
SM00494	ChtBD2	0.999999999987735	-1.22646998893666e-11	2	0	0	367	9882
SM00976	Telo_bind	0.999999999987735	-1.22646998893666e-11	2	0	0	367	9882
SM00896	FDX-ACB	0.999999999987735	-1.22646998893666e-11	2	0	0	367	9882
SM01258	KRBA1	0.999999999987735	-1.22646998893666e-11	2	0	0	367	9882
SM01177	DUF4210	0.999999999987735	-1.22646998893666e-11	2	0	0	367	9882
SM00761	HDAC_interact	0.999999999987735	-1.22646998893666e-11	2	0	0	367	9882
SM01389	Spt4	0.999999999987735	-1.22646998893666e-11	2	0	0	367	9882
SM01383	Ribosomal_L2	0.999999999987735	-1.22646998893666e-11	2	0	0	367	9882
SM01131	DHHA2	0.999999999987735	-1.22646998893666e-11	2	0	0	367	9882
SM00777	Mad3_BUB1_I	0.999999999987735	-1.22646998893666e-11	2	0	0	367	9882
SM00095	TR_THY	0.999999999987735	-1.22646998893666e-11	2	0	0	367	9882
SM01161	DUF1767	0.999999999987735	-1.22646998893666e-11	2	0	0	367	9882
SM01076	CG-1	0.999999999987735	-1.22646998893666e-11	2	0	0	367	9882
SM01022	ASCH	0.999999999987735	-1.22646998893666e-11	2	0	0	367	9882
SM00661	RPOL9	0.999999999987735	-1.22646998893666e-11	2	0	0	367	9882
SM01314	SnAC	0.999999999987735	-1.22646998893666e-11	2	0	0	367	9882
SM00714	LITAF	0.999999999987735	-1.22646998893666e-11	2	0	0	367	9882
SM01097	CPSase_sm_chain	0.999999999987735	-1.22646998893666e-11	2	0	0	367	9882
SM00657	RPOL4c	0.999999999987735	-1.22646998893666e-11	2	0	0	367	9882
SM01421	DUF3480	0.999999999987735	-1.22646998893666e-11	2	0	0	367	9882
SM00967	SpoU_sub_bind	0.999999999987735	-1.22646998893666e-11	2	0	0	367	9882
SM00937	PCRF	0.999999999987735	-1.22646998893666e-11	2	0	0	367	9882
SM00853	MutL_C	0.999999999987735	-1.22646998893666e-11	2	0	0	367	9882
SM00705	THEG	0.999999999987735	-1.22646998893666e-11	2	0	0	367	9882
SM00788	Adenylsucc_synt	0.999999999987735	-1.22646998893666e-11	2	0	0	367	9882
SM00807	AKAP_110	0.999999999987735	-1.22646998893666e-11	2	0	0	367	9882
SM00581	PSP	0.999999999987735	-1.22646998893666e-11	2	0	0	367	9882
SM00951	QLQ	0.999999999987735	-1.22646998893666e-11	2	0	0	367	9882
SM00785	AARP2CN	0.999999999987735	-1.22646998893666e-11	2	0	0	367	9882
SM00029	GASTRIN	0.999999999987735	-1.22646998893666e-11	2	0	0	367	9882
SM01287	Rtt106	0.999999999987735	-1.22646998893666e-11	2	0	0	367	9882
SM00434	TOP4c	0.999999999987735	-1.22646998893666e-11	2	0	0	367	9882
SM01164	DUF1856	0.999999999987735	-1.22646998893666e-11	2	0	0	367	9882
SM00711	TDU	0.999999999987735	-1.22646998893666e-11	2	0	0	367	9882
SM00685	DM14	0.999999999987735	-1.22646998893666e-11	2	0	0	367	9882
SM01142	DSHCT	0.999999999987735	-1.22646998893666e-11	2	0	0	367	9882
SM01291	N-SET	0.999999999987735	-1.22646998893666e-11	2	0	0	367	9882
SM00993	YL1_C	0.999999999987735	-1.22646998893666e-11	2	0	0	367	9882
SM00873	B3_4	0.999999999987735	-1.22646998893666e-11	2	0	0	367	9882
SM01282	DBB	0.999999999987735	-1.22646998893666e-11	2	0	0	367	9882
SM01288	FISNA	0.999999999987735	-1.22646998893666e-11	2	0	0	367	9882
SM01023	BAF	0.999999999987735	-1.22646998893666e-11	2	0	0	367	9882
SM01179	DUF862	0.999999999987735	-1.22646998893666e-11	2	0	0	367	9882
SM01336	zf-PARP	0.999999999987735	-1.22646998893666e-11	2	0	0	367	9882
SM00808	FABD	0.999999999987735	-1.22646998893666e-11	2	0	0	367	9882
SM00525	FES	0.999999999987735	-1.22646998893666e-11	2	0	0	367	9882
SM01387	Ribosomal_S15	0.999999999987735	-1.22646998893666e-11	2	0	0	367	9882
SM00466	SRA	0.999999999987735	-1.22646998893666e-11	2	0	0	367	9882
SM00436	TOP1Bc	0.999999999987735	-1.22646998893666e-11	2	0	0	367	9882
SM00512	Skp1	0.999999999987735	-1.22646998893666e-11	2	0	0	367	9882
SM01086	ClpB_D2-small	0.999999999987735	-1.22646998893666e-11	2	0	0	367	9882
SM01182	EF-1_beta_acid	0.999999999987735	-1.22646998893666e-11	2	0	0	367	9882
SM00888	EF1_GNE	0.999999999987735	-1.22646998893666e-11	2	0	0	367	9882
SM01250	KAT11	0.999999999987735	-1.22646998893666e-11	2	0	0	367	9882
SM01382	Ribosomal_L2_C	0.999999999987735	-1.22646998893666e-11	2	0	0	367	9882
SM00188	IL10	0.999999999987735	-1.22646998893666e-11	2	0	0	367	9882
SM00653	eIF2B_5	0.999999999987735	-1.22646998893666e-11	2	0	0	367	9882
SM01010	AMPKBI	0.999999999987735	-1.22646998893666e-11	2	0	0	367	9882
SM01345	Rapamycin_bind	0.999999999987735	-1.22646998893666e-11	2	0	0	367	9882
SM01229	GluR_Homer-bdg	0.999999999987735	-1.22646998893666e-11	2	0	0	367	9882
SM00531	TFIIE	0.999999999987735	-1.22646998893666e-11	2	0	0	367	9882
SM01206	Fibrillarin	0.999999999987735	-1.22646998893666e-11	2	0	0	367	9882
SM00087	PTH	0.999999999987735	-1.22646998893666e-11	2	0	0	367	9882
SM01267	LAG1_DNAbind	0.999999999987735	-1.22646998893666e-11	2	0	0	367	9882
SM01423	Milton	0.999999999987735	-1.22646998893666e-11	2	0	0	367	9882
SM01237	ICA69	0.999999999987735	-1.22646998893666e-11	2	0	0	367	9882
SM00193	PTN	0.999999999987735	-1.22646998893666e-11	2	0	0	367	9882
SM00435	TOPEUc	0.999999999987735	-1.22646998893666e-11	2	0	0	367	9882
SM01050	CactinC_cactus	0.999999999987735	-1.22646998893666e-11	2	0	0	367	9882
SM01104	CTD	0.999999999987735	-1.22646998893666e-11	2	0	0	367	9882
SM00893	ETF	0.999999999987735	-1.22646998893666e-11	2	0	0	367	9882
SM00635	BID_2	0.999999999987735	-1.22646998893666e-11	2	0	0	367	9882
SM00902	Fe_hyd_SSU	0.999999999987735	-1.22646998893666e-11	2	0	0	367	9882
SM01165	DUF1866	0.999999999987735	-1.22646998893666e-11	2	0	0	367	9882
SM01070	CDC37_M	0.999999999987735	-1.22646998893666e-11	2	0	0	367	9882
SM01410	DIM1	0.999999999987735	-1.22646998893666e-11	2	0	0	367	9882
SM00638	LPD_N	0.999999999987735	-1.22646998893666e-11	2	0	0	367	9882
SM01390	Ribosomal_S4	0.999999999987735	-1.22646998893666e-11	2	0	0	367	9882
SM01138	DP	0.999999999987735	-1.22646998893666e-11	2	0	0	367	9882
SM01293	DUF3402	0.999999999987735	-1.22646998893666e-11	2	0	0	367	9882
SM01011	AMP_N	0.999999999987735	-1.22646998893666e-11	2	0	0	367	9882
SM01313	Sec3-PIP2_bind	0.999999999987735	-1.22646998893666e-11	2	0	0	367	9882
SM01319	Tankyrase_bdg_C	0.999999999987735	-1.22646998893666e-11	2	0	0	367	9882
SM00190	IL4_13	0.999999999987735	-1.22646998893666e-11	2	0	0	367	9882
SM00500	SFM	0.999999999987735	-1.22646998893666e-11	2	0	0	367	9882
SM00632	Aamy_C	0.999999999987735	-1.22646998893666e-11	2	0	0	367	9882
SM00662	RPOLD	0.999999999987735	-1.22646998893666e-11	2	0	0	367	9882
SM01268	BTD	0.999999999987735	-1.22646998893666e-11	2	0	0	367	9882
SM01144	DTW	0.999999999987735	-1.22646998893666e-11	2	0	0	367	9882
SM00223	APPLE	0.999999999987735	-1.22646998893666e-11	2	0	0	367	9882
SM00437	TOP1Ac	0.999999999987735	-1.22646998893666e-11	2	0	0	367	9882
SM00555	GIT	0.999999999987735	-1.22646998893666e-11	2	0	0	367	9882
SM00732	YqgFc	0.999999999987735	-1.22646998893666e-11	2	0	0	367	9882
SM01362	DUF663	0.999999999987735	-1.22646998893666e-11	2	0	0	367	9882
SM00299	CLH	0.999999999987735	-1.22646998893666e-11	2	0	0	367	9882
SM01371	TFIIA	0.999999999987735	-1.22646998893666e-11	2	0	0	367	9882
SM00846	Gp_dh_N	0.999999999987735	-1.22646998893666e-11	2	0	0	367	9882
SM00493	TOPRIM	0.999999999987735	-1.22646998893666e-11	2	0	0	367	9882
SM01002	AlaDh_PNT_C	0.999999999987735	-1.22646998893666e-11	2	0	0	367	9882
SM01399	Sybindin	0.999999999987735	-1.22646998893666e-11	2	0	0	367	9882
SM00881	CoA_binding	0.999999999987735	-1.22646998893666e-11	2	0	0	367	9882
SM01174	DUF4205	0.999999999987735	-1.22646998893666e-11	2	0	0	367	9882
SM01233	HABP4_PAI-RBP1	0.999999999987735	-1.22646998893666e-11	2	0	0	367	9882
SM01239	IKKbetaNEMObind	0.999999999987735	-1.22646998893666e-11	2	0	0	367	9882
SM01000	Aha1_N	0.999999999987735	-1.22646998893666e-11	2	0	0	367	9882
SM01141	DRY_EERY	0.999999999987735	-1.22646998893666e-11	2	0	0	367	9882
SM00827	PKS_AT	0.999999999987735	-1.22646998893666e-11	2	0	0	367	9882
SM01292	N1221	0.999999999987735	-1.22646998893666e-11	2	0	0	367	9882
SM00003	NH	0.999999999987735	-1.22646998893666e-11	2	0	0	367	9882
SM00559	Ku78	0.999999999987735	-1.22646998893666e-11	2	0	0	367	9882
SM01130	DHDPS	0.999999999987735	-1.22646998893666e-11	2	0	0	367	9882
SM01374	Ribosomal_L14	0.999999999987735	-1.22646998893666e-11	2	0	0	367	9882
SM01154	DUF1704	0.999999999987735	-1.22646998893666e-11	2	0	0	367	9882
SM01415	DUF106	0.999999999987735	-1.22646998893666e-11	2	0	0	367	9882
SM00812	Alpha_L_fucos	0.999999999987735	-1.22646998893666e-11	2	0	0	367	9882
SM01301	PTPlike_phytase	0.999999999987735	-1.22646998893666e-11	2	0	0	367	9882
SM01122	DBC1	0.999999999987735	-1.22646998893666e-11	2	0	0	367	9882
SM00080	LIF_OSM	0.999999999987735	-1.22646998893666e-11	2	0	0	367	9882
SM01003	AlaDh_PNT_N	0.999999999987735	-1.22646998893666e-11	2	0	0	367	9882
SM01072	CDC48_2	0.999999999987735	-1.22646998893666e-11	2	0	0	367	9882
SM01230	Gln-synt_C	0.999999999987735	-1.22646998893666e-11	2	0	0	367	9882
SM00860	SMI1_KNR4	0.999999999987735	-1.22646998893666e-11	2	0	0	367	9882
SM00550	Zalpha	0.999999999987735	-1.22646998893666e-11	2	0	0	367	9882
SM00433	TOP2c	0.999999999987735	-1.22646998893666e-11	2	0	0	367	9882
SM00756	VKc	0.999999999987735	-1.22646998893666e-11	2	0	0	367	9882
SM01115	cwf21	0.999999999987735	-1.22646998893666e-11	2	0	0	367	9882
SM00825	PKS_KS	0.999999999987735	-1.22646998893666e-11	2	0	0	367	9882
SM00792	Agouti	0.999999999987735	-1.22646998893666e-11	2	0	0	367	9882
SM01376	eIF-5a	0.999999999987735	-1.22646998893666e-11	2	0	0	367	9882
SM00978	Tim44	0.999999999987735	-1.22646998893666e-11	2	0	0	367	9882
SM01096	CPSase_L_D3	0.999999999987735	-1.22646998893666e-11	2	0	0	367	9882
SM00414	H2A	0.999999999988904	-1.10962613257767e-11	28	0	0	367	9882
SM00147	RasGEF	0.999999999988904	-1.10962613257767e-11	28	0	0	367	9882
SM00229	RasGEFN	0.999999999988904	-1.10962613257767e-11	28	0	0	367	9882
SM00100	cNMP	0.999999999989096	-1.09040823734425e-11	31	0	0	367	9882
SM01418	Defensin_propep	0.999999999989096	-1.09040823734425e-11	31	0	0	367	9882
SM00724	TLC	0.999999999989218	-1.07817223987066e-11	16	0	0	367	9882
SM00069	GLA	0.999999999989218	-1.07817223987066e-11	16	0	0	367	9882
SM00086	PAC	0.999999999989218	-1.07817223987066e-11	16	0	0	367	9882
SM00285	PBD	0.999999999989218	-1.07817223987066e-11	16	0	0	367	9882
SM00702	P4Hc	0.999999999989218	-1.07817223987066e-11	16	0	0	367	9882
SM00913	IBN_N	0.999999999989218	-1.07817223987066e-11	16	0	0	367	9882
SM00146	PI3Kc	0.999999999989218	-1.07817223987066e-11	16	0	0	367	9882
SM00280	KAZAL	0.999999999991315	-8.68510601896558e-12	36	0	0	367	9882
SM00526	H15	0.999999999994007	-5.99295666472003e-12	13	0	0	367	9882
SM00323	RasGAP	0.999999999994007	-5.99295666472003e-12	13	0	0	367	9882
SM00036	CNH	0.999999999994007	-5.99295666472003e-12	13	0	0	367	9882
SM00230	CysPc	0.999999999994007	-5.99295666472003e-12	13	0	0	367	9882
SM00156	PP2Ac	0.999999999994007	-5.99295666472003e-12	13	0	0	367	9882
SM00427	H2B	0.999999999994007	-5.99295666472003e-12	13	0	0	367	9882
SM00431	SCAN	0.999999999994029	-5.97116025681684e-12	42	0	0	367	9882
SM00180	EGF_Lam	0.999999999994932	-5.06755511836822e-12	35	0	0	367	9882
SM00199	SCY	0.999999999994932	-5.06755511836822e-12	35	0	0	367	9882
SM01100	CRAL_TRIO_N	0.999999999996213	-3.78715547135042e-12	10	0	0	367	9882
SM01017	Arrestin_C	0.999999999996213	-3.78715547135042e-12	10	0	0	367	9882
SM00472	MIR	0.999999999996213	-3.78715547135042e-12	10	0	0	367	9882
SM00636	Glyco_18	0.999999999996213	-3.78715547135042e-12	10	0	0	367	9882
SM00745	MIT	0.999999999996213	-3.78715547135042e-12	10	0	0	367	9882
SM01190	EMP24_GP25L	0.999999999996213	-3.78715547135042e-12	10	0	0	367	9882
SM00045	DAGKa	0.999999999996213	-3.78715547135042e-12	10	0	0	367	9882
SM00251	SAM_PNT	0.999999999996213	-3.78715547135042e-12	10	0	0	367	9882
SM00543	MIF4G	0.999999999996213	-3.78715547135042e-12	10	0	0	367	9882
SM00591	RWD	0.999999999996213	-3.78715547135042e-12	10	0	0	367	9882
SM00128	IPPc	0.999999999996213	-3.78715547135042e-12	10	0	0	367	9882
SM01052	CAP_GLY	0.999999999996213	-3.78715547135042e-12	10	0	0	367	9882
SM00097	WNT1	0.999999999996375	-3.6247295421796e-12	19	0	0	367	9882
SM00121	IB	0.999999999996375	-3.6247295421796e-12	19	0	0	367	9882
SM00367	LRR_CC	0.999999999996375	-3.6247295421796e-12	19	0	0	367	9882
SM00651	Sm	0.999999999996375	-3.6247295421796e-12	19	0	0	367	9882
SM00224	GGL	0.99999999999983	-1.70376736544643e-13	17	0	0	367	9882
SM01224	G_gamma	0.99999999999983	-1.70376736544643e-13	17	0	0	367	9882
SM00261	FU	0.99999999999983	-1.70376736544643e-13	17	0	0	367	9882
SM00631	Zn_pept	0.99999999999983	-1.70376736544643e-13	17	0	0	367	9882
SM00247	XTALbg	0.99999999999983	-1.70376736544643e-13	17	0	0	367	9882
SM00211	TY	0.99999999999983	-1.70376736544643e-13	17	0	0	367	9882
SM00137	MAM	0.99999999999983	-1.70376736544643e-13	17	0	0	367	9882
SM00744	RINGv	0.99999999999983	-1.70376736544643e-13	17	0	0	367	9882
SM00425	TBOX	0.99999999999983	-1.70376736544643e-13	17	0	0	367	9882
SM00455	RBD	1.00000000000027	2.66540056409461e-13	7	0	0	367	9882
SM00258	SAND	1.00000000000027	2.66540056409461e-13	7	0	0	367	9882
SM00243	GAS2	1.00000000000027	2.66540056409461e-13	7	0	0	367	9882
SM00396	ZnF_UBR1	1.00000000000027	2.66540056409461e-13	7	0	0	367	9882
SM00510	TFS2M	1.00000000000027	2.66540056409461e-13	7	0	0	367	9882
SM00018	PD	1.00000000000027	2.66540056409461e-13	7	0	0	367	9882
SM01326	PTEN_C2	1.00000000000027	2.66540056409461e-13	7	0	0	367	9882
SM01109	CUT	1.00000000000027	2.66540056409461e-13	7	0	0	367	9882
SM00546	CUE	1.00000000000027	2.66540056409461e-13	7	0	0	367	9882
SM00250	PLEC	1.00000000000027	2.66540056409461e-13	7	0	0	367	9882
SM00182	CULLIN	1.00000000000027	2.66540056409461e-13	7	0	0	367	9882
SM01388	Mob1_phocein	1.00000000000027	2.66540056409461e-13	7	0	0	367	9882
SM00515	eIF5C	1.00000000000027	2.66540056409461e-13	7	0	0	367	9882
SM00707	RPEL	1.00000000000027	2.66540056409461e-13	7	0	0	367	9882
SM00004	NL	1.00000000000027	2.66540056409461e-13	7	0	0	367	9882
SM00065	GAF	1.00000000000027	2.66540056409461e-13	7	0	0	367	9882
SM01062	Ca_chan_IQ	1.00000000000027	2.66540056409461e-13	7	0	0	367	9882
SM01166	DUF1899	1.00000000000027	2.66540056409461e-13	7	0	0	367	9882
SM00053	DYNc	1.00000000000027	2.66540056409461e-13	7	0	0	367	9882
SM00509	TFS2N	1.00000000000027	2.66540056409461e-13	7	0	0	367	9882
SM01337	APC10	1.00000000000027	2.66540056409461e-13	7	0	0	367	9882
SM00964	STAT_int	1.00000000000027	2.66540056409461e-13	7	0	0	367	9882
SM00384	AT_hook	1.00000000000027	2.66540056409461e-13	7	0	0	367	9882
SM00729	Elp3	1.00000000000027	2.66540056409461e-13	7	0	0	367	9882
SM00671	SEL1	1.00000000000027	2.66540056409461e-13	7	0	0	367	9882
SM00467	GS	1.00000000000027	2.66540056409461e-13	7	0	0	367	9882
SM01167	DUF1900	1.00000000000027	2.66540056409461e-13	7	0	0	367	9882
SM00390	GoLoco	1.00000000000027	2.66540056409461e-13	7	0	0	367	9882
SM00104	ANATO	1.00000000000027	2.66540056409461e-13	7	0	0	367	9882
SM01055	Cadherin_pro	1.00000000000027	2.66540056409461e-13	7	0	0	367	9882
SM01328	zf-3CxxC	1.00000000000027	2.66540056409461e-13	7	0	0	367	9882
SM00301	DM	1.00000000000027	2.66540056409461e-13	7	0	0	367	9882
SM00822	PKS_KR	1.00000000000027	2.66540056409461e-13	7	0	0	367	9882
SM00582	RPR	1.00000000000027	2.66540056409461e-13	7	0	0	367	9882
SM00101	14_3_3	1.00000000000027	2.66540056409461e-13	7	0	0	367	9882
SM00201	SO	1.00000000000027	2.66540056409461e-13	7	0	0	367	9882
SM00980	THAP	1.00000000000027	2.66540056409461e-13	7	0	0	367	9882
SM00692	DM3	1.00000000000027	2.66540056409461e-13	7	0	0	367	9882
SM00715	LA	1.00000000000027	2.66540056409461e-13	7	0	0	367	9882
SM00352	POU	1.00000000000063	6.32116670032674e-13	15	0	0	367	9882
SM00501	BRIGHT	1.00000000000063	6.32116670032674e-13	15	0	0	367	9882
SM00136	LamNT	1.00000000000063	6.32116670032674e-13	15	0	0	367	9882
SM00721	BAR	1.00000000000063	6.32116670032674e-13	15	0	0	367	9882
SM01244	IRS	1.00000000000063	6.32116670032674e-13	15	0	0	367	9882
SM00088	PINT	1.00000000000063	6.32116670032674e-13	15	0	0	367	9882
SM00217	WAP	1.00000000000063	6.32116670032674e-13	15	0	0	367	9882
SM01014	ARID	1.00000000000063	6.32116670032674e-13	15	0	0	367	9882
SM00608	ACR	1.00000000000124	1.23611102024344e-12	43	0	0	367	9882
SM00282	LamG	1.00000000000137	1.36719252210384e-12	40	0	0	367	9882
SM00462	PTB	1.00000000000137	1.36719252210384e-12	40	0	0	367	9882
SM00297	BROMO	1.00000000000137	1.36983562522129e-12	39	0	0	367	9882
SM00450	RHOD	1.00000000000341	3.41436668852229e-12	23	0	0	367	9882
SM00471	HDc	1.00000000000341	3.41436668852229e-12	23	0	0	367	9882
SM00116	CBS	1.00000000000389	3.89136347697855e-12	12	0	0	367	9882
SM00159	PTX	1.00000000000389	3.89136347697855e-12	12	0	0	367	9882
SM00337	BCL	1.00000000000389	3.89136347697855e-12	12	0	0	367	9882
SM00290	ZnF_UBP	1.00000000000389	3.89136347697855e-12	12	0	0	367	9882
SM00310	PTBI	1.00000000000389	3.89136347697855e-12	12	0	0	367	9882
SM01265	Mab-21	1.00000000000389	3.89136347697855e-12	12	0	0	367	9882
SM00908	Gal-bind_lectin	1.00000000000389	3.89136347697855e-12	12	0	0	367	9882
SM00244	PHB	1.00000000000389	3.89136347697855e-12	12	0	0	367	9882
SM00232	JAB_MPN	1.00000000000389	3.89136347697855e-12	12	0	0	367	9882
SM00152	THY	1.00000000000485	4.85234836929403e-12	6	0	0	367	9882
SM00775	LNS2	1.00000000000485	4.85234836929403e-12	6	0	0	367	9882
SM00022	PLAc	1.00000000000485	4.85234836929403e-12	6	0	0	367	9882
SM00544	MA3	1.00000000000485	4.85234836929403e-12	6	0	0	367	9882
SM01343	FATC	1.00000000000485	4.85234836929403e-12	6	0	0	367	9882
SM00257	LysM	1.00000000000485	4.85234836929403e-12	6	0	0	367	9882
SM01114	CXC	1.00000000000485	4.85234836929403e-12	6	0	0	367	9882
SM00757	CRA	1.00000000000485	4.85234836929403e-12	6	0	0	367	9882
SM00394	RIIa	1.00000000000485	4.85234836929403e-12	6	0	0	367	9882
SM00155	PLDc	1.00000000000485	4.85234836929403e-12	6	0	0	367	9882
SM00603	LCCL	1.00000000000485	4.85234836929403e-12	6	0	0	367	9882
SM00440	ZnF_C2C2	1.00000000000485	4.85234836929403e-12	6	0	0	367	9882
SM00477	NUC	1.00000000000485	4.85234836929403e-12	6	0	0	367	9882
SM00359	PUA	1.00000000000485	4.85234836929403e-12	6	0	0	367	9882
SM00670	PINc	1.00000000000485	4.85234836929403e-12	6	0	0	367	9882
SM00742	Hr1	1.00000000000485	4.85234836929403e-12	6	0	0	367	9882
SM00464	LON	1.00000000000485	4.85234836929403e-12	6	0	0	367	9882
SM00592	BRK	1.00000000000485	4.85234836929403e-12	6	0	0	367	9882
SM00302	GED	1.00000000000485	4.85234836929403e-12	6	0	0	367	9882
SM00648	SWAP	1.00000000000485	4.85234836929403e-12	6	0	0	367	9882
SM00111	C4	1.00000000000485	4.85234836929403e-12	6	0	0	367	9882
SM00259	ZnF_A20	1.00000000000485	4.85234836929403e-12	6	0	0	367	9882
SM00968	SMC_hinge	1.00000000000485	4.85234836929403e-12	6	0	0	367	9882
SM00811	Alpha_kinase	1.00000000000485	4.85234836929403e-12	6	0	0	367	9882
SM00921	MHC_II_beta	1.00000000000485	4.85234836929403e-12	6	0	0	367	9882
SM00144	PI3K_rbd	1.00000000000485	4.85234836929403e-12	6	0	0	367	9882
SM00907	GDNF	1.00000000000485	4.85234836929403e-12	6	0	0	367	9882
SM00021	DAX	1.00000000000485	4.85234836929403e-12	6	0	0	367	9882
SM00552	ADEAMc	1.00000000000485	4.85234836929403e-12	6	0	0	367	9882
SM01132	DIL	1.00000000000485	4.85234836929403e-12	6	0	0	367	9882
SM00950	Piwi	1.00000000000485	4.85234836929403e-12	6	0	0	367	9882
SM01137	DMAP_binding	1.00000000000485	4.85234836929403e-12	6	0	0	367	9882
SM00070	GLUCA	1.00000000000485	4.85234836929403e-12	6	0	0	367	9882
SM00432	MADS	1.00000000000485	4.85234836929403e-12	6	0	0	367	9882
SM01198	FBA	1.00000000000485	4.85234836929403e-12	6	0	0	367	9882
SM00031	DED	1.00000000000485	4.85234836929403e-12	6	0	0	367	9882
SM00863	tRNA_SAD	1.00000000000485	4.85234836929403e-12	6	0	0	367	9882
SM00695	DUSP	1.00000000000485	4.85234836929403e-12	6	0	0	367	9882
SM00441	FF	1.00000000000485	4.85234836929403e-12	6	0	0	367	9882
SM00548	IRO	1.00000000000485	4.85234836929403e-12	6	0	0	367	9882
SM01127	DDHD	1.00000000000485	4.85234836929403e-12	6	0	0	367	9882
SM00949	PAZ	1.00000000000485	4.85234836929403e-12	6	0	0	367	9882
SM01241	Integrin_b_cyt	1.00000000000485	4.85234836929403e-12	6	0	0	367	9882
SM00076	IFabd	1.00000000000521	5.20532761772925e-12	24	0	0	367	9882
SM01394	S_100	1.00000000000521	5.20532761772925e-12	24	0	0	367	9882
SM00516	SEC14	1.00000000000521	5.20532761772925e-12	24	0	0	367	9882
SM00164	TBC	1.00000000000637	6.36594571639247e-12	37	0	0	367	9882
SM00050	DISIN	1.00000000000637	6.36594571639247e-12	37	0	0	367	9882
SM00268	ACTIN	1.00000000000739	7.3938274100769e-12	26	0	0	367	9882
SM00349	KRAB	1.00000000000859	8.59202985386789e-12	291	0	0	367	9882
SM00593	RUN	1.00000000000921	9.21340659161155e-12	18	0	0	367	9882
SM00308	LH2	1.00000000000921	9.21340659161155e-12	18	0	0	367	9882
SM00847	HA2	1.00000000000921	9.21340659161155e-12	18	0	0	367	9882
SM00291	ZnF_ZZ	1.00000000000921	9.21340659161155e-12	18	0	0	367	9882
SM00014	acidPPc	1.00000000000921	9.21340659161155e-12	18	0	0	367	9882
SM00013	LRRNT	1.00000000000976	9.76492945719685e-12	53	0	0	367	9882
SM00064	FYVE	1.00000000000981	9.81411688473542e-12	30	0	0	367	9882
SM00231	FA58C	1.00000000001065	1.0647258683572e-11	20	0	0	367	9882
SM00293	PWWP	1.00000000001065	1.0647258683572e-11	20	0	0	367	9882
SM00055	FCH	1.00000000001065	1.0647258683572e-11	20	0	0	367	9882
SM00547	ZnF_RBZ	1.00000000001065	1.0647258683572e-11	20	0	0	367	9882
SM00333	TUDOR	1.00000000001213	1.21331332342566e-11	25	0	0	367	9882
SM01025	BEN	1.00000000001371	1.37108570876506e-11	8	0	0	367	9882
SM00506	A1pp	1.00000000001371	1.37108570876506e-11	8	0	0	367	9882
SM00200	SEA	1.00000000001371	1.37108570876506e-11	8	0	0	367	9882
SM00861	Transket_pyr	1.00000000001371	1.37108570876506e-11	8	0	0	367	9882
SM00562	NDK	1.00000000001371	1.37108570876506e-11	8	0	0	367	9882
SM00504	Ubox	1.00000000001371	1.37108570876506e-11	8	0	0	367	9882
SM00609	VIT	1.00000000001371	1.37108570876506e-11	8	0	0	367	9882
SM00288	VHS	1.00000000001371	1.37108570876506e-11	8	0	0	367	9882
SM00099	btg1	1.00000000001371	1.37108570876506e-11	8	0	0	367	9882
SM00107	BTK	1.00000000001371	1.37108570876506e-11	8	0	0	367	9882
SM01242	Integrin_B_tail	1.00000000001371	1.37108570876506e-11	8	0	0	367	9882
SM00142	PI3K_C2	1.00000000001371	1.37108570876506e-11	8	0	0	367	9882
SM00468	PreSET	1.00000000001371	1.37108570876506e-11	8	0	0	367	9882
SM00557	IG_FLMN	1.00000000001371	1.37108570876506e-11	8	0	0	367	9882
SM00948	Proteasome_A_N	1.00000000001371	1.37108570876506e-11	8	0	0	367	9882
SM00167	VPS9	1.00000000001371	1.37108570876506e-11	8	0	0	367	9882
SM00746	TRASH	1.00000000001371	1.37108570876506e-11	8	0	0	367	9882
SM01420	TRP_2	1.00000000001371	1.37108570876506e-11	8	0	0	367	9882
SM00524	DWB	1.00000000001371	1.37108570876506e-11	8	0	0	367	9882
SM00884	Cullin_Nedd8	1.00000000001371	1.37108570876506e-11	8	0	0	367	9882
SM00237	Calx_beta	1.00000000001371	1.37108570876506e-11	8	0	0	367	9882
SM01419	Thiol-ester_cl	1.00000000001371	1.37108570876506e-11	8	0	0	367	9882
SM00281	LamB	1.00000000001371	1.37108570876506e-11	8	0	0	367	9882
SM01412	Pro-rich	1.00000000001371	1.37108570876506e-11	8	0	0	367	9882
SM00330	PIPKc	1.00000000001371	1.37108570876506e-11	8	0	0	367	9882
SM00154	ZnF_AN1	1.00000000001371	1.37108570876506e-11	8	0	0	367	9882
SM00511	ORANGE	1.00000000001371	1.37108570876506e-11	8	0	0	367	9882
SM00125	IL1	1.00000000001371	1.37108570876506e-11	8	0	0	367	9882
SM00048	DEFSN	1.00000000001838	1.83844160809516e-11	21	0	0	367	9882
SM00049	DEP	1.00000000001838	1.83844160809516e-11	21	0	0	367	9882
SM00456	WW	1.00000000001901	1.90146866707793e-11	47	0	0	367	9882
