TermID	Term	Enrichment	logP	Genes in Term	Target Genes in Term	Fraction of Targets in Term	Total Target Genes	Total Genes	Entrez Gene IDs	Gene Symbols
SM00407	IGc1	2.24863380459595e-12	-26.8206982820889	58	17	0.0524691358024691	324	9882	14960,15015,15001,14969,14964,12010,14972,15024,15040,14999,15018,14998,15039,14961,110557,213233,14991	H2-Aa,H2-Q4,H2-Oa,H2-Eb1,H2-D1,B2m,H2-K1,H2-T10,H2-T23,H2-DMb1,H2-Q7,H2-DMa,H2-T22,H2-Ab1,H2-Q6,Tapbpl,H2-M3
SM00034	CLECT	3.9881644920943e-05	-10.1295943669574	121	14	0.0432098765432099	324	9882	216864,27007,56760,17312,20343,381809,56644,26888,20344,71693,232413,17474,19074,53856	Mgl2,Klrk1,Clec1b,Clec10a,Sell,Clec4b2,Clec7a,Clec4a2,Selp,Colec11,Clec12a,Clec4d,Prg2,Prg3
SM00920	MHC_II_alpha	0.000136315708033133	-8.90053697987765	4	3	0.00925925925925926	324	9882	14998,14960,15001	H2-DMa,H2-Aa,H2-Oa
SM00921	MHC_II_beta	0.000648840567682829	-7.34032352986315	6	3	0.00925925925925926	324	9882	14969,14999,14961	H2-Eb1,H2-DMb1,H2-Ab1
SM00252	SH2	0.00183907641506271	-6.29849178171497	102	10	0.0308641975308642	324	9882	15162,12703,71520,15170,216233,69993,27278,12700,12229,14158	Hck,Socs1,Grap,Ptpn6,Socs2,Chn2,Clnk,Cish,Btk,Fer
SM00115	CASc	0.00473645675747248	-5.35246594232776	11	3	0.00925925925925926	324	9882	12363,12362,12364	Casp4,Casp1,Casp12
SM00176	RAN	0.00530422260317489	-5.23925205805487	82	8	0.0246913580246914	324	9882	17532,64143,20130,215449,19329,19416,19331,68328	Mras,Ralb,Rras,Rap1b,Rab17,Rasd1,Rab19,Rab13
SM00255	TIR	0.00613214559408374	-5.09421057492702	23	4	0.0123456790123457	324	9882	17874,24058,384059,21897	Myd88,Sigirr,Tlr12,Tlr1
SM00737	ML	0.00615458637993175	-5.09055772226475	4	2	0.00617283950617284	324	9882	14667,17084	Gm2a,Ly86
SM00338	BRLZ	0.00616502072020642	-5.08886378142964	51	6	0.0185185185185185	324	9882	26427,74481,18022,53314,110794,12606	Creb3l1,Batf2,Nfe2,Batf,Cebpe,Cebpa
SM00175	RAB	0.0093731786164999	-4.66990300690732	148	11	0.0339506172839506	324	9882	19416,20130,64143,68724,19332,68328,19331,19329,11841,215449,17532	Rasd1,Rras,Ralb,Arl8a,Rab20,Rab13,Rab19,Rab17,Arf2,Rap1b,Mras
SM00132	LIM	0.00975759857737815	-4.62970895623154	73	7	0.0216049382716049	324	9882	213019,14201,67803,21753,107321,16475,13008	Pdlim2,Fhl3,Limd2,Tes,Lpxn,Ajuba,Csrp2
SM01289	PYRIN	0.0109678302314401	-4.51278881537582	27	4	0.0123456790123457	324	9882	15950,100040462,236312,15951	Ifi203,Mndal,Ifi209,Ifi204
SM00336	BBOX	0.011454577565681	-4.46936584147985	58	6	0.0185185185185185	324	9882	20128,667823,319236,76681,94090,229644	Trim30a,Trim5,Trim12c,Trim12a,Trim9,Trim45
SM00742	Hr1	0.0147295482253562	-4.2178997193543	6	2	0.00617283950617284	324	9882	263803,20166	Pkn3,Rtkn
SM00137	MAM	0.0168773949554953	-4.08178012900509	17	3	0.00925925925925926	324	9882	18186,71738,18187	Nrp1,Mamdc2,Nrp2
SM00174	RHO	0.0196459159486718	-3.92988580203079	123	9	0.0277777777777778	324	9882	215449,20130,17532,64143,19331,19416,68328,19329,19332	Rap1b,Rras,Mras,Ralb,Rab19,Rasd1,Rab13,Rab17,Rab20
SM00253	SOCS	0.0263247340718004	-3.6372463227491	20	3	0.00925925925925926	324	9882	12700,12703,216233	Cish,Socs1,Socs2
SM00262	GEL	0.0263276704115205	-3.63713478597307	8	2	0.00617283950617284	324	9882	22351,12332	Vill,Capg
SM00107	BTK	0.0263276704115205	-3.63713478597307	8	2	0.00617283950617284	324	9882	12229,54153	Btk,Rasa4
SM00199	SCY	0.0266895349285198	-3.62348374065121	35	4	0.0123456790123457	324	9882	20308,15945,17329,56221	Ccl9,Cxcl10,Cxcl9,Ccl24
SM00173	RAS	0.0281981643568381	-3.5684983968859	131	9	0.0277777777777778	324	9882	17532,64143,215449,20130,19329,19331,19416,68328,19332	Mras,Ralb,Rap1b,Rras,Rab17,Rab19,Rasd1,Rab13,Rab20
SM00134	LU	0.0299849009095248	-3.5070613270353	21	3	0.00925925925925926	324	9882	17067,57248,110454	Ly6c1,Ly6i,Ly6a
SM00277	GRAN	0.032786885245848	-3.417726683615	1	1	0.00308641975308642	324	9882	14824	Grn
SM00114	CARD	0.0331264541926776	-3.40742309548303	9	2	0.00617283950617284	324	9882	12363,12362	Casp4,Casp1
SM00348	IRF	0.0331264541926776	-3.40742309548303	9	2	0.00617283950617284	324	9882	16362,54123	Irf1,Irf7
SM00450	RHOD	0.0380636361460446	-3.26849588447194	23	3	0.00925925925925926	324	9882	22117,246221,13537	Tst,Mpst,Dusp2
SM00102	ADF	0.0405256319395451	-3.20582061766224	10	2	0.00617283950617284	324	9882	56431,72042	Dstn,Cotl1
SM00409	IG	0.0424091858837082	-3.16039029200839	378	19	0.058641975308642	324	9882	12506,13723,213233,545156,83433,243958,15894,16542,140497,83382,211323,239849,71326,15985,217303,50723,83964,17085,14130	Cd48,Emb,Tapbpl,Kalrn,Trem2,Siglecg,Icam1,Kdr,Cd300c2,Siglece,Nrg1,Cd200r4,Treml1,Cd79b,Cd300a,Icosl,Jam3,Ly9,Fcgr2b
SM01394	S_100	0.0424767547878633	-3.15879829884931	24	3	0.00925925925925926	324	9882	20195,20202,20201	S100a11,S100a9,S100a8
SM00177	ARF	0.0443652166172821	-3.11529952609023	41	4	0.0123456790123457	324	9882	68724,11841,68328,219144	Arl8a,Arf2,Rab13,Arl11
SM00461	WH1	0.0484787819794311	-3.02662906172335	11	2	0.00617283950617284	324	9882	14026,22323	Evl,Vasp
SM00244	PHB	0.0569418650223237	-2.86572444350069	12	2	0.00617283950617284	324	9882	14252,14251	Flot2,Flot1
SM00310	PTBI	0.0569418650223237	-2.86572444350069	12	2	0.00617283950617284	324	9882	13449,27261	Dok2,Dok3
SM00335	ANX	0.0569418650223237	-2.86572444350069	12	2	0.00617283950617284	324	9882	16952,11745	Anxa1,Anxa3
SM00178	SAR	0.0571650042530858	-2.86181338158804	27	3	0.00925925925925926	324	9882	219144,11841,68724	Arl11,Arf2,Arl8a
SM00080	LIF_OSM	0.0645020000280237	-2.74105904747474	2	1	0.00308641975308642	324	9882	18413	Osm
SM00190	IL4_13	0.0645020000280237	-2.74105904747474	2	1	0.00308641975308642	324	9882	16189	Il4
SM01313	Sec3-PIP2_bind	0.0645020000280237	-2.74105904747474	2	1	0.00308641975308642	324	9882	217517	Stxbp6
SM00550	Zalpha	0.0645020000280237	-2.74105904747474	2	1	0.00308641975308642	324	9882	58203	Zbp1
SM01237	ICA69	0.0645020000280237	-2.74105904747474	2	1	0.00308641975308642	324	9882	15893	Ica1
SM00188	IL10	0.0645020000280237	-2.74105904747474	2	1	0.00308641975308642	324	9882	16153	Il10
SM00399	ZnF_C4	0.067239411245937	-2.69949572648932	47	4	0.0123456790123457	324	9882	19411,19016,19401,22259	Rarg,Pparg,Rara,Nr1h3
SM00502	BBC	0.0752329559375655	-2.58716590017653	14	2	0.00617283950617284	324	9882	94090,229644	Trim9,Trim45
SM00829	PKS_ER	0.0752329559375655	-2.58716590017653	14	2	0.00617283950617284	324	9882	226527,67103	Cryzl2,Ptgr1
SM00430	HOLI	0.0759920659793906	-2.57712633915336	49	4	0.0123456790123457	324	9882	19016,19411,22259,19401	Pparg,Rarg,Nr1h3,Rara
SM00042	CUB	0.0805730272847153	-2.51859133455006	50	4	0.0123456790123457	324	9882	18186,50909,18187,19143	Nrp1,C1ra,Nrp2,St14
SM00217	WAP	0.0849838687544823	-2.46529381986123	15	2	0.00617283950617284	324	9882	100034251,20568	Wfdc17,Slpi
SM01244	IRS	0.0849838687544823	-2.46529381986123	15	2	0.00617283950617284	324	9882	13449,27261	Dok2,Dok3
SM00449	SPRY	0.0950528953006448	-2.35332174969474	74	5	0.0154320987654321	324	9882	319236,20128,71956,667823,94090	Trim12c,Trim30a,Rnf135,Trim5,Trim9
SM00702	P4Hc	0.0950903343342345	-2.35292795146016	16	2	0.00617283950617284	324	9882	26433,112407	Plod3,Egln3
SM00032	CCP	0.0951098005211992	-2.35272325983838	53	4	0.0123456790123457	324	9882	20343,20344,66329,50909	Sell,Selp,Susd3,C1ra
SM00162	SAPA	0.0951802745223918	-2.35198255904883	3	1	0.00308641975308642	324	9882	19156	Psap
SM00882	CoA_trans	0.0951802745223918	-2.35198255904883	3	1	0.00308641975308642	324	9882	67041	Oxct1
SM01200	FerA	0.0951802745223918	-2.35198255904883	3	1	0.00308641975308642	324	9882	226101	Myof
SM00265	BH4	0.0951802745223918	-2.35198255904883	3	1	0.00308641975308642	324	9882	12048	Bcl2l1
SM00054	EFh	0.0978692882339115	-2.32412248413741	143	8	0.0246913580246914	324	9882	270084,53322,20201,19395,102502,14913,20202,20195	Lpcat2,Nucb2,S100a8,Rasgrp2,Pls1,Guca1a,S100a9,S100a11
SM00224	GGL	0.105518726251445	-2.24886684180359	17	2	0.00617283950617284	324	9882	14701,66066	Gng12,Gng11
SM01224	G_gamma	0.105518726251445	-2.24886684180359	17	2	0.00617283950617284	324	9882	66066,14701	Gng11,Gng12
SM00969	SOCS_box	0.105995485643938	-2.24435877404171	35	3	0.00925925925925926	324	9882	12703,12700,216233	Socs1,Cish,Socs2
SM00326	SH3	0.110622572384618	-2.20163112044065	196	10	0.0308641975308642	324	9882	13385,30948,171207,54353,207777,12229,545156,15163,15162,71520	Dlg4,Bin1,Arhgap4,Skap2,Tspoap1,Btk,Kalrn,Hcls1,Hck,Grap
SM00865	Tubulin_C	0.116237228845986	-2.15212209993903	18	2	0.00617283950617284	324	9882	22145,67951	Tuba4a,Tubb6
SM00644	Ami_2	0.124855503901975	-2.08059817911129	4	1	0.00308641975308642	324	9882	21946	Pglyrp1
SM00094	TR_FER	0.124855503901975	-2.08059817911129	4	1	0.00308641975308642	324	9882	17002	Ltf
SM00554	FAS1	0.124855503901975	-2.08059817911129	4	1	0.00308641975308642	324	9882	21810	Tgfbi
SM01240	IMPDH	0.124855503901975	-2.08059817911129	4	1	0.00308641975308642	324	9882	66355	Gmpr
SM00694	DysFC	0.124855503901975	-2.08059817911129	4	1	0.00308641975308642	324	9882	226101	Myof
SM00476	DNaseIc	0.124855503901975	-2.08059817911129	4	1	0.00308641975308642	324	9882	69537	Dnase1l1
SM00701	PGRP	0.124855503901975	-2.08059817911129	4	1	0.00308641975308642	324	9882	21946	Pglyrp1
SM01263	Leuk-A4-hydro_C	0.124855503901975	-2.08059817911129	4	1	0.00308641975308642	324	9882	215615	Rnpep
SM01277	MAGUK_N_PEST	0.124855503901975	-2.08059817911129	4	1	0.00308641975308642	324	9882	13385	Dlg4
SM00693	DysFN	0.124855503901975	-2.08059817911129	4	1	0.00308641975308642	324	9882	226101	Myof
SM00233	PH	0.125323866303555	-2.07685396192531	252	12	0.037037037037037	324	9882	27261,69710,216859,54353,21664,20166,54153,12229,232970,545156,13449,67220	Dok3,Arap1,Acap1,Skap2,Phlda1,Rtkn,Rasa4,Btk,Phldb3,Kalrn,Dok2,Plekho1
SM00864	Tubulin	0.127215755218608	-2.06187077396484	19	2	0.00617283950617284	324	9882	22145,67951	Tuba4a,Tubb6
SM00020	Tryp_SPc	0.129937581837159	-2.0407010835447	153	8	0.0246913580246914	324	9882	18792,50909,19152,15439,73106,50701,13035,19143	Plau,C1ra,Prtn3,Hp,Prss57,Elane,Ctsg,St14
SM00231	FA58C	0.1384258686833	-1.97742034081293	20	2	0.00617283950617284	324	9882	18186,18187	Nrp1,Nrp2
SM00055	FCH	0.1384258686833	-1.97742034081293	20	2	0.00617283950617284	324	9882	171207,14158	Arhgap4,Fer
SM00423	PSI	0.142488168247035	-1.94849631256597	40	3	0.00925925925925926	324	9882	67448,20352,16420	Plxdc2,Sema4b,Itgb6
SM01175	DUF4206	0.153560385124436	-1.87366140087902	5	1	0.00308641975308642	324	9882	271221	Rubcnl
SM01015	Arfaptin	0.153560385124436	-1.87366140087902	5	1	0.00308641975308642	324	9882	15893	Ica1
SM00103	ALBUMIN	0.153560385124436	-1.87366140087902	5	1	0.00308641975308642	324	9882	11576	Afp
SM01202	FerI	0.153560385124436	-1.87366140087902	5	1	0.00308641975308642	324	9882	226101	Myof
SM01201	FerB	0.153560385124436	-1.87366140087902	5	1	0.00308641975308642	324	9882	226101	Myof
SM00741	SapB	0.153560385124436	-1.87366140087902	5	1	0.00308641975308642	324	9882	19156	Psap
SM00588	NEUZ	0.153560385124436	-1.87366140087902	5	1	0.00308641975308642	324	9882	214854	Neurl3
SM00645	Pept_C1	0.173184557564088	-1.75339744638945	23	2	0.00617283950617284	324	9882	13040,64138	Ctss,Ctsz
SM00105	ArfGap	0.173184557564088	-1.75339744638945	23	2	0.00617283950617284	324	9882	216859,69710	Acap1,Arap1
SM00208	TNFR	0.173184557564088	-1.75339744638945	23	2	0.00617283950617284	324	9882	14102,230979	Fas,Tnfrsf14
SM00440	ZnF_C2C2	0.181326552511183	-1.70745571573329	6	1	0.00308641975308642	324	9882	21400	Tcea2
SM00031	DED	0.181326552511183	-1.70745571573329	6	1	0.00308641975308642	324	9882	18611	Pea15a
SM00155	PLDc	0.181326552511183	-1.70745571573329	6	1	0.00308641975308642	324	9882	104759	Pld4
SM01241	Integrin_b_cyt	0.181326552511183	-1.70745571573329	6	1	0.00308641975308642	324	9882	16420	Itgb6
SM01329	Iso_dh	0.181326552511183	-1.70745571573329	6	1	0.00308641975308642	324	9882	15926	Idh1
SM01198	FBA	0.181326552511183	-1.70745571573329	6	1	0.00308641975308642	324	9882	50762	Fbxo6
SM00259	ZnF_A20	0.181326552511183	-1.70745571573329	6	1	0.00308641975308642	324	9882	22682	Zfand5
SM00592	BRK	0.181326552511183	-1.70745571573329	6	1	0.00308641975308642	324	9882	320790	Chd7
SM00544	MA3	0.181326552511183	-1.70745571573329	6	1	0.00308641975308642	324	9882	18569	Pdcd4
SM00964	STAT_int	0.208184612152848	-1.56933003450074	7	1	0.00308641975308642	324	9882	20846	Stat1
SM01328	zf-3CxxC	0.208184612152848	-1.56933003450074	7	1	0.00308641975308642	324	9882	67775	Rtp4
SM00258	SAND	0.208184612152848	-1.56933003450074	7	1	0.00308641975308642	324	9882	434484	Sp140
SM00077	ITAM	0.208184612152848	-1.56933003450074	7	1	0.00308641975308642	324	9882	15985	Cd79b
SM01243	IRF-3	0.208184612152848	-1.56933003450074	7	1	0.00308641975308642	324	9882	54123	Irf7
SM00390	GoLoco	0.208184612152848	-1.56933003450074	7	1	0.00308641975308642	324	9882	106512	Gpsm3
SM00509	TFS2N	0.208184612152848	-1.56933003450074	7	1	0.00308641975308642	324	9882	21400	Tcea2
SM00101	14_3_3	0.208184612152848	-1.56933003450074	7	1	0.00308641975308642	324	9882	55948	Sfn
SM00104	ANATO	0.208184612152848	-1.56933003450074	7	1	0.00308641975308642	324	9882	12268	C4b
SM00822	PKS_KR	0.208184612152848	-1.56933003450074	7	1	0.00308641975308642	324	9882	20148	Dhrs3
SM00510	TFS2M	0.208184612152848	-1.56933003450074	7	1	0.00308641975308642	324	9882	21400	Tcea2
SM00043	CY	0.209147011545226	-1.56471786976773	26	2	0.00617283950617284	324	9882	13011,18054	Cst7,Ngp
SM00184	RING	0.215759569040244	-1.53359059755605	228	10	0.0308641975308642	324	9882	214854,667823,20128,81018,319236,76681,94090,71956,229644,71673	Neurl3,Trim5,Trim30a,Rnf114,Trim12c,Trim12a,Trim9,Rnf135,Trim45,Rnf215
SM00005	DEATH	0.221305572122738	-1.50821085319676	27	2	0.00617283950617284	324	9882	17874,14102	Myd88,Fas
SM00229	RasGEFN	0.233519224186612	-1.45449087469851	28	2	0.00617283950617284	324	9882	19395,19732	Rasgrp2,Rgl2
SM00147	RasGEF	0.233519224186612	-1.45449087469851	28	2	0.00617283950617284	324	9882	19395,19732	Rasgrp2,Rgl2
SM00861	Transket_pyr	0.234164175255475	-1.45173280597734	8	1	0.00308641975308642	324	9882	21881	Tkt
SM00154	ZnF_AN1	0.234164175255475	-1.45173280597734	8	1	0.00308641975308642	324	9882	22682	Zfand5
SM00557	IG_FLMN	0.234164175255475	-1.45173280597734	8	1	0.00308641975308642	324	9882	229644	Trim45
SM01242	Integrin_B_tail	0.234164175255475	-1.45173280597734	8	1	0.00308641975308642	324	9882	16420	Itgb6
SM01419	Thiol-ester_cl	0.234164175255475	-1.45173280597734	8	1	0.00308641975308642	324	9882	12268	C4b
SM00142	PI3K_C2	0.234164175255475	-1.45173280597734	8	1	0.00308641975308642	324	9882	225326	Pik3c3
SM00357	CSP	0.234164175255475	-1.45173280597734	8	1	0.00308641975308642	324	9882	83557	Lin28a
SM00153	VHP	0.234164175255475	-1.45173280597734	8	1	0.00308641975308642	324	9882	22351	Vill
SM00506	A1pp	0.234164175255475	-1.45173280597734	8	1	0.00308641975308642	324	9882	80285	Parp9
SM00187	INB	0.259293890384043	-1.34979314867406	9	1	0.00308641975308642	324	9882	16420	Itgb6
SM00263	LYZ1	0.259293890384043	-1.34979314867406	9	1	0.00308641975308642	324	9882	17105	Lyz2
SM01359	A2M_N_2	0.259293890384043	-1.34979314867406	9	1	0.00308641975308642	324	9882	12268	C4b
SM00855	PGAM	0.259293890384043	-1.34979314867406	9	1	0.00308641975308642	324	9882	319801	Tigar
SM01361	A2M_recep	0.259293890384043	-1.34979314867406	9	1	0.00308641975308642	324	9882	12268	C4b
SM00078	IlGF	0.259293890384043	-1.34979314867406	9	1	0.00308641975308642	324	9882	27356	Insl6
SM01360	A2M	0.259293890384043	-1.34979314867406	9	1	0.00308641975308642	324	9882	12268	C4b
SM00145	PI3Ka	0.259293890384043	-1.34979314867406	9	1	0.00308641975308642	324	9882	225326	Pik3c3
SM00219	TyrKc	0.274535835322995	-1.2926734789284	81	4	0.0123456790123457	324	9882	14158,12229,16542,15162	Fer,Btk,Kdr,Hck
SM01017	Arrestin_C	0.283601474658014	-1.26018528455625	10	1	0.00308641975308642	324	9882	216869	Arrb2
SM00636	Glyco_18	0.283601474658014	-1.26018528455625	10	1	0.00308641975308642	324	9882	12655	Chil3
SM01039	BRICHOS	0.283601474658014	-1.26018528455625	10	1	0.00308641975308642	324	9882	64294	Itm2c
SM00353	HLH	0.293064528057762	-1.22736246193359	110	5	0.0154320987654321	324	9882	17341,15901,17095,17173,21425	Bhlha15,Id1,Lyl1,Ascl2,Tfeb
SM00337	BCL	0.329856642008489	-1.10909713706461	12	1	0.00308641975308642	324	9882	12048	Bcl2l1
SM00093	SERPIN	0.332320869706583	-1.1016543017821	62	3	0.00925925925925926	324	9882	20723,238393,20715	Serpinb9,Serpina3f,Serpina3g
SM00324	RhoGAP	0.350406288258747	-1.04866197413701	64	3	0.00925925925925926	324	9882	69710,171207,69993	Arap1,Arhgap4,Chn2
SM00457	MACPF	0.351855268947056	-1.04453535570073	13	1	0.00308641975308642	324	9882	17476	Mpeg1
SM00323	RasGAP	0.351855268947056	-1.04453535570073	13	1	0.00308641975308642	324	9882	54153	Rasa4
SM00181	EGF	0.361245835682735	-1.01819656714378	177	7	0.0216049382716049	324	9882	21826,20344,50909,171508,19128,211323,380713	Thbs2,Selp,C1ra,Creld1,Pros1,Nrg1,Scarf1
SM00179	EGF_CA	0.371102006373736	-0.991278304372032	122	5	0.0154320987654321	324	9882	21826,20344,19128,50909,171508	Thbs2,Selp,Pros1,C1ra,Creld1
SM00198	SCP	0.373133908405752	-0.985817919995983	14	1	0.00308641975308642	324	9882	74116	Pi16
SM00666	PB1	0.373133908405752	-0.985817919995983	14	1	0.00308641975308642	324	9882	18412	Sqstm1
SM00368	LRR_RI	0.391008162877484	-0.939026842290179	41	2	0.00617283950617284	324	9882	434341,637515	Nlrc5,Nlrp1b
SM00248	ANK	0.393680605165243	-0.932215345224713	212	8	0.0246913580246914	324	9882	18035,12051,217473,12581,216859,80283,18037,232807	Nfkbia,Bcl3,Ankmy2,Cdkn2d,Acap1,Abtb1,Nfkbie,Ppp1r12c
SM00800	uDENN	0.393716054111712	-0.932125304338524	15	1	0.00308641975308642	324	9882	70785	Dennd1c
SM00130	KR	0.393716054111712	-0.932125304338524	15	1	0.00308641975308642	324	9882	18792	Plau
SM00721	BAR	0.393716054111712	-0.932125304338524	15	1	0.00308641975308642	324	9882	30948	Bin1
SM00220	S_TKc	0.396774051393924	-0.924388300382316	359	13	0.0401234567901235	324	9882	545156,27373,74137,19094,26415,18557,29857,18712,12323,98267,18099,263803,52163	Kalrn,Csnk1e,Nuak2,Mapk11,Mapk13,Cdk18,Mapk12,Pim1,Camk2b,Stk17b,Nlk,Pkn3,Camk1
SM00275	G_alpha	0.413624435425205	-0.882796877684888	16	1	0.00308641975308642	324	9882	14683	Gnas
SM00643	C345C	0.413624435425205	-0.882796877684888	16	1	0.00308641975308642	324	9882	12268	C4b
SM00831	Cation_ATPase_N	0.413624435425205	-0.882796877684888	16	1	0.00308641975308642	324	9882	67972	Atp2b1
SM00069	GLA	0.413624435425205	-0.882796877684888	16	1	0.00308641975308642	324	9882	19128	Pros1
SM00801	dDENN	0.413624435425205	-0.882796877684888	16	1	0.00308641975308642	324	9882	70785	Dennd1c
SM00146	PI3Kc	0.413624435425205	-0.882796877684888	16	1	0.00308641975308642	324	9882	225326	Pik3c3
SM00285	PBD	0.413624435425205	-0.882796877684888	16	1	0.00308641975308642	324	9882	58804	Cdc42ep5
SM00799	DENN	0.413624435425205	-0.882796877684888	16	1	0.00308641975308642	324	9882	70785	Dennd1c
SM00213	UBQ	0.414191356878503	-0.88142719726275	43	2	0.00617283950617284	324	9882	23962,100038882	Oasl2,Isg15
SM00631	Zn_pept	0.432881042255369	-0.837292317927008	17	1	0.00308641975308642	324	9882	12873	Cpa3
SM00563	PlsC	0.432881042255369	-0.837292317927008	17	1	0.00308641975308642	324	9882	270084	Lpcat2
SM00261	FU	0.432881042255369	-0.837292317927008	17	1	0.00308641975308642	324	9882	171508	Creld1
SM00211	TY	0.432881042255369	-0.837292317927008	17	1	0.00308641975308642	324	9882	16149	Cd74
SM00356	ZnF_C3H1	0.448115501412897	-0.802704264142107	46	2	0.00617283950617284	324	9882	243771,22695	Parp12,Zfp36
SM00291	ZnF_ZZ	0.451507148922372	-0.795164072535338	18	1	0.00308641975308642	324	9882	18412	Sqstm1
SM00593	RUN	0.451507148922372	-0.795164072535338	18	1	0.00308641975308642	324	9882	435626	Rufy4
SM00848	Inhibitor_I29	0.46952333746108	-0.75603727451682	19	1	0.00308641975308642	324	9882	13040	Ctss
SM00367	LRR_CC	0.46952333746108	-0.75603727451682	19	1	0.00308641975308642	324	9882	434341	Nlrc5
SM00044	CYCc	0.486949520036621	-0.719594816227696	20	1	0.00308641975308642	324	9882	18160	Npr1
SM00293	PWWP	0.486949520036621	-0.719594816227696	20	1	0.00308641975308642	324	9882	101631	Pwwp2b
SM00049	DEP	0.503804960678212	-0.685566068589254	21	1	0.00308641975308642	324	9882	218581	Depdc1b
SM00210	TSPN	0.520108296294397	-0.653718226985596	22	1	0.00308641975308642	324	9882	21826	Thbs2
SM00186	FBG	0.520108296294397	-0.653718226985596	22	1	0.00308641975308642	324	9882	14134	Fcnb
SM00343	ZnF_C2HC	0.520108296294397	-0.653718226985596	22	1	0.00308641975308642	324	9882	83557	Lin28a
SM00256	FBOX	0.522723005929779	-0.648703580591543	53	2	0.00617283950617284	324	9882	106052,50762	Fbxo4,Fbxo6
SM00092	RNAse_Pc	0.535877557154371	-0.623849582152133	23	1	0.00308641975308642	324	9882	93719	Ear6
SM00471	HDc	0.535877557154371	-0.623849582152133	23	1	0.00308641975308642	324	9882	56045	Samhd1
SM00060	FN3	0.542977728664199	-0.610686975240737	149	5	0.0154320987654321	324	9882	545156,16186,94090,16161,207777	Kalrn,Il2rg,Trim9,Il12rb1,Tspoap1
SM00516	SEC14	0.551130186369543	-0.595784224834288	24	1	0.00308641975308642	324	9882	545156	Kalrn
SM00361	RRM_1	0.551130186369543	-0.595784224834288	24	1	0.00308641975308642	324	9882	12696	Cirbp
SM00072	GuKc	0.565883059134025	-0.569367831429438	25	1	0.00308641975308642	324	9882	13385	Dlg4
SM00429	IPT	0.59395430598833	-0.520952888524017	27	1	0.00308641975308642	324	9882	19698	Relb
SM00404	PTPc_motif	0.599329859463528	-0.511943148858735	61	2	0.00617283950617284	324	9882	15170,13537	Ptpn6,Dusp2
SM00150	SPEC	0.607303753471245	-0.498726195509456	28	1	0.00308641975308642	324	9882	545156	Kalrn
SM00209	TSP1	0.616979738218859	-0.482919094807444	63	2	0.00617283950617284	324	9882	18636,21826	Cfp,Thbs2
SM00314	RA	0.620215625169806	-0.477688078873382	29	1	0.00308641975308642	324	9882	19732	Rgl2
SM00109	C1	0.625578881769002	-0.469077847083912	64	2	0.00617283950617284	324	9882	19395,69993	Rasgrp2,Chn2
SM00298	CHROMO	0.632704221301763	-0.45775223096636	30	1	0.00308641975308642	324	9882	320790	Chd7
SM00165	UBA	0.64478337600256	-0.438840869755817	31	1	0.00308641975308642	324	9882	18412	Sqstm1
SM00630	Sema	0.64478337600256	-0.438840869755817	31	1	0.00308641975308642	324	9882	20352	Sema4b
SM01373	MAGE	0.656466472779129	-0.420883656186753	32	1	0.00308641975308642	324	9882	80884	Maged2
SM00214	VWC	0.678695859522367	-0.387582175891641	34	1	0.00308641975308642	324	9882	21826	Thbs2
SM00315	RGS	0.678695859522367	-0.387582175891641	34	1	0.00308641975308642	324	9882	64214	Rgs18
SM00369	LRR_TYP	0.684767234998581	-0.378676301387785	175	5	0.0154320987654321	324	9882	384059,224109,17079,21897,434341	Tlr12,Nrros,Cd180,Tlr1,Nlrc5
SM00204	TGFB	0.689266791844633	-0.372126866887312	35	1	0.00308641975308642	324	9882	21803	Tgfb1
SM00180	EGF_Lam	0.689266791844633	-0.372126866887312	35	1	0.00308641975308642	324	9882	380713	Scarf1
SM00195	DSPc	0.699490977832771	-0.357402382982982	36	1	0.00308641975308642	324	9882	13537	Dusp2
SM00050	DISIN	0.709379757360071	-0.343364271924185	37	1	0.00308641975308642	324	9882	11490	Adam15
SM00194	PTPc	0.709379757360071	-0.343364271924185	37	1	0.00308641975308642	324	9882	15170	Ptpn6
SM00082	LRRCT	0.710447430419044	-0.34186032374034	75	2	0.00617283950617284	324	9882	17079,21897	Cd180,Tlr1
SM00228	PDZ	0.720302994130023	-0.328083330313531	148	4	0.0123456790123457	324	9882	66395,13385,213019,319924	Ahnak,Dlg4,Pdlim2,Apba1
SM00297	BROMO	0.728194619783075	-0.317186931646188	39	1	0.00308641975308642	324	9882	434484	Sp140
SM00462	PTB	0.737141581403895	-0.30497530021697	40	1	0.00308641975308642	324	9882	319924	Apba1
SM00282	LamG	0.737141581403895	-0.30497530021697	40	1	0.00308641975308642	324	9882	19128	Pros1
SM00185	ARM	0.745794916857844	-0.293304626951386	41	1	0.00308641975308642	324	9882	70882	Armc3
SM00312	PX	0.754164233695071	-0.282145118121053	42	1	0.00308641975308642	324	9882	71607	Snx20
SM00431	SCAN	0.754164233695071	-0.282145118121053	42	1	0.00308641975308642	324	9882	22691	Zscan2
SM00454	SAM	0.761583404665328	-0.272355585835183	83	2	0.00617283950617284	324	9882	56045,69710	Samhd1,Arap1
SM00608	ACR	0.762258826005866	-0.271469114294791	43	1	0.00308641975308642	324	9882	11490	Adam15
SM00408	IGc2	0.763576609747045	-0.269741819151501	228	6	0.0185185185185185	324	9882	545156,16542,83382,243958,211323,83964	Kalrn,Kdr,Siglece,Siglecg,Nrg1,Jam3
SM00192	LDLa	0.77008768466917	-0.261250894424081	44	1	0.00308641975308642	324	9882	19143	St14
SM00133	S_TK_X	0.777659507202979	-0.251466502011128	45	1	0.00308641975308642	324	9882	263803	Pkn3
SM00365	LRR_SD22	0.835540930524129	-0.179675942889736	54	1	0.00308641975308642	324	9882	21897	Tlr1
SM00364	LRR_BAC	0.846206180903239	-0.166992236417435	56	1	0.00308641975308642	324	9882	224109	Nrros
SM00490	HELICc	0.867298939770119	-0.142371563741317	106	2	0.00617283950617284	324	9882	320790,80861	Chd7,Dhx58
SM00487	DEXDc	0.874093309504881	-0.134568147577968	108	2	0.00617283950617284	324	9882	80861,320790	Dhx58,Chd7
SM00033	CH	0.882401226646886	-0.125108420918146	64	1	0.00308641975308642	324	9882	102502	Pls1
SM00325	RhoGEF	0.886282058015022	-0.120720029135547	65	1	0.00308641975308642	324	9882	545156	Kalrn
SM00028	TPR	0.903505218417169	-0.101473393186601	118	2	0.00617283950617284	324	9882	15957,667373	Ifit1,Ifit1bl1
SM00239	C2	0.910996131550042	-0.0932166281087556	121	2	0.00617283950617284	324	9882	226101,54153	Myof,Rasa4
SM00406	IGv	0.933558007525383	-0.068752178107303	81	1	0.00308641975308642	324	9882	83964	Jam3
SM00382	AAA	0.942555547412602	-0.0591604251498513	137	2	0.00617283950617284	324	9882	11307,21354	Abcg1,Tap1
SM00249	PHD	0.949230353511567	-0.0521037769381693	89	1	0.00308641975308642	324	9882	434484	Sp140
SM00225	BTB	0.964236233771865	-0.0364189586129112	202	3	0.00925925925925926	324	9882	72844,56490,80283	Kctd17,Zbtb20,Abtb1
SM00320	WD40	0.971047704210405	-0.0293796829476454	256	4	0.0123456790123457	324	9882	70235,54636,72205,21885	Poc1a,Wdr45,Eml2,Tle1
SM00355	ZnF_C2H2	0.972333982962628	-0.0280559296689729	620	13	0.0401234567901235	324	9882	56220,16598,81018,245595,246196,23849,16601,68910,76373,56490,22691,408067,140482	Zfp386,Klf2,Rnf114,Zfp711,Zfp277,Klf6,Klf9,Zfp467,Zfp773,Zbtb20,Zscan2,Zfp874b,Zfp358
SM00349	KRAB	0.996694627332285	-0.00331084747947521	291	3	0.00925925925925926	324	9882	56220,76373,408067	Zfp386,Zfp773,Zfp874b
SM00360	RRM	0.998772115877558	-0.00122863858981373	199	1	0.00308641975308642	324	9882	12696	Cirbp
SM00389	HOX	0.999798792506702	-0.000201227738241145	252	1	0.00308641975308642	324	9882	15284	Hlx
SM00234	START	0.999999999972345	-2.76553657026482e-11	14	0	0	324	9882
SM00647	IBR	0.999999999972345	-2.76553657026482e-11	14	0	0	324	9882
SM00294	4.1m	0.999999999972345	-2.76553657026482e-11	14	0	0	324	9882
SM00241	ZP	0.999999999972345	-2.76553657026482e-11	14	0	0	324	9882
SM00046	DAGKc	0.999999999972345	-2.76553657026482e-11	14	0	0	324	9882
SM00445	LINK	0.999999999972345	-2.76553657026482e-11	14	0	0	324	9882
SM00615	EPH_lbd	0.999999999972345	-2.76553657026482e-11	14	0	0	324	9882
SM00832	C8	0.999999999972345	-2.76553657026482e-11	14	0	0	324	9882
SM00135	LY	0.999999999972345	-2.76553657026482e-11	14	0	0	324	9882
SM00569	L27	0.999999999975928	-2.40715682272432e-11	13	0	0	324	9882
SM00036	CNH	0.999999999975928	-2.40715682272432e-11	13	0	0	324	9882
SM01195	FA	0.999999999975928	-2.40715682272432e-11	13	0	0	324	9882
SM00156	PP2Ac	0.999999999975928	-2.40715682272432e-11	13	0	0	324	9882
SM00230	CysPc	0.999999999975928	-2.40715682272432e-11	13	0	0	324	9882
SM00059	FN2	0.999999999975928	-2.40715682272432e-11	13	0	0	324	9882
SM01189	ELM2	0.999999999975928	-2.40715682272432e-11	13	0	0	324	9882
SM00698	MORN	0.999999999975928	-2.40715682272432e-11	13	0	0	324	9882
SM00526	H15	0.999999999975928	-2.40715682272432e-11	13	0	0	324	9882
SM00427	H2B	0.999999999975928	-2.40715682272432e-11	13	0	0	324	9882
SM00479	EXOIII	0.999999999975928	-2.40715682272432e-11	13	0	0	324	9882
SM00720	calpain_III	0.999999999979948	-2.00521179621393e-11	11	0	0	324	9882
SM00096	UTG	0.999999999979948	-2.00521179621393e-11	11	0	0	324	9882
SM00276	GLECT	0.999999999979948	-2.00521179621393e-11	11	0	0	324	9882
SM00508	PostSET	0.999999999979948	-2.00521179621393e-11	11	0	0	324	9882
SM00274	FOLN	0.999999999979948	-2.00521179621393e-11	11	0	0	324	9882
SM01330	Frizzled	0.999999999979948	-2.00521179621393e-11	11	0	0	324	9882
SM00027	EH	0.999999999979948	-2.00521179621393e-11	11	0	0	324	9882
SM00386	HAT	0.999999999979948	-2.00521179621393e-11	11	0	0	324	9882
SM00460	TGc	0.999999999979948	-2.00521179621393e-11	11	0	0	324	9882
SM00038	COLFI	0.999999999979948	-2.00521179621393e-11	11	0	0	324	9882
SM00238	BIR	0.999999999979948	-2.00521179621393e-11	11	0	0	324	9882
SM00439	BAH	0.999999999979948	-2.00521179621393e-11	11	0	0	324	9882
SM00955	RNB	0.999999999982365	-1.76345181184234e-11	4	0	0	324	9882
SM01153	DUF1693	0.999999999982365	-1.76345181184234e-11	4	0	0	324	9882
SM01398	Cornichon	0.999999999982365	-1.76345181184234e-11	4	0	0	324	9882
SM00068	GHB	0.999999999982365	-1.76345181184234e-11	4	0	0	324	9882
SM00973	Sec63	0.999999999982365	-1.76345181184234e-11	4	0	0	324	9882
SM01192	Enolase_C	0.999999999982365	-1.76345181184234e-11	4	0	0	324	9882
SM00723	AMOP	0.999999999982365	-1.76345181184234e-11	4	0	0	324	9882
SM00206	NTR	0.999999999982365	-1.76345181184234e-11	4	0	0	324	9882
SM00025	Pumilio	0.999999999982365	-1.76345181184234e-11	4	0	0	324	9882
SM01340	DNA_mis_repair	0.999999999982365	-1.76345181184234e-11	4	0	0	324	9882
SM00520	BASIC	0.999999999982365	-1.76345181184234e-11	4	0	0	324	9882
SM00058	FN1	0.999999999982365	-1.76345181184234e-11	4	0	0	324	9882
SM01020	B2-adapt-app_C	0.999999999982365	-1.76345181184234e-11	4	0	0	324	9882
SM00313	PXA	0.999999999982365	-1.76345181184234e-11	4	0	0	324	9882
SM00679	CTNS	0.999999999982365	-1.76345181184234e-11	4	0	0	324	9882
SM01407	NAC	0.999999999982365	-1.76345181184234e-11	4	0	0	324	9882
SM00486	POLBc	0.999999999982365	-1.76345181184234e-11	4	0	0	324	9882
SM00484	XPGI	0.999999999982365	-1.76345181184234e-11	4	0	0	324	9882
SM00140	NGF	0.999999999982365	-1.76345181184234e-11	4	0	0	324	9882
SM00755	Grip	0.999999999982365	-1.76345181184234e-11	4	0	0	324	9882
SM00307	ILWEQ	0.999999999982365	-1.76345181184234e-11	4	0	0	324	9882
SM00889	EFG_IV	0.999999999982365	-1.76345181184234e-11	4	0	0	324	9882
SM01338	NOD	0.999999999982365	-1.76345181184234e-11	4	0	0	324	9882
SM00564	PQQ	0.999999999982365	-1.76345181184234e-11	4	0	0	324	9882
SM00392	PROF	0.999999999982365	-1.76345181184234e-11	4	0	0	324	9882
SM00279	HhH2	0.999999999982365	-1.76345181184234e-11	4	0	0	324	9882
SM00485	XPGN	0.999999999982365	-1.76345181184234e-11	4	0	0	324	9882
SM00227	NEBU	0.999999999982365	-1.76345181184234e-11	4	0	0	324	9882
SM00573	HSA	0.999999999982365	-1.76345181184234e-11	4	0	0	324	9882
SM00197	SAA	0.999999999982365	-1.76345181184234e-11	4	0	0	324	9882
SM00474	35EXOc	0.999999999982365	-1.76345181184234e-11	4	0	0	324	9882
SM01007	Aldolase_II	0.999999999982365	-1.76345181184234e-11	4	0	0	324	9882
SM00051	DSL	0.999999999982365	-1.76345181184234e-11	4	0	0	324	9882
SM00527	HMG17	0.999999999982365	-1.76345181184234e-11	4	0	0	324	9882
SM00488	DEXDc2	0.999999999982365	-1.76345181184234e-11	4	0	0	324	9882
SM01249	KASH	0.999999999982365	-1.76345181184234e-11	4	0	0	324	9882
SM00541	FYRN	0.999999999982365	-1.76345181184234e-11	4	0	0	324	9882
SM00491	HELICc2	0.999999999982365	-1.76345181184234e-11	4	0	0	324	9882
SM01046	c-SKI_SMAD_bind	0.999999999982365	-1.76345181184234e-11	4	0	0	324	9882
SM01225	G8	0.999999999982365	-1.76345181184234e-11	4	0	0	324	9882
SM00542	FYRC	0.999999999982365	-1.76345181184234e-11	4	0	0	324	9882
SM01375	Dynein_light	0.999999999982365	-1.76345181184234e-11	4	0	0	324	9882
SM01392	MAGE_N	0.999999999982365	-1.76345181184234e-11	4	0	0	324	9882
SM01053	CaMBD	0.999999999982365	-1.76345181184234e-11	4	0	0	324	9882
SM00483	POLXc	0.999999999982365	-1.76345181184234e-11	4	0	0	324	9882
SM00734	ZnF_Rad18	0.999999999982365	-1.76345181184234e-11	4	0	0	324	9882
SM00804	TAP_C	0.999999999982365	-1.76345181184234e-11	4	0	0	324	9882
SM00098	alkPPc	0.999999999982365	-1.76345181184234e-11	4	0	0	324	9882
SM00426	TEA	0.999999999982365	-1.76345181184234e-11	4	0	0	324	9882
SM00750	KIND	0.999999999982365	-1.76345181184234e-11	4	0	0	324	9882
SM01339	NODP	0.999999999982365	-1.76345181184234e-11	4	0	0	324	9882
SM01178	DUF4217	0.999999999982365	-1.76345181184234e-11	4	0	0	324	9882
SM01417	Solute_trans_a	0.999999999982365	-1.76345181184234e-11	4	0	0	324	9882
SM01027	Beta-Casp	0.999999999982365	-1.76345181184234e-11	4	0	0	324	9882
SM01193	Enolase_N	0.999999999982365	-1.76345181184234e-11	4	0	0	324	9882
SM00753	PAM	0.999999999982365	-1.76345181184234e-11	4	0	0	324	9882
SM00560	LamGL	0.999999999982365	-1.76345181184234e-11	4	0	0	324	9882
SM00667	LisH	0.999999999983038	-1.69621569130004e-11	22	0	0	324	9882
SM00240	FHA	0.999999999983038	-1.69621569130004e-11	22	0	0	324	9882
SM00442	FGF	0.999999999983038	-1.69621569130004e-11	22	0	0	324	9882
SM00513	SAP	0.999999999983038	-1.69621569130004e-11	22	0	0	324	9882
SM00428	H3	0.999999999984119	-1.58810482026036e-11	5	0	0	324	9882
SM01163	DUF1785	0.999999999984119	-1.58810482026036e-11	5	0	0	324	9882
SM00331	PP2C_SIG	0.999999999984119	-1.58810482026036e-11	5	0	0	324	9882
SM00878	Biotin_carb_C	0.999999999984119	-1.58810482026036e-11	5	0	0	324	9882
SM01145	DUF1041	0.999999999984119	-1.58810482026036e-11	5	0	0	324	9882
SM00584	TLDc	0.999999999984119	-1.58810482026036e-11	5	0	0	324	9882
SM00838	EFG_C	0.999999999984119	-1.58810482026036e-11	5	0	0	324	9882
SM01270	Longin	0.999999999984119	-1.58810482026036e-11	5	0	0	324	9882
SM00540	LEM	0.999999999984119	-1.58810482026036e-11	5	0	0	324	9882
SM00733	Mterf	0.999999999984119	-1.58810482026036e-11	5	0	0	324	9882
SM00533	MUTSd	0.999999999984119	-1.58810482026036e-11	5	0	0	324	9882
SM00321	WSC	0.999999999984119	-1.58810482026036e-11	5	0	0	324	9882
SM00570	AWS	0.999999999984119	-1.58810482026036e-11	5	0	0	324	9882
SM00602	VPS10	0.999999999984119	-1.58810482026036e-11	5	0	0	324	9882
SM00642	Aamy	0.999999999984119	-1.58810482026036e-11	5	0	0	324	9882
SM00765	MANEC	0.999999999984119	-1.58810482026036e-11	5	0	0	324	9882
SM01008	Ald_Xan_dh_C	0.999999999984119	-1.58810482026036e-11	5	0	0	324	9882
SM00572	DZF	0.999999999984119	-1.58810482026036e-11	5	0	0	324	9882
SM00539	NIDO	0.999999999984119	-1.58810482026036e-11	5	0	0	324	9882
SM00571	DDT	0.999999999984119	-1.58810482026036e-11	5	0	0	324	9882
SM00872	Alpha-mann_mid	0.999999999984119	-1.58810482026036e-11	5	0	0	324	9882
SM00879	Brix	0.999999999984119	-1.58810482026036e-11	5	0	0	324	9882
SM00266	CAD	0.999999999984119	-1.58810482026036e-11	5	0	0	324	9882
SM00264	BAG	0.999999999984119	-1.58810482026036e-11	5	0	0	324	9882
SM00580	PUG	0.999999999984119	-1.58810482026036e-11	5	0	0	324	9882
SM00614	ZnF_BED	0.999999999984119	-1.58810482026036e-11	5	0	0	324	9882
SM01408	ING	0.999999999984119	-1.58810482026036e-11	5	0	0	324	9882
SM01092	CO_deh_flav_C	0.999999999984119	-1.58810482026036e-11	5	0	0	324	9882
SM00446	LRRcap	0.999999999984119	-1.58810482026036e-11	5	0	0	324	9882
SM00673	CARP	0.999999999984119	-1.58810482026036e-11	5	0	0	324	9882
SM00549	TAFH	0.999999999984119	-1.58810482026036e-11	5	0	0	324	9882
SM00991	WHEP-TRS	0.999999999984119	-1.58810482026036e-11	5	0	0	324	9882
SM00739	KOW	0.999999999984119	-1.58810482026036e-11	5	0	0	324	9882
SM00664	DoH	0.999999999984119	-1.58810482026036e-11	5	0	0	324	9882
SM00892	Endonuclease_NS	0.999999999984119	-1.58810482026036e-11	5	0	0	324	9882
SM01041	BRO1	0.999999999984119	-1.58810482026036e-11	5	0	0	324	9882
SM00891	ERCC4	0.999999999984119	-1.58810482026036e-11	5	0	0	324	9882
SM00534	MUTSac	0.999999999984119	-1.58810482026036e-11	5	0	0	324	9882
SM00160	RanBD	0.999999999984119	-1.58810482026036e-11	5	0	0	324	9882
SM00089	PKD	0.999999999984119	-1.58810482026036e-11	5	0	0	324	9882
SM00678	WWE	0.999999999984119	-1.58810482026036e-11	5	0	0	324	9882
SM01223	FTO_NTD	0.999999999986439	-1.35612562845999e-11	1	0	0	324	9882
SM00738	NGN	0.999999999986439	-1.35612562845999e-11	1	0	0	324	9882
SM01129	DELLA	0.999999999986439	-1.35612562845999e-11	1	0	0	324	9882
SM00752	HTTM	0.999999999986439	-1.35612562845999e-11	1	0	0	324	9882
SM00245	TSPc	0.999999999986439	-1.35612562845999e-11	1	0	0	324	9882
SM00784	SPT2	0.999999999986439	-1.35612562845999e-11	1	0	0	324	9882
SM01402	Ribosomal_S27	0.999999999986439	-1.35612562845999e-11	1	0	0	324	9882
SM00026	EPEND	0.999999999986439	-1.35612562845999e-11	1	0	0	324	9882
SM01098	CPSF73-100_C	0.999999999986439	-1.35612562845999e-11	1	0	0	324	9882
SM01278	MAPKK1_Int	0.999999999986439	-1.35612562845999e-11	1	0	0	324	9882
SM01364	NPP	0.999999999986439	-1.35612562845999e-11	1	0	0	324	9882
SM01135	DIRP	0.999999999986439	-1.35612562845999e-11	1	0	0	324	9882
SM01016	Arg_tRNA_synt_N	0.999999999986439	-1.35612562845999e-11	1	0	0	324	9882
SM01030	BHD_1	0.999999999986439	-1.35612562845999e-11	1	0	0	324	9882
SM01191	ENT	0.999999999986439	-1.35612562845999e-11	1	0	0	324	9882
SM01286	SPT16	0.999999999986439	-1.35612562845999e-11	1	0	0	324	9882
SM01033	BING4CT	0.999999999986439	-1.35612562845999e-11	1	0	0	324	9882
SM01284	ECSIT_Cterm	0.999999999986439	-1.35612562845999e-11	1	0	0	324	9882
SM00318	SNc	0.999999999986439	-1.35612562845999e-11	1	0	0	324	9882
SM01409	RNA_pol_Rpb6	0.999999999986439	-1.35612562845999e-11	1	0	0	324	9882
SM00470	ParB	0.999999999986439	-1.35612562845999e-11	1	0	0	324	9882
SM00928	NADH_4Fe-4S	0.999999999986439	-1.35612562845999e-11	1	0	0	324	9882
SM00998	ADSL_C	0.999999999986439	-1.35612562845999e-11	1	0	0	324	9882
SM01220	FSA_C	0.999999999986439	-1.35612562845999e-11	1	0	0	324	9882
SM01356	AP4E_app_platf	0.999999999986439	-1.35612562845999e-11	1	0	0	324	9882
SM01365	Op_neuropeptide	0.999999999986439	-1.35612562845999e-11	1	0	0	324	9882
SM00719	Plus3	0.999999999986439	-1.35612562845999e-11	1	0	0	324	9882
SM00613	PAW	0.999999999986439	-1.35612562845999e-11	1	0	0	324	9882
SM00762	Cog4	0.999999999986439	-1.35612562845999e-11	1	0	0	324	9882
SM01354	BLVR	0.999999999986439	-1.35612562845999e-11	1	0	0	324	9882
SM01136	DKCLD	0.999999999986439	-1.35612562845999e-11	1	0	0	324	9882
SM00823	PKS_PP	0.999999999986439	-1.35612562845999e-11	1	0	0	324	9882
SM01211	GATase_5	0.999999999986439	-1.35612562845999e-11	1	0	0	324	9882
SM00071	Galanin	0.999999999986439	-1.35612562845999e-11	1	0	0	324	9882
SM00859	Semialdhyde_dh	0.999999999986439	-1.35612562845999e-11	1	0	0	324	9882
SM01261	Thymopoietin	0.999999999986439	-1.35612562845999e-11	1	0	0	324	9882
SM01303	RasGEF_N_2	0.999999999986439	-1.35612562845999e-11	1	0	0	324	9882
SM00538	POP4	0.999999999986439	-1.35612562845999e-11	1	0	0	324	9882
SM00417	H4	0.999999999986439	-1.35612562845999e-11	1	0	0	324	9882
SM01262	LAMTOR	0.999999999986439	-1.35612562845999e-11	1	0	0	324	9882
SM00748	HEPN	0.999999999986439	-1.35612562845999e-11	1	0	0	324	9882
SM01219	Frataxin_Cyay	0.999999999986439	-1.35612562845999e-11	1	0	0	324	9882
SM01285	FACT-Spt16_Nlob	0.999999999986439	-1.35612562845999e-11	1	0	0	324	9882
SM01160	DUF1751	0.999999999986439	-1.35612562845999e-11	1	0	0	324	9882
SM01082	CHZ	0.999999999986439	-1.35612562845999e-11	1	0	0	324	9882
SM00465	GIYc	0.999999999986439	-1.35612562845999e-11	1	0	0	324	9882
SM00189	IL2	0.999999999986439	-1.35612562845999e-11	1	0	0	324	9882
SM00658	RPOL8c	0.999999999986439	-1.35612562845999e-11	1	0	0	324	9882
SM01393	Ribosomal_L32e	0.999999999986439	-1.35612562845999e-11	1	0	0	324	9882
SM01125	DCP2	0.999999999986439	-1.35612562845999e-11	1	0	0	324	9882
SM00817	Amelin	0.999999999986439	-1.35612562845999e-11	1	0	0	324	9882
SM00798	AICARFT_IMPCHas	0.999999999986439	-1.35612562845999e-11	1	0	0	324	9882
SM01264	M16C_associated	0.999999999986439	-1.35612562845999e-11	1	0	0	324	9882
SM01378	Romo1	0.999999999986439	-1.35612562845999e-11	1	0	0	324	9882
SM01384	Ribosomal_L15e	0.999999999986439	-1.35612562845999e-11	1	0	0	324	9882
SM01352	APCDDC	0.999999999986439	-1.35612562845999e-11	1	0	0	324	9882
SM01386	Ribosomal_S13_N	0.999999999986439	-1.35612562845999e-11	1	0	0	324	9882
SM00226	LMWPc	0.999999999986439	-1.35612562845999e-11	1	0	0	324	9882
SM01197	FANCL_C	0.999999999986439	-1.35612562845999e-11	1	0	0	324	9882
SM01405	Ribosomal_S6e	0.999999999986439	-1.35612562845999e-11	1	0	0	324	9882
SM00990	VRR_NUC	0.999999999986439	-1.35612562845999e-11	1	0	0	324	9882
SM01214	Fmp27_GFWDK	0.999999999986439	-1.35612562845999e-11	1	0	0	324	9882
SM01228	GIDA_assoc_3	0.999999999986439	-1.35612562845999e-11	1	0	0	324	9882
SM00567	EZ_HEAT	0.999999999986439	-1.35612562845999e-11	1	0	0	324	9882
SM00986	UDG	0.999999999986439	-1.35612562845999e-11	1	0	0	324	9882
SM01158	DUF1741	0.999999999986439	-1.35612562845999e-11	1	0	0	324	9882
SM00984	UDPG_MGDP_dh_C	0.999999999986439	-1.35612562845999e-11	1	0	0	324	9882
SM01273	Mago-bind	0.999999999986439	-1.35612562845999e-11	1	0	0	324	9882
SM01413	Ribosomal_S19e	0.999999999986439	-1.35612562845999e-11	1	0	0	324	9882
SM01085	CK_II_beta	0.999999999986439	-1.35612562845999e-11	1	0	0	324	9882
SM01254	KLRAQ	0.999999999986439	-1.35612562845999e-11	1	0	0	324	9882
SM01348	Nbs1_C	0.999999999986439	-1.35612562845999e-11	1	0	0	324	9882
SM01180	DWNN	0.999999999986439	-1.35612562845999e-11	1	0	0	324	9882
SM00987	UreE_C	0.999999999986439	-1.35612562845999e-11	1	0	0	324	9882
SM00683	DM16	0.999999999986439	-1.35612562845999e-11	1	0	0	324	9882
SM00157	PRP	0.999999999986439	-1.35612562845999e-11	1	0	0	324	9882
SM01308	RICTOR_N	0.999999999986439	-1.35612562845999e-11	1	0	0	324	9882
SM00870	Asparaginase	0.999999999986439	-1.35612562845999e-11	1	0	0	324	9882
SM00035	CLa	0.999999999986439	-1.35612562845999e-11	1	0	0	324	9882
SM00703	NRF	0.999999999986439	-1.35612562845999e-11	1	0	0	324	9882
SM01118	CYTH	0.999999999986439	-1.35612562845999e-11	1	0	0	324	9882
SM01124	DBR1	0.999999999986439	-1.35612562845999e-11	1	0	0	324	9882
SM01102	CRM1_C	0.999999999986439	-1.35612562845999e-11	1	0	0	324	9882
SM01311	RPOL_N	0.999999999986439	-1.35612562845999e-11	1	0	0	324	9882
SM00743	Agenet	0.999999999986439	-1.35612562845999e-11	1	0	0	324	9882
SM00898	Fapy_DNA_glyco	0.999999999986439	-1.35612562845999e-11	1	0	0	324	9882
SM01087	COG6	0.999999999986439	-1.35612562845999e-11	1	0	0	324	9882
SM01168	DUF1907	0.999999999986439	-1.35612562845999e-11	1	0	0	324	9882
SM01183	EF1G	0.999999999986439	-1.35612562845999e-11	1	0	0	324	9882
SM01069	CDC37_C	0.999999999986439	-1.35612562845999e-11	1	0	0	324	9882
SM01406	PAPA-1	0.999999999986439	-1.35612562845999e-11	1	0	0	324	9882
SM01385	DSS1_SEM1	0.999999999986439	-1.35612562845999e-11	1	0	0	324	9882
SM00530	HTH_XRE	0.999999999986439	-1.35612562845999e-11	1	0	0	324	9882
SM00754	CHRD	0.999999999986439	-1.35612562845999e-11	1	0	0	324	9882
SM01404	CIMR	0.999999999986439	-1.35612562845999e-11	1	0	0	324	9882
SM01422	SARA	0.999999999986439	-1.35612562845999e-11	1	0	0	324	9882
SM00910	HIRAN	0.999999999986439	-1.35612562845999e-11	1	0	0	324	9882
SM00709	Zpr1	0.999999999986439	-1.35612562845999e-11	1	0	0	324	9882
SM00839	ELFV_dehydrog	0.999999999986439	-1.35612562845999e-11	1	0	0	324	9882
SM00934	OMPdecase	0.999999999986439	-1.35612562845999e-11	1	0	0	324	9882
SM01296	N2227	0.999999999986439	-1.35612562845999e-11	1	0	0	324	9882
SM00127	IL7	0.999999999986439	-1.35612562845999e-11	1	0	0	324	9882
SM01181	E2_bind	0.999999999986439	-1.35612562845999e-11	1	0	0	324	9882
SM01363	ACTH_domain	0.999999999986439	-1.35612562845999e-11	1	0	0	324	9882
SM01156	DUF1716	0.999999999986439	-1.35612562845999e-11	1	0	0	324	9882
SM01307	RICTOR_M	0.999999999986439	-1.35612562845999e-11	1	0	0	324	9882
SM01013	APC2	0.999999999986439	-1.35612562845999e-11	1	0	0	324	9882
SM01280	Mcm10	0.999999999986439	-1.35612562845999e-11	1	0	0	324	9882
SM01310	RICTOR_V	0.999999999986439	-1.35612562845999e-11	1	0	0	324	9882
SM00023	COLIPASE	0.999999999986439	-1.35612562845999e-11	1	0	0	324	9882
SM01347	Mre11_DNA_bind	0.999999999986439	-1.35612562845999e-11	1	0	0	324	9882
SM01060	Catalase	0.999999999986439	-1.35612562845999e-11	1	0	0	324	9882
SM00858	SAF	0.999999999986439	-1.35612562845999e-11	1	0	0	324	9882
SM00654	eIF6	0.999999999986439	-1.35612562845999e-11	1	0	0	324	9882
SM00463	SMR	0.999999999986439	-1.35612562845999e-11	1	0	0	324	9882
SM01047	C1_4	0.999999999986439	-1.35612562845999e-11	1	0	0	324	9882
SM00780	PIG-X	0.999999999986439	-1.35612562845999e-11	1	0	0	324	9882
SM01036	BP28CT	0.999999999986439	-1.35612562845999e-11	1	0	0	324	9882
SM00084	NMU	0.999999999986439	-1.35612562845999e-11	1	0	0	324	9882
SM01209	GARS_A	0.999999999986439	-1.35612562845999e-11	1	0	0	324	9882
SM01133	DeoC	0.999999999986439	-1.35612562845999e-11	1	0	0	324	9882
SM00826	PKS_DH	0.999999999986439	-1.35612562845999e-11	1	0	0	324	9882
SM01377	Ribosomal_L40e	0.999999999986439	-1.35612562845999e-11	1	0	0	324	9882
SM00929	NADH-G_4Fe-4S_3	0.999999999986439	-1.35612562845999e-11	1	0	0	324	9882
SM01335	PADR1	0.999999999986439	-1.35612562845999e-11	1	0	0	324	9882
SM00818	Amelogenin	0.999999999986439	-1.35612562845999e-11	1	0	0	324	9882
SM01353	AIF_C	0.999999999986439	-1.35612562845999e-11	1	0	0	324	9882
SM00203	TK	0.999999999986439	-1.35612562845999e-11	1	0	0	324	9882
SM01155	DUF1713	0.999999999986439	-1.35612562845999e-11	1	0	0	324	9882
SM00802	UME	0.999999999986439	-1.35612562845999e-11	1	0	0	324	9882
SM01004	ALAD	0.999999999986439	-1.35612562845999e-11	1	0	0	324	9882
SM01295	K167R	0.999999999986439	-1.35612562845999e-11	1	0	0	324	9882
SM01075	CDT1	0.999999999986439	-1.35612562845999e-11	1	0	0	324	9882
SM01044	Btz	0.999999999986439	-1.35612562845999e-11	1	0	0	324	9882
SM00731	SprT	0.999999999986439	-1.35612562845999e-11	1	0	0	324	9882
SM00254	ShKT	0.999999999986439	-1.35612562845999e-11	1	0	0	324	9882
SM00883	Cpn10	0.999999999986439	-1.35612562845999e-11	1	0	0	324	9882
SM01346	DUF3385	0.999999999986439	-1.35612562845999e-11	1	0	0	324	9882
SM01173	DUF4187	0.999999999986439	-1.35612562845999e-11	1	0	0	324	9882
SM00019	SF_P	0.999999999986439	-1.35612562845999e-11	1	0	0	324	9882
SM01344	NUC194	0.999999999986439	-1.35612562845999e-11	1	0	0	324	9882
SM01306	RFX5_DNA_bdg	0.999999999986439	-1.35612562845999e-11	1	0	0	324	9882
SM01128	DDRGK	0.999999999986439	-1.35612562845999e-11	1	0	0	324	9882
SM01350	6PGD	0.999999999986439	-1.35612562845999e-11	1	0	0	324	9882
SM01035	BOP1NT	0.999999999986439	-1.35612562845999e-11	1	0	0	324	9882
SM01077	Cg6151-P	0.999999999986439	-1.35612562845999e-11	1	0	0	324	9882
SM01297	KAP	0.999999999986439	-1.35612562845999e-11	1	0	0	324	9882
SM00944	Pro-kuma_activ	0.999999999986439	-1.35612562845999e-11	1	0	0	324	9882
SM00975	Telomerase_RBD	0.999999999986439	-1.35612562845999e-11	1	0	0	324	9882
SM00946	ProRS-C_1	0.999999999986439	-1.35612562845999e-11	1	0	0	324	9882
SM00904	Flavokinase	0.999999999986439	-1.35612562845999e-11	1	0	0	324	9882
SM01342	TAN	0.999999999986439	-1.35612562845999e-11	1	0	0	324	9882
SM01396	BC10	0.999999999986439	-1.35612562845999e-11	1	0	0	324	9882
SM00941	PYNP_C	0.999999999986439	-1.35612562845999e-11	1	0	0	324	9882
SM01302	Raptor_N	0.999999999986439	-1.35612562845999e-11	1	0	0	324	9882
SM01341	Tower	0.999999999986439	-1.35612562845999e-11	1	0	0	324	9882
SM00535	RIBOc	0.999999999986439	-1.35612562845999e-11	1	0	0	324	9882
SM01210	GARS_C	0.999999999986439	-1.35612562845999e-11	1	0	0	324	9882
SM01148	DUF1220	0.999999999986439	-1.35612562845999e-11	1	0	0	324	9882
SM01169	DUF1943	0.999999999986439	-1.35612562845999e-11	1	0	0	324	9882
SM01380	Ribosomal_L31e	0.999999999986439	-1.35612562845999e-11	1	0	0	324	9882
SM00521	CBF	0.999999999986439	-1.35612562845999e-11	1	0	0	324	9882
SM01162	DUF1771	0.999999999986439	-1.35612562845999e-11	1	0	0	324	9882
SM01001	AIRC	0.999999999986439	-1.35612562845999e-11	1	0	0	324	9882
SM01309	RICTOR_phospho	0.999999999986439	-1.35612562845999e-11	1	0	0	324	9882
SM01416	Ribosomal_L19e	0.999999999986439	-1.35612562845999e-11	1	0	0	324	9882
SM00030	CLb	0.999999999986439	-1.35612562845999e-11	1	0	0	324	9882
SM00983	TPK_B1_binding	0.999999999986439	-1.35612562845999e-11	1	0	0	324	9882
SM01414	P68HR	0.999999999986439	-1.35612562845999e-11	1	0	0	324	9882
SM01018	B12-binding_2	0.999999999986439	-1.35612562845999e-11	1	0	0	324	9882
SM01024	BCS1_N	0.999999999986439	-1.35612562845999e-11	1	0	0	324	9882
SM00995	AD	0.999999999986439	-1.35612562845999e-11	1	0	0	324	9882
SM00017	OSTEO	0.999999999986439	-1.35612562845999e-11	1	0	0	324	9882
SM01253	Kin17_mid	0.999999999986439	-1.35612562845999e-11	1	0	0	324	9882
SM00040	CSF2	0.999999999986439	-1.35612562845999e-11	1	0	0	324	9882
SM00507	HNHc	0.999999999986439	-1.35612562845999e-11	1	0	0	324	9882
SM00684	DM15	0.999999999986439	-1.35612562845999e-11	1	0	0	324	9882
SM01159	DUF1744	0.999999999986439	-1.35612562845999e-11	1	0	0	324	9882
SM01032	BHD_3	0.999999999986439	-1.35612562845999e-11	1	0	0	324	9882
SM01123	DBP10CT	0.999999999986439	-1.35612562845999e-11	1	0	0	324	9882
SM01395	Tbf5	0.999999999986439	-1.35612562845999e-11	1	0	0	324	9882
SM01031	BHD_2	0.999999999986439	-1.35612562845999e-11	1	0	0	324	9882
SM01120	Dak2	0.999999999986439	-1.35612562845999e-11	1	0	0	324	9882
SM01379	GAGE	0.999999999986439	-1.35612562845999e-11	1	0	0	324	9882
SM00932	Nfu_N	0.999999999986439	-1.35612562845999e-11	1	0	0	324	9882
SM01204	FIST_C	0.999999999986439	-1.35612562845999e-11	1	0	0	324	9882
SM01331	DUF3635	0.999999999986439	-1.35612562845999e-11	1	0	0	324	9882
SM01222	FTCD_N	0.999999999986439	-1.35612562845999e-11	1	0	0	324	9882
SM00067	GHA	0.999999999986439	-1.35612562845999e-11	1	0	0	324	9882
SM01152	DUF167	0.999999999986439	-1.35612562845999e-11	1	0	0	324	9882
SM00805	AGTRAP	0.999999999986439	-1.35612562845999e-11	1	0	0	324	9882
SM00874	B5	0.999999999986439	-1.35612562845999e-11	1	0	0	324	9882
SM00659	RPOLCX	0.999999999986439	-1.35612562845999e-11	1	0	0	324	9882
SM01221	FTCD	0.999999999986439	-1.35612562845999e-11	1	0	0	324	9882
SM01186	eIF3_N	0.999999999986439	-1.35612562845999e-11	1	0	0	324	9882
SM00845	GatB_Yqey	0.999999999986439	-1.35612562845999e-11	1	0	0	324	9882
SM01071	CDC37_N	0.999999999986439	-1.35612562845999e-11	1	0	0	324	9882
SM01397	Ribosomal_S3Ae	0.999999999986439	-1.35612562845999e-11	1	0	0	324	9882
SM00235	ZnMc	0.999999999988731	-1.12684893752917e-11	29	0	0	324	9882
SM00451	ZnF_U1	0.999999999988731	-1.12684893752917e-11	29	0	0	324	9882
SM00558	JmjC	0.999999999988731	-1.12684893752917e-11	29	0	0	324	9882
SM00303	GPS	0.999999999988731	-1.12684893752917e-11	29	0	0	324	9882
SM00110	C1Q	0.999999999988731	-1.12684893752917e-11	29	0	0	324	9882
SM00247	XTALbg	0.999999999990463	-9.53692200014677e-12	17	0	0	324	9882
SM00216	VWD	0.999999999990463	-9.53692200014677e-12	17	0	0	324	9882
SM00061	MATH	0.999999999990463	-9.53692200014677e-12	17	0	0	324	9882
SM00744	RINGv	0.999999999990463	-9.53692200014677e-12	17	0	0	324	9882
SM00425	TBOX	0.999999999990463	-9.53692200014677e-12	17	0	0	324	9882
SM01332	Cyclin_C	0.999999999990463	-9.53692200014677e-12	17	0	0	324	9882
SM00280	KAZAL	0.999999999990681	-9.31934618679627e-12	36	0	0	324	9882
SM00317	SET	0.999999999990681	-9.31934618679627e-12	36	0	0	324	9882
SM01073	CDC48_N	0.999999999991404	-8.59581917228352e-12	3	0	0	324	9882
SM01401	Sds3	0.999999999991404	-8.59581917228352e-12	3	0	0	324	9882
SM00751	BSD	0.999999999991404	-8.59581917228352e-12	3	0	0	324	9882
SM01199	FDF	0.999999999991404	-8.59581917228352e-12	3	0	0	324	9882
SM00473	PAN_AP	0.999999999991404	-8.59581917228352e-12	3	0	0	324	9882
SM01370	TAFII55_N	0.999999999991404	-8.59581917228352e-12	3	0	0	324	9882
SM01333	Tet_JBP	0.999999999991404	-8.59581917228352e-12	3	0	0	324	9882
SM00309	PAH	0.999999999991404	-8.59581917228352e-12	3	0	0	324	9882
SM01424	HAP1_N	0.999999999991404	-8.59581917228352e-12	3	0	0	324	9882
SM00650	rADc	0.999999999991404	-8.59581917228352e-12	3	0	0	324	9882
SM01366	c-clamp	0.999999999991404	-8.59581917228352e-12	3	0	0	324	9882
SM00002	PLP	0.999999999991404	-8.59581917228352e-12	3	0	0	324	9882
SM00916	L51_S25_CI-B8	0.999999999991404	-8.59581917228352e-12	3	0	0	324	9882
SM00341	HRDC	0.999999999991404	-8.59581917228352e-12	3	0	0	324	9882
SM01146	DUF1086	0.999999999991404	-8.59581917228352e-12	3	0	0	324	9882
SM00151	SWIB	0.999999999991404	-8.59581917228352e-12	3	0	0	324	9882
SM00981	THUMP	0.999999999991404	-8.59581917228352e-12	3	0	0	324	9882
SM01212	Fib_alpha	0.999999999991404	-8.59581917228352e-12	3	0	0	324	9882
SM01269	Lipid_DES	0.999999999991404	-8.59581917228352e-12	3	0	0	324	9882
SM01147	DUF1087	0.999999999991404	-8.59581917228352e-12	3	0	0	324	9882
SM00676	DM10	0.999999999991404	-8.59581917228352e-12	3	0	0	324	9882
SM01300	PEHE	0.999999999991404	-8.59581917228352e-12	3	0	0	324	9882
SM01367	DUF3452	0.999999999991404	-8.59581917228352e-12	3	0	0	324	9882
SM01176	DUF4208	0.999999999991404	-8.59581917228352e-12	3	0	0	324	9882
SM01065	CBM_2	0.999999999991404	-8.59581917228352e-12	3	0	0	324	9882
SM00482	POLAc	0.999999999991404	-8.59581917228352e-12	3	0	0	324	9882
SM00851	MGS	0.999999999991404	-8.59581917228352e-12	3	0	0	324	9882
SM00663	RPOLA_N	0.999999999991404	-8.59581917228352e-12	3	0	0	324	9882
SM00712	PUR	0.999999999991404	-8.59581917228352e-12	3	0	0	324	9882
SM01051	CAMSAP_CKK	0.999999999991404	-8.59581917228352e-12	3	0	0	324	9882
SM00438	ZnF_NFX	0.999999999991404	-8.59581917228352e-12	3	0	0	324	9882
SM00773	WGR	0.999999999991404	-8.59581917228352e-12	3	0	0	324	9882
SM00305	HintC	0.999999999991404	-8.59581917228352e-12	3	0	0	324	9882
SM01084	CKS	0.999999999991404	-8.59581917228352e-12	3	0	0	324	9882
SM00143	PI3K_p85B	0.999999999991404	-8.59581917228352e-12	3	0	0	324	9882
SM00459	Sorb	0.999999999991404	-8.59581917228352e-12	3	0	0	324	9882
SM00478	ENDO3c	0.999999999991404	-8.59581917228352e-12	3	0	0	324	9882
SM00803	TAF	0.999999999991404	-8.59581917228352e-12	3	0	0	324	9882
SM01257	KRAP_IP3R_bind	0.999999999991404	-8.59581917228352e-12	3	0	0	324	9882
SM00672	CAP10	0.999999999991404	-8.59581917228352e-12	3	0	0	324	9882
SM00363	S4	0.999999999991404	-8.59581917228352e-12	3	0	0	324	9882
SM01369	Rb_C	0.999999999991404	-8.59581917228352e-12	3	0	0	324	9882
SM00306	HintN	0.999999999991404	-8.59581917228352e-12	3	0	0	324	9882
SM00962	SRP54	0.999999999991404	-8.59581917228352e-12	3	0	0	324	9882
SM00985	UBA_e1_C	0.999999999991404	-8.59581917228352e-12	3	0	0	324	9882
SM00919	Malic_M	0.999999999991404	-8.59581917228352e-12	3	0	0	324	9882
SM00272	END	0.999999999991404	-8.59581917228352e-12	3	0	0	324	9882
SM00006	A4_EXTRA	0.999999999991404	-8.59581917228352e-12	3	0	0	324	9882
SM01218	FoP_duplication	0.999999999991404	-8.59581917228352e-12	3	0	0	324	9882
SM00963	SRP54_N	0.999999999991404	-8.59581917228352e-12	3	0	0	324	9882
SM01334	DUF3454	0.999999999991404	-8.59581917228352e-12	3	0	0	324	9882
SM00682	G2F	0.999999999991404	-8.59581917228352e-12	3	0	0	324	9882
SM00090	RIO	0.999999999991404	-8.59581917228352e-12	3	0	0	324	9882
SM00960	Robl_LC7	0.999999999991404	-8.59581917228352e-12	3	0	0	324	9882
SM01305	RESP18	0.999999999991404	-8.59581917228352e-12	3	0	0	324	9882
SM01271	LSM14	0.999999999991404	-8.59581917228352e-12	3	0	0	324	9882
SM00758	PA14	0.999999999991404	-8.59581917228352e-12	3	0	0	324	9882
SM00444	GYF	0.999999999991404	-8.59581917228352e-12	3	0	0	324	9882
SM00183	NAT_PEP	0.999999999991404	-8.59581917228352e-12	3	0	0	324	9882
SM00594	UAS	0.999999999991404	-8.59581917228352e-12	3	0	0	324	9882
SM01279	Matrilin_ccoil	0.999999999991404	-8.59581917228352e-12	3	0	0	324	9882
SM01232	H2TH	0.999999999991404	-8.59581917228352e-12	3	0	0	324	9882
SM00311	PWI	0.999999999991404	-8.59581917228352e-12	3	0	0	324	9882
SM01083	Cir_N	0.999999999991404	-8.59581917228352e-12	3	0	0	324	9882
SM00553	SEP	0.999999999991404	-8.59581917228352e-12	3	0	0	324	9882
SM00996	AdoHcyase	0.999999999991404	-8.59581917228352e-12	3	0	0	324	9882
SM01260	LANC_like	0.999999999991404	-8.59581917228352e-12	3	0	0	324	9882
SM00736	CADG	0.999999999991404	-8.59581917228352e-12	3	0	0	324	9882
SM00057	FIMAC	0.999999999991404	-8.59581917228352e-12	3	0	0	324	9882
SM01276	M60-like	0.999999999991404	-8.59581917228352e-12	3	0	0	324	9882
SM00278	HhH1	0.999999999991404	-8.59581917228352e-12	3	0	0	324	9882
SM01274	malic	0.999999999991404	-8.59581917228352e-12	3	0	0	324	9882
SM01368	RB_A	0.999999999991404	-8.59581917228352e-12	3	0	0	324	9882
SM00536	AXH	0.999999999991404	-8.59581917228352e-12	3	0	0	324	9882
SM00722	CASH	0.999999999991404	-8.59581917228352e-12	3	0	0	324	9882
SM00113	CALCITONIN	0.999999999991404	-8.59581917228352e-12	3	0	0	324	9882
SM00704	ZnF_CDGSH	0.999999999991404	-8.59581917228352e-12	3	0	0	324	9882
SM01299	PIP49_N	0.999999999991404	-8.59581917228352e-12	3	0	0	324	9882
SM00836	DALR_1	0.999999999991404	-8.59581917228352e-12	3	0	0	324	9882
SM00706	TECPR	0.999999999991404	-8.59581917228352e-12	3	0	0	324	9882
SM01151	DUF1518	0.999999999991404	-8.59581917228352e-12	3	0	0	324	9882
SM00997	AdoHcyase_NAD	0.999999999991404	-8.59581917228352e-12	3	0	0	324	9882
SM01246	Josephin	0.999999999991404	-8.59581917228352e-12	3	0	0	324	9882
SM01275	MamL-1	0.999999999991404	-8.59581917228352e-12	3	0	0	324	9882
SM00576	BTP	0.999999999991404	-8.59581917228352e-12	3	0	0	324	9882
SM00931	NOSIC	0.999999999991404	-8.59581917228352e-12	3	0	0	324	9882
SM00735	ZM	0.999999999991404	-8.59581917228352e-12	3	0	0	324	9882
SM00300	ChSh	0.999999999991404	-8.59581917228352e-12	3	0	0	324	9882
SM01403	Ribosomal_S10	0.999999999991404	-8.59581917228352e-12	3	0	0	324	9882
SM00246	WH2	0.999999999992217	-7.78276850143909e-12	12	0	0	324	9882
SM00523	DWA	0.999999999992217	-7.78276850143909e-12	12	0	0	324	9882
SM00159	PTX	0.999999999992217	-7.78276850143909e-12	12	0	0	324	9882
SM01265	Mab-21	0.999999999992217	-7.78276850143909e-12	12	0	0	324	9882
SM00232	JAB_MPN	0.999999999992217	-7.78276850143909e-12	12	0	0	324	9882
SM00391	MBD	0.999999999992217	-7.78276850143909e-12	12	0	0	324	9882
SM00908	Gal-bind_lectin	0.999999999992217	-7.78276850143909e-12	12	0	0	324	9882
SM00116	CBS	0.999999999992217	-7.78276850143909e-12	12	0	0	324	9882
SM00284	OLF	0.999999999992217	-7.78276850143909e-12	12	0	0	324	9882
SM00290	ZnF_UBP	0.999999999992217	-7.78276850143909e-12	12	0	0	324	9882
SM00401	ZnF_GATA	0.999999999992217	-7.78276850143909e-12	12	0	0	324	9882
SM00129	KISc	0.999999999992497	-7.50313371182022e-12	41	0	0	324	9882
SM00212	UBCc	0.999999999992497	-7.50313371182022e-12	41	0	0	324	9882
SM01052	CAP_GLY	0.999999999994338	-5.66227862451095e-12	10	0	0	324	9882
SM00045	DAGKa	0.999999999994338	-5.66227862451095e-12	10	0	0	324	9882
SM00543	MIF4G	0.999999999994338	-5.66227862451095e-12	10	0	0	324	9882
SM00128	IPPc	0.999999999994338	-5.66227862451095e-12	10	0	0	324	9882
SM01100	CRAL_TRIO_N	0.999999999994338	-5.66227862451095e-12	10	0	0	324	9882
SM00745	MIT	0.999999999994338	-5.66227862451095e-12	10	0	0	324	9882
SM00251	SAM_PNT	0.999999999994338	-5.66227862451095e-12	10	0	0	324	9882
SM00591	RWD	0.999999999994338	-5.66227862451095e-12	10	0	0	324	9882
SM01372	E2F_TDP	0.999999999994338	-5.66227862451095e-12	10	0	0	324	9882
SM00472	MIR	0.999999999994338	-5.66227862451095e-12	10	0	0	324	9882
SM01190	EMP24_GP25L	0.999999999994338	-5.66227862451095e-12	10	0	0	324	9882
SM01418	Defensin_propep	0.999999999994549	-5.45102329305882e-12	31	0	0	324	9882
SM00100	cNMP	0.999999999994549	-5.45102329305882e-12	31	0	0	324	9882
SM00458	RICIN	0.99999999999474	-5.25964324475244e-12	23	0	0	324	9882
SM00120	HX	0.999999999995722	-4.27809371930194e-12	24	0	0	324	9882
SM00076	IFabd	0.999999999995722	-4.27809371930194e-12	24	0	0	324	9882
SM00091	PAS	0.999999999995722	-4.27809371930194e-12	24	0	0	324	9882
SM01411	Ephrin_rec_like	0.999999999995722	-4.27809371930194e-12	24	0	0	324	9882
SM00008	HormR	0.999999999995722	-4.27809371930194e-12	24	0	0	324	9882
SM00561	MBT	0.999999999995761	-4.23905301488658e-12	9	0	0	324	9882
SM00674	CENPB	0.999999999995761	-4.23905301488658e-12	9	0	0	324	9882
SM01139	Drf_FH3	0.999999999995761	-4.23905301488658e-12	9	0	0	324	9882
SM00218	ZU5	0.999999999995761	-4.23905301488658e-12	9	0	0	324	9882
SM00668	CTLH	0.999999999995761	-4.23905301488658e-12	9	0	0	324	9882
SM00350	MCM	0.999999999995761	-4.23905301488658e-12	9	0	0	324	9882
SM01140	Drf_GBD	0.999999999995761	-4.23905301488658e-12	9	0	0	324	9882
SM00351	PAX	0.999999999995761	-4.23905301488658e-12	9	0	0	324	9882
SM00273	ENTH	0.999999999995761	-4.23905301488658e-12	9	0	0	324	9882
SM00393	R3H	0.999999999995761	-4.23905301488658e-12	9	0	0	324	9882
SM00727	STI1	0.999999999995761	-4.23905301488658e-12	9	0	0	324	9882
SM00141	PDGF	0.999999999995761	-4.23905301488658e-12	9	0	0	324	9882
SM00085	PA2c	0.999999999995761	-4.23905301488658e-12	9	0	0	324	9882
SM00809	Alpha_adaptinC2	0.999999999995761	-4.23905301488658e-12	9	0	0	324	9882
SM00387	HATPase_c	0.999999999995761	-4.23905301488658e-12	9	0	0	324	9882
SM00849	Lactamase_B	0.999999999995761	-4.23905301488658e-12	9	0	0	324	9882
SM00316	S1	0.999999999995761	-4.23905301488658e-12	9	0	0	324	9882
SM00537	DCX	0.999999999995761	-4.23905301488658e-12	9	0	0	324	9882
SM01026	Beach	0.999999999995761	-4.23905301488658e-12	9	0	0	324	9882
SM01349	TOG	0.999999999995761	-4.23905301488658e-12	9	0	0	324	9882
SM00652	eIF1a	0.999999999995761	-4.23905301488658e-12	9	0	0	324	9882
SM00545	JmjN	0.999999999995761	-4.23905301488658e-12	9	0	0	324	9882
SM00414	H2A	0.999999999997579	-2.42065377944925e-12	28	0	0	324	9882
SM00202	SR	0.999999999997579	-2.42065377944925e-12	28	0	0	324	9882
SM00322	KH	0.999999999997653	-2.3469290928727e-12	37	0	0	324	9882
SM00164	TBC	0.999999999997653	-2.3469290928727e-12	37	0	0	324	9882
SM00119	HECTc	0.999999999998189	-1.81104461147339e-12	27	0	0	324	9882
SM01381	7TM_GPCR_Srsx	0.999999999998489	-1.51058864709718e-12	186	0	0	324	9882
SM00207	TNF	0.999999999998771	-1.22938727657849e-12	16	0	0	324	9882
SM00358	DSRM	0.999999999998771	-1.22938727657849e-12	16	0	0	324	9882
SM00222	Sec7	0.999999999998771	-1.22938727657849e-12	16	0	0	324	9882
SM00724	TLC	0.999999999998771	-1.22938727657849e-12	16	0	0	324	9882
SM00086	PAC	0.999999999998771	-1.22938727657849e-12	16	0	0	324	9882
SM00913	IBN_N	0.999999999998771	-1.22938727657849e-12	16	0	0	324	9882
SM00568	GRAM	0.999999999998771	-1.22938727657849e-12	16	0	0	324	9882
SM00589	PRY	0.999999999998971	-1.02938725928712e-12	34	0	0	324	9882
SM00339	FH	0.999999999999951	-4.84658233296499e-14	45	0	0	324	9882
SM01014	ARID	1.00000000000022	2.17209429236068e-13	15	0	0	324	9882
SM00498	FH2	1.00000000000022	2.17209429236068e-13	15	0	0	324	9882
SM00088	PINT	1.00000000000022	2.17209429236068e-13	15	0	0	324	9882
SM01117	Cyt-b5	1.00000000000022	2.17209429236068e-13	15	0	0	324	9882
SM00352	POU	1.00000000000022	2.17209429236068e-13	15	0	0	324	9882
SM00726	UIM	1.00000000000022	2.17209429236068e-13	15	0	0	324	9882
SM00501	BRIGHT	1.00000000000022	2.17209429236068e-13	15	0	0	324	9882
SM00149	PLCYc	1.00000000000022	2.17209429236068e-13	15	0	0	324	9882
SM00136	LamNT	1.00000000000022	2.17209429236068e-13	15	0	0	324	9882
SM01089	Connexin_CCC	1.00000000000124	1.24438637455104e-12	19	0	0	324	9882
SM00292	BRCT	1.00000000000124	1.24438637455104e-12	19	0	0	324	9882
SM00097	WNT1	1.00000000000124	1.24438637455104e-12	19	0	0	324	9882
SM00131	KU	1.00000000000124	1.24438637455104e-12	19	0	0	324	9882
SM00121	IB	1.00000000000124	1.24438637455104e-12	19	0	0	324	9882
SM00191	Int_alpha	1.00000000000124	1.24438637455104e-12	19	0	0	324	9882
SM00651	Sm	1.00000000000124	1.24438637455104e-12	19	0	0	324	9882
SM00875	BACK	1.00000000000151	1.51372507006525e-12	57	0	0	324	9882
SM01293	DUF3402	1.00000000000255	2.55056587829261e-12	2	0	0	324	9882
SM00812	Alpha_L_fucos	1.00000000000255	2.55056587829261e-12	2	0	0	324	9882
SM00808	FABD	1.00000000000255	2.55056587829261e-12	2	0	0	324	9882
SM01028	Beta-TrCP_D	1.00000000000255	2.55056587829261e-12	2	0	0	324	9882
SM01177	DUF4210	1.00000000000255	2.55056587829261e-12	2	0	0	324	9882
SM00512	Skp1	1.00000000000255	2.55056587829261e-12	2	0	0	324	9882
SM01355	AP3B1_C	1.00000000000255	2.55056587829261e-12	2	0	0	324	9882
SM00653	eIF2B_5	1.00000000000255	2.55056587829261e-12	2	0	0	324	9882
SM00466	SRA	1.00000000000255	2.55056587829261e-12	2	0	0	324	9882
SM01314	SnAC	1.00000000000255	2.55056587829261e-12	2	0	0	324	9882
SM00433	TOP2c	1.00000000000255	2.55056587829261e-12	2	0	0	324	9882
SM00635	BID_2	1.00000000000255	2.55056587829261e-12	2	0	0	324	9882
SM01122	DBC1	1.00000000000255	2.55056587829261e-12	2	0	0	324	9882
SM01104	CTD	1.00000000000255	2.55056587829261e-12	2	0	0	324	9882
SM01070	CDC37_M	1.00000000000255	2.55056587829261e-12	2	0	0	324	9882
SM01144	DTW	1.00000000000255	2.55056587829261e-12	2	0	0	324	9882
SM00785	AARP2CN	1.00000000000255	2.55056587829261e-12	2	0	0	324	9882
SM00095	TR_THY	1.00000000000255	2.55056587829261e-12	2	0	0	324	9882
SM01382	Ribosomal_L2_C	1.00000000000255	2.55056587829261e-12	2	0	0	324	9882
SM00559	Ku78	1.00000000000255	2.55056587829261e-12	2	0	0	324	9882
SM00893	ETF	1.00000000000255	2.55056587829261e-12	2	0	0	324	9882
SM01003	AlaDh_PNT_N	1.00000000000255	2.55056587829261e-12	2	0	0	324	9882
SM00039	CRF	1.00000000000255	2.55056587829261e-12	2	0	0	324	9882
SM00956	RQC	1.00000000000255	2.55056587829261e-12	2	0	0	324	9882
SM01287	Rtt106	1.00000000000255	2.55056587829261e-12	2	0	0	324	9882
SM00761	HDAC_interact	1.00000000000255	2.55056587829261e-12	2	0	0	324	9882
SM00852	MoCF_biosynth	1.00000000000255	2.55056587829261e-12	2	0	0	324	9882
SM00551	ZnF_TAZ	1.00000000000255	2.55056587829261e-12	2	0	0	324	9882
SM01174	DUF4205	1.00000000000255	2.55056587829261e-12	2	0	0	324	9882
SM01000	Aha1_N	1.00000000000255	2.55056587829261e-12	2	0	0	324	9882
SM00711	TDU	1.00000000000255	2.55056587829261e-12	2	0	0	324	9882
SM00299	CLH	1.00000000000255	2.55056587829261e-12	2	0	0	324	9882
SM01389	Spt4	1.00000000000255	2.55056587829261e-12	2	0	0	324	9882
SM00193	PTN	1.00000000000255	2.55056587829261e-12	2	0	0	324	9882
SM00967	SpoU_sub_bind	1.00000000000255	2.55056587829261e-12	2	0	0	324	9882
SM00586	ZnF_DBF	1.00000000000255	2.55056587829261e-12	2	0	0	324	9882
SM00978	Tim44	1.00000000000255	2.55056587829261e-12	2	0	0	324	9882
SM01410	DIM1	1.00000000000255	2.55056587829261e-12	2	0	0	324	9882
SM00500	SFM	1.00000000000255	2.55056587829261e-12	2	0	0	324	9882
SM00581	PSP	1.00000000000255	2.55056587829261e-12	2	0	0	324	9882
SM00632	Aamy_C	1.00000000000255	2.55056587829261e-12	2	0	0	324	9882
SM00714	LITAF	1.00000000000255	2.55056587829261e-12	2	0	0	324	9882
SM00993	YL1_C	1.00000000000255	2.55056587829261e-12	2	0	0	324	9882
SM00881	CoA_binding	1.00000000000255	2.55056587829261e-12	2	0	0	324	9882
SM01086	ClpB_D2-small	1.00000000000255	2.55056587829261e-12	2	0	0	324	9882
SM01233	HABP4_PAI-RBP1	1.00000000000255	2.55056587829261e-12	2	0	0	324	9882
SM01230	Gln-synt_C	1.00000000000255	2.55056587829261e-12	2	0	0	324	9882
SM00951	QLQ	1.00000000000255	2.55056587829261e-12	2	0	0	324	9882
SM01179	DUF862	1.00000000000255	2.55056587829261e-12	2	0	0	324	9882
SM01390	Ribosomal_S4	1.00000000000255	2.55056587829261e-12	2	0	0	324	9882
SM00493	TOPRIM	1.00000000000255	2.55056587829261e-12	2	0	0	324	9882
SM01023	BAF	1.00000000000255	2.55056587829261e-12	2	0	0	324	9882
SM01131	DHHA2	1.00000000000255	2.55056587829261e-12	2	0	0	324	9882
SM01141	DRY_EERY	1.00000000000255	2.55056587829261e-12	2	0	0	324	9882
SM01282	DBB	1.00000000000255	2.55056587829261e-12	2	0	0	324	9882
SM00029	GASTRIN	1.00000000000255	2.55056587829261e-12	2	0	0	324	9882
SM00555	GIT	1.00000000000255	2.55056587829261e-12	2	0	0	324	9882
SM01387	Ribosomal_S15	1.00000000000255	2.55056587829261e-12	2	0	0	324	9882
SM00649	RL11	1.00000000000255	2.55056587829261e-12	2	0	0	324	9882
SM01281	Med12	1.00000000000255	2.55056587829261e-12	2	0	0	324	9882
SM01142	DSHCT	1.00000000000255	2.55056587829261e-12	2	0	0	324	9882
SM01194	eRF1_1	1.00000000000255	2.55056587829261e-12	2	0	0	324	9882
SM01011	AMP_N	1.00000000000255	2.55056587829261e-12	2	0	0	324	9882
SM01421	DUF3480	1.00000000000255	2.55056587829261e-12	2	0	0	324	9882
SM01267	LAG1_DNAbind	1.00000000000255	2.55056587829261e-12	2	0	0	324	9882
SM00756	VKc	1.00000000000255	2.55056587829261e-12	2	0	0	324	9882
SM01319	Tankyrase_bdg_C	1.00000000000255	2.55056587829261e-12	2	0	0	324	9882
SM00873	B3_4	1.00000000000255	2.55056587829261e-12	2	0	0	324	9882
SM01362	DUF663	1.00000000000255	2.55056587829261e-12	2	0	0	324	9882
SM00469	WIF	1.00000000000255	2.55056587829261e-12	2	0	0	324	9882
SM01074	Cdc6_C	1.00000000000255	2.55056587829261e-12	2	0	0	324	9882
SM01076	CG-1	1.00000000000255	2.55056587829261e-12	2	0	0	324	9882
SM00525	FES	1.00000000000255	2.55056587829261e-12	2	0	0	324	9882
SM01423	Milton	1.00000000000255	2.55056587829261e-12	2	0	0	324	9882
SM01165	DUF1866	1.00000000000255	2.55056587829261e-12	2	0	0	324	9882
SM01336	zf-PARP	1.00000000000255	2.55056587829261e-12	2	0	0	324	9882
SM01154	DUF1704	1.00000000000255	2.55056587829261e-12	2	0	0	324	9882
SM01182	EF-1_beta_acid	1.00000000000255	2.55056587829261e-12	2	0	0	324	9882
SM00825	PKS_KS	1.00000000000255	2.55056587829261e-12	2	0	0	324	9882
SM00436	TOP1Bc	1.00000000000255	2.55056587829261e-12	2	0	0	324	9882
SM00976	Telo_bind	1.00000000000255	2.55056587829261e-12	2	0	0	324	9882
SM01115	cwf21	1.00000000000255	2.55056587829261e-12	2	0	0	324	9882
SM00434	TOP4c	1.00000000000255	2.55056587829261e-12	2	0	0	324	9882
SM01010	AMPKBI	1.00000000000255	2.55056587829261e-12	2	0	0	324	9882
SM01283	Costars	1.00000000000255	2.55056587829261e-12	2	0	0	324	9882
SM01268	BTD	1.00000000000255	2.55056587829261e-12	2	0	0	324	9882
SM01374	Ribosomal_L14	1.00000000000255	2.55056587829261e-12	2	0	0	324	9882
SM00827	PKS_AT	1.00000000000255	2.55056587829261e-12	2	0	0	324	9882
SM01345	Rapamycin_bind	1.00000000000255	2.55056587829261e-12	2	0	0	324	9882
SM01376	eIF-5a	1.00000000000255	2.55056587829261e-12	2	0	0	324	9882
SM00531	TFIIE	1.00000000000255	2.55056587829261e-12	2	0	0	324	9882
SM01164	DUF1856	1.00000000000255	2.55056587829261e-12	2	0	0	324	9882
SM00087	PTH	1.00000000000255	2.55056587829261e-12	2	0	0	324	9882
SM00896	FDX-ACB	1.00000000000255	2.55056587829261e-12	2	0	0	324	9882
SM01050	CactinC_cactus	1.00000000000255	2.55056587829261e-12	2	0	0	324	9882
SM01239	IKKbetaNEMObind	1.00000000000255	2.55056587829261e-12	2	0	0	324	9882
SM00732	YqgFc	1.00000000000255	2.55056587829261e-12	2	0	0	324	9882
SM01272	LsmAD	1.00000000000255	2.55056587829261e-12	2	0	0	324	9882
SM00657	RPOL4c	1.00000000000255	2.55056587829261e-12	2	0	0	324	9882
SM01022	ASCH	1.00000000000255	2.55056587829261e-12	2	0	0	324	9882
SM00437	TOP1Ac	1.00000000000255	2.55056587829261e-12	2	0	0	324	9882
SM01399	Sybindin	1.00000000000255	2.55056587829261e-12	2	0	0	324	9882
SM01258	KRBA1	1.00000000000255	2.55056587829261e-12	2	0	0	324	9882
SM00126	IL6	1.00000000000255	2.55056587829261e-12	2	0	0	324	9882
SM01130	DHDPS	1.00000000000255	2.55056587829261e-12	2	0	0	324	9882
SM00937	PCRF	1.00000000000255	2.55056587829261e-12	2	0	0	324	9882
SM00992	YccV-like	1.00000000000255	2.55056587829261e-12	2	0	0	324	9882
SM00435	TOPEUc	1.00000000000255	2.55056587829261e-12	2	0	0	324	9882
SM00705	THEG	1.00000000000255	2.55056587829261e-12	2	0	0	324	9882
SM00661	RPOL9	1.00000000000255	2.55056587829261e-12	2	0	0	324	9882
SM01288	FISNA	1.00000000000255	2.55056587829261e-12	2	0	0	324	9882
SM00853	MutL_C	1.00000000000255	2.55056587829261e-12	2	0	0	324	9882
SM00662	RPOLD	1.00000000000255	2.55056587829261e-12	2	0	0	324	9882
SM00902	Fe_hyd_SSU	1.00000000000255	2.55056587829261e-12	2	0	0	324	9882
SM01301	PTPlike_phytase	1.00000000000255	2.55056587829261e-12	2	0	0	324	9882
SM00685	DM14	1.00000000000255	2.55056587829261e-12	2	0	0	324	9882
SM00223	APPLE	1.00000000000255	2.55056587829261e-12	2	0	0	324	9882
SM01383	Ribosomal_L2	1.00000000000255	2.55056587829261e-12	2	0	0	324	9882
SM00846	Gp_dh_N	1.00000000000255	2.55056587829261e-12	2	0	0	324	9882
SM01096	CPSase_L_D3	1.00000000000255	2.55056587829261e-12	2	0	0	324	9882
SM00494	ChtBD2	1.00000000000255	2.55056587829261e-12	2	0	0	324	9882
SM01002	AlaDh_PNT_C	1.00000000000255	2.55056587829261e-12	2	0	0	324	9882
SM00788	Adenylsucc_synt	1.00000000000255	2.55056587829261e-12	2	0	0	324	9882
SM01161	DUF1767	1.00000000000255	2.55056587829261e-12	2	0	0	324	9882
SM01371	TFIIA	1.00000000000255	2.55056587829261e-12	2	0	0	324	9882
SM01097	CPSase_sm_chain	1.00000000000255	2.55056587829261e-12	2	0	0	324	9882
SM00888	EF1_GNE	1.00000000000255	2.55056587829261e-12	2	0	0	324	9882
SM01229	GluR_Homer-bdg	1.00000000000255	2.55056587829261e-12	2	0	0	324	9882
SM00638	LPD_N	1.00000000000255	2.55056587829261e-12	2	0	0	324	9882
SM00807	AKAP_110	1.00000000000255	2.55056587829261e-12	2	0	0	324	9882
SM00792	Agouti	1.00000000000255	2.55056587829261e-12	2	0	0	324	9882
SM01206	Fibrillarin	1.00000000000255	2.55056587829261e-12	2	0	0	324	9882
SM01138	DP	1.00000000000255	2.55056587829261e-12	2	0	0	324	9882
SM00860	SMI1_KNR4	1.00000000000255	2.55056587829261e-12	2	0	0	324	9882
SM01072	CDC48_2	1.00000000000255	2.55056587829261e-12	2	0	0	324	9882
SM01292	N1221	1.00000000000255	2.55056587829261e-12	2	0	0	324	9882
SM01415	DUF106	1.00000000000255	2.55056587829261e-12	2	0	0	324	9882
SM00777	Mad3_BUB1_I	1.00000000000255	2.55056587829261e-12	2	0	0	324	9882
SM00003	NH	1.00000000000255	2.55056587829261e-12	2	0	0	324	9882
SM01250	KAT11	1.00000000000255	2.55056587829261e-12	2	0	0	324	9882
SM01291	N-SET	1.00000000000255	2.55056587829261e-12	2	0	0	324	9882
SM00242	MYSc	1.00000000000488	4.88314651745005e-12	38	0	0	324	9882
SM00013	LRRNT	1.00000000000516	5.16377743168276e-12	53	0	0	324	9882
SM00015	IQ	1.00000000000528	5.27521381210938e-12	52	0	0	324	9882
SM01196	FERM_C	1.00000000000676	6.76172059251763e-12	25	0	0	324	9882
SM00333	TUDOR	1.00000000000676	6.76172059251763e-12	25	0	0	324	9882
SM00112	CA	1.00000000000699	6.9900551313077e-12	117	0	0	324	9882
SM00717	SANT	1.00000000000856	8.55924700132113e-12	43	0	0	324	9882
SM01057	Carb_anhydrase	1.00000000000884	8.84214469681515e-12	18	0	0	324	9882
SM00148	PLCXc	1.00000000000884	8.84214469681515e-12	18	0	0	324	9882
SM00079	PBPe	1.00000000000884	8.84214469681515e-12	18	0	0	324	9882
SM00037	CNX	1.00000000000884	8.84214469681515e-12	18	0	0	324	9882
SM00308	LH2	1.00000000000884	8.84214469681515e-12	18	0	0	324	9882
SM00918	Lig_chan-Glu_bd	1.00000000000884	8.84214469681515e-12	18	0	0	324	9882
SM00014	acidPPc	1.00000000000884	8.84214469681515e-12	18	0	0	324	9882
SM00847	HA2	1.00000000000884	8.84214469681515e-12	18	0	0	324	9882
SM00398	HMG	1.00000000000964	9.6372388938735e-12	51	0	0	324	9882
SM00612	Kelch	1.00000000000975	9.74647020658012e-12	55	0	0	324	9882
SM00456	WW	1.00000000001131	1.13055263125846e-11	47	0	0	324	9882
SM00271	DnaJ	1.00000000001131	1.13055263125846e-11	47	0	0	324	9882
SM00295	B41	1.00000000001131	1.13055263125846e-11	47	0	0	324	9882
SM00692	DM3	1.00000000001175	1.17491310528664e-11	7	0	0	324	9882
SM00018	PD	1.00000000001175	1.17491310528664e-11	7	0	0	324	9882
SM00396	ZnF_UBR1	1.00000000001175	1.17491310528664e-11	7	0	0	324	9882
SM00455	RBD	1.00000000001175	1.17491310528664e-11	7	0	0	324	9882
SM01055	Cadherin_pro	1.00000000001175	1.17491310528664e-11	7	0	0	324	9882
SM00301	DM	1.00000000001175	1.17491310528664e-11	7	0	0	324	9882
SM00467	GS	1.00000000001175	1.17491310528664e-11	7	0	0	324	9882
SM00250	PLEC	1.00000000001175	1.17491310528664e-11	7	0	0	324	9882
SM00582	RPR	1.00000000001175	1.17491310528664e-11	7	0	0	324	9882
SM00671	SEL1	1.00000000001175	1.17491310528664e-11	7	0	0	324	9882
SM00515	eIF5C	1.00000000001175	1.17491310528664e-11	7	0	0	324	9882
SM00201	SO	1.00000000001175	1.17491310528664e-11	7	0	0	324	9882
SM00182	CULLIN	1.00000000001175	1.17491310528664e-11	7	0	0	324	9882
SM00715	LA	1.00000000001175	1.17491310528664e-11	7	0	0	324	9882
SM01062	Ca_chan_IQ	1.00000000001175	1.17491310528664e-11	7	0	0	324	9882
SM00053	DYNc	1.00000000001175	1.17491310528664e-11	7	0	0	324	9882
SM01109	CUT	1.00000000001175	1.17491310528664e-11	7	0	0	324	9882
SM00004	NL	1.00000000001175	1.17491310528664e-11	7	0	0	324	9882
SM00384	AT_hook	1.00000000001175	1.17491310528664e-11	7	0	0	324	9882
SM01388	Mob1_phocein	1.00000000001175	1.17491310528664e-11	7	0	0	324	9882
SM01167	DUF1900	1.00000000001175	1.17491310528664e-11	7	0	0	324	9882
SM00243	GAS2	1.00000000001175	1.17491310528664e-11	7	0	0	324	9882
SM01166	DUF1899	1.00000000001175	1.17491310528664e-11	7	0	0	324	9882
SM01337	APC10	1.00000000001175	1.17491310528664e-11	7	0	0	324	9882
SM01326	PTEN_C2	1.00000000001175	1.17491310528664e-11	7	0	0	324	9882
SM00980	THAP	1.00000000001175	1.17491310528664e-11	7	0	0	324	9882
SM00328	BPI1	1.00000000001175	1.17491310528664e-11	7	0	0	324	9882
SM00707	RPEL	1.00000000001175	1.17491310528664e-11	7	0	0	324	9882
SM00546	CUE	1.00000000001175	1.17491310528664e-11	7	0	0	324	9882
SM00065	GAF	1.00000000001175	1.17491310528664e-11	7	0	0	324	9882
SM00729	Elp3	1.00000000001175	1.17491310528664e-11	7	0	0	324	9882
SM00327	VWA	1.00000000001344	1.34397259613901e-11	71	0	0	324	9882
SM01391	Filament	1.00000000001344	1.34397259613901e-11	71	0	0	324	9882
SM00511	ORANGE	1.00000000001381	1.38145609542052e-11	8	0	0	324	9882
SM00288	VHS	1.00000000001381	1.38145609542052e-11	8	0	0	324	9882
SM00562	NDK	1.00000000001381	1.38145609542052e-11	8	0	0	324	9882
SM00237	Calx_beta	1.00000000001381	1.38145609542052e-11	8	0	0	324	9882
SM00884	Cullin_Nedd8	1.00000000001381	1.38145609542052e-11	8	0	0	324	9882
SM00167	VPS9	1.00000000001381	1.38145609542052e-11	8	0	0	324	9882
SM00503	SynN	1.00000000001381	1.38145609542052e-11	8	0	0	324	9882
SM00099	btg1	1.00000000001381	1.38145609542052e-11	8	0	0	324	9882
SM00609	VIT	1.00000000001381	1.38145609542052e-11	8	0	0	324	9882
SM00948	Proteasome_A_N	1.00000000001381	1.38145609542052e-11	8	0	0	324	9882
SM01203	DUF3585	1.00000000001381	1.38145609542052e-11	8	0	0	324	9882
SM00166	UBX	1.00000000001381	1.38145609542052e-11	8	0	0	324	9882
SM00329	BPI2	1.00000000001381	1.38145609542052e-11	8	0	0	324	9882
SM00125	IL1	1.00000000001381	1.38145609542052e-11	8	0	0	324	9882
SM01420	TRP_2	1.00000000001381	1.38145609542052e-11	8	0	0	324	9882
SM00139	MyTH4	1.00000000001381	1.38145609542052e-11	8	0	0	324	9882
SM01412	Pro-rich	1.00000000001381	1.38145609542052e-11	8	0	0	324	9882
SM00524	DWB	1.00000000001381	1.38145609542052e-11	8	0	0	324	9882
SM00200	SEA	1.00000000001381	1.38145609542052e-11	8	0	0	324	9882
SM00281	LamB	1.00000000001381	1.38145609542052e-11	8	0	0	324	9882
SM00468	PreSET	1.00000000001381	1.38145609542052e-11	8	0	0	324	9882
SM00330	PIPKc	1.00000000001381	1.38145609542052e-11	8	0	0	324	9882
SM00577	CPDc	1.00000000001381	1.38145609542052e-11	8	0	0	324	9882
SM00504	Ubox	1.00000000001381	1.38145609542052e-11	8	0	0	324	9882
SM00746	TRASH	1.00000000001381	1.38145609542052e-11	8	0	0	324	9882
SM01025	BEN	1.00000000001381	1.38145609542052e-11	8	0	0	324	9882
SM00268	ACTIN	1.00000000001486	1.48576233665988e-11	26	0	0	324	9882
SM00413	ETS	1.00000000001486	1.48576233665988e-11	26	0	0	324	9882
SM00385	CYCLIN	1.00000000001538	1.53773051804232e-11	32	0	0	324	9882
SM00041	CT	1.00000000001842	1.84194413521365e-11	20	0	0	324	9882
SM00443	G_patch	1.00000000001842	1.84194413521365e-11	20	0	0	324	9882
SM00397	t_SNARE	1.00000000001842	1.84194413521365e-11	20	0	0	324	9882
SM00332	PP2Cc	1.00000000001842	1.84194413521365e-11	20	0	0	324	9882
SM00063	FRI	1.00000000001842	1.84194413521365e-11	20	0	0	324	9882
SM00215	VWC_out	1.00000000001842	1.84194413521365e-11	20	0	0	324	9882
SM00547	ZnF_RBZ	1.00000000001842	1.84194413521365e-11	20	0	0	324	9882
SM00064	FYVE	1.00000000001974	1.97431616971103e-11	30	0	0	324	9882
SM00048	DEFSN	1.00000000002171	2.17108279894317e-11	21	0	0	324	9882
SM00548	IRO	1.00000000002308	2.30816703458261e-11	6	0	0	324	9882
SM00811	Alpha_kinase	1.00000000002308	2.30816703458261e-11	6	0	0	324	9882
SM00394	RIIa	1.00000000002308	2.30816703458261e-11	6	0	0	324	9882
SM00302	GED	1.00000000002308	2.30816703458261e-11	6	0	0	324	9882
SM00111	C4	1.00000000002308	2.30816703458261e-11	6	0	0	324	9882
SM00464	LON	1.00000000002308	2.30816703458261e-11	6	0	0	324	9882
SM01137	DMAP_binding	1.00000000002308	2.30816703458261e-11	6	0	0	324	9882
SM00415	HSF	1.00000000002308	2.30816703458261e-11	6	0	0	324	9882
SM00152	THY	1.00000000002308	2.30816703458261e-11	6	0	0	324	9882
SM00915	Jacalin	1.00000000002308	2.30816703458261e-11	6	0	0	324	9882
SM01343	FATC	1.00000000002308	2.30816703458261e-11	6	0	0	324	9882
SM00552	ADEAMc	1.00000000002308	2.30816703458261e-11	6	0	0	324	9882
SM00517	PolyA	1.00000000002308	2.30816703458261e-11	6	0	0	324	9882
SM00757	CRA	1.00000000002308	2.30816703458261e-11	6	0	0	324	9882
SM00730	PSN	1.00000000002308	2.30816703458261e-11	6	0	0	324	9882
SM01132	DIL	1.00000000002308	2.30816703458261e-11	6	0	0	324	9882
SM01127	DDHD	1.00000000002308	2.30816703458261e-11	6	0	0	324	9882
SM00695	DUSP	1.00000000002308	2.30816703458261e-11	6	0	0	324	9882
SM00952	RAP	1.00000000002308	2.30816703458261e-11	6	0	0	324	9882
SM00021	DAX	1.00000000002308	2.30816703458261e-11	6	0	0	324	9882
SM00022	PLAc	1.00000000002308	2.30816703458261e-11	6	0	0	324	9882
SM00907	GDNF	1.00000000002308	2.30816703458261e-11	6	0	0	324	9882
SM00603	LCCL	1.00000000002308	2.30816703458261e-11	6	0	0	324	9882
SM00257	LysM	1.00000000002308	2.30816703458261e-11	6	0	0	324	9882
SM00665	B561	1.00000000002308	2.30816703458261e-11	6	0	0	324	9882
SM00359	PUA	1.00000000002308	2.30816703458261e-11	6	0	0	324	9882
SM00670	PINc	1.00000000002308	2.30816703458261e-11	6	0	0	324	9882
SM00950	Piwi	1.00000000002308	2.30816703458261e-11	6	0	0	324	9882
SM01114	CXC	1.00000000002308	2.30816703458261e-11	6	0	0	324	9882
SM00477	NUC	1.00000000002308	2.30816703458261e-11	6	0	0	324	9882
SM00144	PI3K_rbd	1.00000000002308	2.30816703458261e-11	6	0	0	324	9882
SM00070	GLUCA	1.00000000002308	2.30816703458261e-11	6	0	0	324	9882
SM00949	PAZ	1.00000000002308	2.30816703458261e-11	6	0	0	324	9882
SM00968	SMC_hinge	1.00000000002308	2.30816703458261e-11	6	0	0	324	9882
SM00441	FF	1.00000000002308	2.30816703458261e-11	6	0	0	324	9882
SM00710	PbH1	1.00000000002308	2.30816703458261e-11	6	0	0	324	9882
SM00648	SWAP	1.00000000002308	2.30816703458261e-11	6	0	0	324	9882
SM01400	Pribosyltran_N	1.00000000002308	2.30816703458261e-11	6	0	0	324	9882
SM00432	MADS	1.00000000002308	2.30816703458261e-11	6	0	0	324	9882
SM00863	tRNA_SAD	1.00000000002308	2.30816703458261e-11	6	0	0	324	9882
SM00775	LNS2	1.00000000002308	2.30816703458261e-11	6	0	0	324	9882
SM01184	efhand_Ca_insen	1.00000000002308	2.30816703458261e-11	6	0	0	324	9882
