TermID	Term	Enrichment	logP	Genes in Term	Target Genes in Term	Fraction of Targets in Term	Total Target Genes	Total Genes	Entrez Gene IDs	Gene Symbols
SM00233	PH	3.54513249123409e-08	-17.1551052105527	252	16	0.137931034482759	116	9882	213498,71704,224014,19157,544817,69601,20650,78618,71302,73341,105445,21844,18805,20742,14389,219140	Arhgef11,Arhgef3,Fgd4,Cyth1,Arhgap27,Dab2ip,Sntb2,Acap2,Arhgap26,Arhgef6,Dock9,Tiam1,Pld1,Sptbn1,Gab2,Spata13
SM00325	RhoGEF	0.000107971762529274	-9.13364082308845	65	6	0.0517241379310345	116	9882	213498,71704,21844,73341,219140,224014	Arhgef11,Arhgef3,Tiam1,Arhgef6,Spata13,Fgd4
SM01151	DUF1518	0.000406703297335003	-7.80742663754769	3	2	0.0172413793103448	116	9882	17979,17978	Ncoa3,Ncoa2
SM00059	FN2	0.000413704755487575	-7.79035798954829	13	3	0.0258620689655172	116	9882	17076,17390,14268	Ly75,Mmp2,Fn1
SM00326	SH3	0.000484100706991836	-7.6332176005945	196	9	0.0775862068965517	116	9882	71302,18003,73341,214459,219140,20740,17921,330662,94176	Arhgap26,Nedd9,Arhgef6,Fnbp1l,Spata13,Sptan1,Myo7a,Dock1,Dock2
SM00423	PSI	0.00118912916038522	-6.73453403774917	40	4	0.0344827586206897	116	9882	11990,226255,67784,18844	Atrn,Atrnl1,Plxnd1,Plxna1
SM00191	Int_alpha	0.00133149480589643	-6.62145305365937	19	3	0.0258620689655172	116	9882	16409,16403,16410	Itgam,Itga6,Itgav
SM00144	PI3K_rbd	0.00198703191230425	-6.22111325499575	6	2	0.0172413793103448	116	9882	30955,18704	Pik3cg,Pik3c2a
SM00142	PI3K_C2	0.00365251070093782	-5.61234048458661	8	2	0.0172413793103448	116	9882	18704,30955	Pik3c2a,Pik3cg
SM01139	Drf_FH3	0.00466015607399316	-5.36870633913223	9	2	0.0172413793103448	116	9882	54004,71409	Diaph2,Fmnl2
SM01140	Drf_GBD	0.00466015607399316	-5.36870633913223	9	2	0.0172413793103448	116	9882	54004,71409	Diaph2,Fmnl2
SM00145	PI3Ka	0.00466015607399316	-5.36870633913223	9	2	0.0172413793103448	116	9882	18704,30955	Pik3c2a,Pik3cg
SM01026	Beach	0.00466015607399316	-5.36870633913223	9	2	0.0172413793103448	116	9882	17101,235627	Lyst,Nbeal2
SM00180	EGF_Lam	0.00784837116275618	-4.84744926390822	35	3	0.0258620689655172	116	9882	11990,226255,12614	Atrn,Atrnl1,Celsr1
SM00228	PDZ	0.00785198319729001	-4.84698914249762	148	6	0.0517241379310345	116	9882	76089,21872,21844,213498,217692,20650	Rapgef2,Tjp1,Tiam1,Arhgef11,Sipa1l1,Sntb2
SM00312	PX	0.0129746860097851	-4.34475504985421	42	3	0.0258620689655172	116	9882	74478,18704,18805	Snx29,Pik3c2a,Pld1
SM00498	FH2	0.0129819034500873	-4.34419893361256	15	2	0.0172413793103448	116	9882	71409,54004	Fmnl2,Diaph2
SM00146	PI3Kc	0.0147236760666547	-4.21829846407041	16	2	0.0172413793103448	116	9882	18704,30955	Pik3c2a,Pik3cg
SM00042	CUB	0.0207083732567069	-3.87721715534605	50	3	0.0258620689655172	116	9882	226255,239393,11990	Atrnl1,Lrp12,Atrn
SM00055	FCH	0.0226132644362404	-3.78921862291769	20	2	0.0172413793103448	116	9882	14457,214459	Gas7,Fnbp1l
SM00494	ChtBD2	0.0233404102628398	-3.75756907460727	2	1	0.00862068965517241	116	9882	71884	Chit1
SM01003	AlaDh_PNT_N	0.0233404102628398	-3.75756907460727	2	1	0.00862068965517241	116	9882	18115	Nnt
SM01002	AlaDh_PNT_C	0.0233404102628398	-3.75756907460727	2	1	0.00862068965517241	116	9882	18115	Nnt
SM01288	FISNA	0.0233404102628398	-3.75756907460727	2	1	0.00862068965517241	116	9882	378425	Nlrp12
SM00220	S_TKc	0.0251644205705429	-3.68232416423079	359	9	0.0775862068965517	116	9882	213452,12322,66725,78334,108058,78943,11479,20112,26406	Dstyk,Camk2a,Lrrk2,Cdk19,Camk2d,Ern1,Acvr1b,Rps6ka2,Map3k3
SM00091	PAS	0.0318671450446016	-3.44617973584568	24	2	0.0172413793103448	116	9882	17979,17978	Ncoa3,Ncoa2
SM00473	PAN_AP	0.0348072637457082	-3.35792918565749	3	1	0.00862068965517241	116	9882	15234	Hgf
SM00736	CADG	0.0348072637457082	-3.35792918565749	3	1	0.00862068965517241	116	9882	20392	Sgce
SM01334	DUF3454	0.0348072637457082	-3.35792918565749	3	1	0.00862068965517241	116	9882	18128	Notch1
SM00033	CH	0.0391526661228321	-3.24028675866398	64	3	0.0258620689655172	116	9882	73341,20742,286940	Arhgef6,Sptbn1,Flnb
SM00429	IPT	0.0396179851902591	-3.22847209235516	27	2	0.0172413793103448	116	9882	18844,67784	Plxna1,Plxnd1
SM01289	PYRIN	0.0396179851902591	-3.22847209235516	27	2	0.0172413793103448	116	9882	54483,378425	Mefv,Nlrp12
SM00147	RasGEF	0.0423448333305943	-3.16190886460418	28	2	0.0172413793103448	116	9882	76089,19731	Rapgef2,Rgl1
SM00229	RasGEFN	0.0423448333305943	-3.16190886460418	28	2	0.0172413793103448	116	9882	76089,19731	Rapgef2,Rgl1
SM00150	SPEC	0.0423448333305943	-3.16190886460418	28	2	0.0172413793103448	116	9882	20740,20742	Sptan1,Sptbn1
SM00303	GPS	0.0451399608011811	-3.09798737597635	29	2	0.0172413793103448	116	9882	12614,239853	Celsr1,Adgrg7
SM00314	RA	0.0451399608011811	-3.09798737597635	29	2	0.0172413793103448	116	9882	76089,19731	Rapgef2,Rgl1
SM01193	Enolase_N	0.0461406332576852	-3.07606130163012	4	1	0.00862068965517241	116	9882	433182	Eno1b
SM00058	FN1	0.0461406332576852	-3.07606130163012	4	1	0.00862068965517241	116	9882	14268	Fn1
SM01046	c-SKI_SMAD_bind	0.0461406332576852	-3.07606130163012	4	1	0.00862068965517241	116	9882	20481	Ski
SM01339	NODP	0.0461406332576852	-3.07606130163012	4	1	0.00862068965517241	116	9882	18128	Notch1
SM00564	PQQ	0.0461406332576852	-3.07606130163012	4	1	0.00862068965517241	116	9882	78943	Ern1
SM01192	Enolase_C	0.0461406332576852	-3.07606130163012	4	1	0.00862068965517241	116	9882	433182	Eno1b
SM01338	NOD	0.0461406332576852	-3.07606130163012	4	1	0.00862068965517241	116	9882	18128	Notch1
SM00064	FYVE	0.0480014194108887	-3.03652469745128	30	2	0.0172413793103448	116	9882	268752,224014	Wdfy2,Fgd4
SM00630	Sema	0.0509272965917153	-2.97735622035613	31	2	0.0172413793103448	116	9882	18844,67784	Plxna1,Plxnd1
SM00239	C2	0.0538503600263833	-2.92154618967538	121	4	0.0344827586206897	116	9882	78771,18704,18796,69601	Mctp1,Pik3c2a,Plcb2,Dab2ip
SM00034	CLECT	0.0538503600263833	-2.92154618967538	121	4	0.0344827586206897	116	9882	11990,17076,108078,226255	Atrn,Ly75,Olr1,Atrnl1
SM00872	Alpha-mann_mid	0.0573420593094715	-2.8587209051594	5	1	0.00862068965517241	116	9882	140481	Man2a2
SM00765	MANEC	0.0573420593094715	-2.8587209051594	5	1	0.00862068965517241	116	9882	67729	Mansc1
SM00580	PUG	0.0573420593094715	-2.8587209051594	5	1	0.00862068965517241	116	9882	78943	Ern1
SM00602	VPS10	0.0573420593094715	-2.8587209051594	5	1	0.00862068965517241	116	9882	20661	Sort1
SM01184	efhand_Ca_insen	0.0684130647910809	-2.68219146687535	6	1	0.00862068965517241	116	9882	20740	Sptan1
SM00155	PLDc	0.0684130647910809	-2.68219146687535	6	1	0.00862068965517241	116	9882	18805	Pld1
SM00194	PTPc	0.0697325969708374	-2.66308739520686	37	2	0.0172413793103448	116	9882	19267,19273	Ptpre,Ptpru
SM00004	NL	0.079355155159521	-2.53382186676624	7	1	0.00862068965517241	116	9882	18128	Notch1
SM00729	Elp3	0.079355155159521	-2.53382186676624	7	1	0.00862068965517241	116	9882	237926	Rsad1
SM00707	RPEL	0.079355155159521	-2.53382186676624	7	1	0.00862068965517241	116	9882	215789	Phactr2
SM00455	RBD	0.079355155159521	-2.53382186676624	7	1	0.00862068965517241	116	9882	21844	Tiam1
SM00467	GS	0.079355155159521	-2.53382186676624	7	1	0.00862068965517241	116	9882	11479	Acvr1b
SM00129	KISc	0.0833327111556612	-2.48491411594794	41	2	0.0172413793103448	116	9882	16565,16554	Kif21b,Kif13b
SM00368	LRR_RI	0.0833327111556612	-2.48491411594794	41	2	0.0172413793103448	116	9882	378425,195046	Nlrp12,Nlrp1a
SM00557	IG_FLMN	0.0901698186531242	-2.40606051263876	8	1	0.00862068965517241	116	9882	286940	Flnb
SM00139	MyTH4	0.0901698186531242	-2.40606051263876	8	1	0.00862068965517241	116	9882	17921	Myo7a
SM00060	FN3	0.0980223200588603	-2.3225600705413	149	4	0.0344827586206897	116	9882	72007,14268,319448,19273	Fndc3b,Fn1,Fndc3a,Ptpru
SM00855	PGAM	0.10085852647531	-2.29403647204458	9	1	0.00862068965517241	116	9882	170768	Pfkfb3
SM00218	ZU5	0.10085852647531	-2.29403647204458	9	1	0.00862068965517241	116	9882	21872	Tjp1
SM00295	B41	0.105071383766264	-2.25311531442182	47	2	0.0172413793103448	116	9882	218203,17921	Mylip,Myo7a
SM00456	WW	0.105071383766264	-2.25311531442182	47	2	0.0172413793103448	116	9882	14457,544817	Gas7,Arhgap27
SM00636	Glyco_18	0.11142273299231	-2.1944239059494	10	1	0.00862068965517241	116	9882	71884	Chit1
SM01052	CAP_GLY	0.11142273299231	-2.1944239059494	10	1	0.00862068965517241	116	9882	16554	Kif13b
SM00251	SAM_PNT	0.11142273299231	-2.1944239059494	10	1	0.00862068965517241	116	9882	13876	Erg
SM00045	DAGKa	0.11142273299231	-2.1944239059494	10	1	0.00862068965517241	116	9882	110197	Dgkg
SM01265	Mab-21	0.132183376516907	-2.02356510442643	12	1	0.00862068965517241	116	9882	319622	Itpripl2
SM00323	RasGAP	0.142382639767628	-1.94923719918029	13	1	0.00862068965517241	116	9882	69601	Dab2ip
SM00698	MORN	0.142382639767628	-1.94923719918029	13	1	0.00862068965517241	116	9882	226123	Morn4
SM00046	DAGKc	0.152463054577925	-1.88083297734838	14	1	0.00862068965517241	116	9882	110197	Dgkg
SM00666	PB1	0.152463054577925	-1.88083297734838	14	1	0.00862068965517241	116	9882	26406	Map3k3
SM00181	EGF	0.154547572192744	-1.86725331940644	177	4	0.0344827586206897	116	9882	11990,18128,226255,12614	Atrn,Notch1,Atrnl1,Celsr1
SM00404	PTPc_motif	0.160485307877103	-1.8295528803086	61	2	0.0172413793103448	116	9882	19267,19273	Ptpre,Ptpru
SM00501	BRIGHT	0.162425993950185	-1.81753280279339	15	1	0.00862068965517241	116	9882	13496	Arid3a
SM00149	PLCYc	0.162425993950185	-1.81753280279339	15	1	0.00862068965517241	116	9882	18796	Plcb2
SM00800	uDENN	0.162425993950185	-1.81753280279339	15	1	0.00862068965517241	116	9882	329877	Dennd4c
SM00130	KR	0.162425993950185	-1.81753280279339	15	1	0.00862068965517241	116	9882	15234	Hgf
SM01014	ARID	0.162425993950185	-1.81753280279339	15	1	0.00862068965517241	116	9882	13496	Arid3a
SM00799	DENN	0.172272815139772	-1.75867592421794	16	1	0.00862068965517241	116	9882	329877	Dennd4c
SM00801	dDENN	0.172272815139772	-1.75867592421794	16	1	0.00862068965517241	116	9882	329877	Dennd4c
SM00724	TLC	0.172272815139772	-1.75867592421794	16	1	0.00862068965517241	116	9882	241447	Cers6
SM00222	Sec7	0.172272815139772	-1.75867592421794	16	1	0.00862068965517241	116	9882	19157	Cyth1
SM00324	RhoGAP	0.172976143104553	-1.75460159512334	64	2	0.0172413793103448	116	9882	544817,71302	Arhgap27,Arhgap26
SM00631	Zn_pept	0.182004859886148	-1.70372188959071	17	1	0.00862068965517241	116	9882	12874	Cpd
SM00563	PlsC	0.182004859886148	-1.70372188959071	17	1	0.00862068965517241	116	9882	226856	Lpgat1
SM00137	MAM	0.182004859886148	-1.70372188959071	17	1	0.00862068965517241	116	9882	19273	Ptpru
SM00320	WD40	0.182342312395897	-1.70186952112507	256	5	0.0431034482758621	116	9882	268752,17101,319555,16565,235627	Wdfy2,Lyst,Nwd1,Kif21b,Nbeal2
SM00148	PLCXc	0.191623454542265	-1.65222300683369	18	1	0.00862068965517241	116	9882	18796	Plcb2
SM00593	RUN	0.191623454542265	-1.65222300683369	18	1	0.00862068965517241	116	9882	74478	Snx29
SM00848	Inhibitor_I29	0.201129910262717	-1.60380425998268	19	1	0.00862068965517241	116	9882	56464	Ctsf
SM00327	VWA	0.202674817478461	-1.59615246867144	71	2	0.0172413793103448	116	9882	16409,12722	Itgam,Clca3a1
SM00332	PP2Cc	0.210525523204092	-1.5581483828342	20	1	0.00862068965517241	116	9882	320472	Ppm1e
SM00645	Pept_C1	0.238060044946671	-1.43523234743846	23	1	0.00862068965517241	116	9882	56464	Ctsf
SM00092	RNAse_Pc	0.238060044946671	-1.43523234743846	23	1	0.00862068965517241	116	9882	75019	Rnase10
SM00471	HDc	0.238060044946671	-1.43523234743846	23	1	0.00862068965517241	116	9882	18578	Pde4b
SM00458	RICIN	0.238060044946671	-1.43523234743846	23	1	0.00862068965517241	116	9882	17076	Ly75
SM00105	ArfGap	0.238060044946671	-1.43523234743846	23	1	0.00862068965517241	116	9882	78618	Acap2
SM00248	ANK	0.238102596907221	-1.43505361875661	212	4	0.0344827586206897	116	9882	18128,329154,105522,78618	Notch1,Ankrd44,Ankrd28,Acap2
SM00008	HormR	0.247024953636903	-1.39826592058698	24	1	0.00862068965517241	116	9882	12614	Celsr1
SM00120	HX	0.247024953636903	-1.39826592058698	24	1	0.00862068965517241	116	9882	17390	Mmp2
SM00072	GuKc	0.255885280823619	-1.36302605672189	25	1	0.00862068965517241	116	9882	21872	Tjp1
SM01196	FERM_C	0.255885280823619	-1.36302605672189	25	1	0.00862068965517241	116	9882	218203	Mylip
SM00413	ETS	0.264642236023029	-1.32937641788146	26	1	0.00862068965517241	116	9882	13876	Erg
SM00235	ZnMc	0.290304757918957	-1.23682401842359	29	1	0.00862068965517241	116	9882	17390	Mmp2
SM00165	UBA	0.306917803753309	-1.18117530746099	31	1	0.00862068965517241	116	9882	12402	Cbl
SM00100	cNMP	0.306917803753309	-1.18117530746099	31	1	0.00862068965517241	116	9882	76089	Rapgef2
SM00315	RGS	0.331117125115052	-1.1052831138847	34	1	0.00862068965517241	116	9882	213498	Arhgef11
SM00164	TBC	0.354478545758683	-1.03710745456297	37	1	0.00862068965517241	116	9882	67581	Tbc1d23
SM00242	MYSc	0.362084486714467	-1.01587770567328	38	1	0.00862068965517241	116	9882	17921	Myo7a
SM00353	HLH	0.371235390983292	-0.990918940526249	110	2	0.0172413793103448	116	9882	17979,17978	Ncoa3,Ncoa2
SM00282	LamG	0.377030834363285	-0.975428306116615	40	1	0.00862068965517241	116	9882	12614	Celsr1
SM00192	LDLa	0.405889796660656	-0.901673593022454	44	1	0.00862068965517241	116	9882	239393	Lrp12
SM00133	S_TK_X	0.41289495864189	-0.884562055799192	45	1	0.00862068965517241	116	9882	20112	Rps6ka2
SM00356	ZnF_C3H1	0.419818226389185	-0.867933455698677	46	1	0.00862068965517241	116	9882	105559	Mbnl2
SM00179	EGF_CA	0.420967251281584	-0.865200236255122	122	2	0.0172413793103448	116	9882	18128,12614	Notch1,Celsr1
SM00399	ZnF_C4	0.426660549059244	-0.851766548981772	47	1	0.00862068965517241	116	9882	13982	Esr1
SM00430	HOLI	0.440106101388179	-0.820739441620702	49	1	0.00862068965517241	116	9882	13982	Esr1
SM00015	IQ	0.459690450357735	-0.777201950025637	52	1	0.00862068965517241	116	9882	17921	Myo7a
SM00364	LRR_BAC	0.484750234895343	-0.72412150028942	56	1	0.00862068965517241	116	9882	66725	Lrrk2
SM00336	BBOX	0.496844511267797	-0.699478156426674	58	1	0.00862068965517241	116	9882	54483	Mefv
SM00054	EFh	0.502869735987029	-0.687424116602858	143	2	0.0172413793103448	116	9882	110197,20740	Dgkg,Sptan1
SM00175	RAB	0.521265161273829	-0.651496419915477	148	2	0.0172413793103448	116	9882	14579,66725	Gem,Lrrk2
SM00109	C1	0.53146420953319	-0.632119422069191	64	1	0.00862068965517241	116	9882	110197	Dgkg
SM00454	SAM	0.626252043996479	-0.468002362721755	83	1	0.00862068965517241	116	9882	241915	Phc3
SM00409	IG	0.653270224031607	-0.425764415961355	378	4	0.0344827586206897	116	9882	12489,60533,11658,19273	Cd33,Cd274,Alcam,Ptpru
SM00112	CA	0.750863015835869	-0.286532046204377	117	1	0.00862068965517241	116	9882	12614	Celsr1
SM00174	RHO	0.768105455061556	-0.263828243982727	123	1	0.00862068965517241	116	9882	14579	Gem
SM00173	RAS	0.789268079323492	-0.236649244839666	131	1	0.00862068965517241	116	9882	14579	Gem
SM00382	AAA	0.803872878441205	-0.21831413369563	137	1	0.00862068965517241	116	9882	268379	Abca13
SM00020	Tryp_SPc	0.838094108695537	-0.176624883259414	153	1	0.00862068965517241	116	9882	15234	Hgf
SM00369	LRR_TYP	0.875681920417607	-0.132752358530274	175	1	0.00862068965517241	116	9882	66725	Lrrk2
SM00184	RING	0.934375566694237	-0.0678768159077651	228	1	0.00862068965517241	116	9882	12402	Cbl
SM00389	HOX	0.950918832762124	-0.0503265694355468	252	1	0.00862068965517241	116	9882	24136	Zeb2
SM00349	KRAB	0.969433629151398	-0.0310432654861678	291	1	0.00862068965517241	116	9882	72154	Zfp157
SM00355	ZnF_C2H2	0.979485318932229	-0.020728030038373	620	3	0.0258620689655172	116	9882	329003,72154,24136	Zfp516,Zfp157,Zeb2
SM00234	START	0.999999999986263	-1.37366847019286e-11	14	0	0	116	9882
SM00615	EPH_lbd	0.999999999986263	-1.37366847019286e-11	14	0	0	116	9882
SM00198	SCP	0.999999999986263	-1.37366847019286e-11	14	0	0	116	9882
SM00135	LY	0.999999999986263	-1.37366847019286e-11	14	0	0	116	9882
SM00829	PKS_ER	0.999999999986263	-1.37366847019286e-11	14	0	0	116	9882
SM00502	BBC	0.999999999986263	-1.37366847019286e-11	14	0	0	116	9882
SM00647	IBR	0.999999999986263	-1.37366847019286e-11	14	0	0	116	9882
SM00241	ZP	0.999999999986263	-1.37366847019286e-11	14	0	0	116	9882
SM00445	LINK	0.999999999986263	-1.37366847019286e-11	14	0	0	116	9882
SM00294	4.1m	0.999999999986263	-1.37366847019286e-11	14	0	0	116	9882
SM00832	C8	0.999999999986263	-1.37366847019286e-11	14	0	0	116	9882
SM00093	SERPIN	0.99999999999166	-8.33995518629261e-12	62	0	0	116	9882
SM01189	ELM2	0.999999999993584	-6.41575513634887e-12	13	0	0	116	9882
SM00479	EXOIII	0.999999999993584	-6.41575513634887e-12	13	0	0	116	9882
SM01195	FA	0.999999999993584	-6.41575513634887e-12	13	0	0	116	9882
SM00230	CysPc	0.999999999993584	-6.41575513634887e-12	13	0	0	116	9882
SM00526	H15	0.999999999993584	-6.41575513634887e-12	13	0	0	116	9882
SM00427	H2B	0.999999999993584	-6.41575513634887e-12	13	0	0	116	9882
SM00569	L27	0.999999999993584	-6.41575513634887e-12	13	0	0	116	9882
SM00036	CNH	0.999999999993584	-6.41575513634887e-12	13	0	0	116	9882
SM00156	PP2Ac	0.999999999993584	-6.41575513634887e-12	13	0	0	116	9882
SM00457	MACPF	0.999999999993584	-6.41575513634887e-12	13	0	0	116	9882
SM00110	C1Q	0.999999999994004	-5.99601299100922e-12	29	0	0	116	9882
SM00558	JmjC	0.999999999994004	-5.99601299100922e-12	29	0	0	116	9882
SM00451	ZnF_U1	0.999999999994004	-5.99601299100922e-12	29	0	0	116	9882
SM01381	7TM_GPCR_Srsx	0.999999999995883	-4.11662378720229e-12	186	0	0	116	9882
SM00178	SAR	0.999999999995908	-4.09237649621015e-12	27	0	0	116	9882
SM00119	HECTc	0.999999999995908	-4.09237649621015e-12	27	0	0	116	9882
SM00005	DEATH	0.999999999995908	-4.09237649621015e-12	27	0	0	116	9882
SM00969	SOCS_box	0.999999999998773	-1.22699900135806e-12	35	0	0	116	9882
SM00199	SCY	0.999999999998773	-1.22699900135806e-12	35	0	0	116	9882
SM00204	TGFB	0.999999999998773	-1.22699900135806e-12	35	0	0	116	9882
SM00667	LisH	0.999999999999243	-7.57100779794818e-13	22	0	0	116	9882
SM00343	ZnF_C2HC	0.999999999999243	-7.57100779794818e-13	22	0	0	116	9882
SM00442	FGF	0.999999999999243	-7.57100779794818e-13	22	0	0	116	9882
SM00210	TSPN	0.999999999999243	-7.57100779794818e-13	22	0	0	116	9882
SM00513	SAP	0.999999999999243	-7.57100779794818e-13	22	0	0	116	9882
SM00186	FBG	0.999999999999243	-7.57100779794818e-13	22	0	0	116	9882
SM00240	FHA	0.999999999999243	-7.57100779794818e-13	22	0	0	116	9882
SM00414	H2A	1.00000000000009	9.2067183022063e-14	28	0	0	116	9882
SM00202	SR	1.00000000000009	9.2067183022063e-14	28	0	0	116	9882
SM00875	BACK	1.00000000000015	1.46721604100769e-13	57	0	0	116	9882
SM00256	FBOX	1.00000000000048	4.80226519626183e-13	53	0	0	116	9882
SM00013	LRRNT	1.00000000000048	4.80226519626183e-13	53	0	0	116	9882
SM00032	CCP	1.00000000000048	4.80226519626183e-13	53	0	0	116	9882
SM00214	VWC	1.00000000000093	9.28602906343085e-13	34	0	0	116	9882
SM00589	PRY	1.00000000000093	9.28602906343085e-13	34	0	0	116	9882
SM00209	TSP1	1.00000000000185	1.84537751864967e-12	63	0	0	116	9882
SM00027	EH	1.00000000000274	2.73902131672838e-12	11	0	0	116	9882
SM00508	PostSET	1.00000000000274	2.73902131672838e-12	11	0	0	116	9882
SM00096	UTG	1.00000000000274	2.73902131672838e-12	11	0	0	116	9882
SM00238	BIR	1.00000000000274	2.73902131672838e-12	11	0	0	116	9882
SM00720	calpain_III	1.00000000000274	2.73902131672838e-12	11	0	0	116	9882
SM00386	HAT	1.00000000000274	2.73902131672838e-12	11	0	0	116	9882
SM00461	WH1	1.00000000000274	2.73902131672838e-12	11	0	0	116	9882
SM00115	CASc	1.00000000000274	2.73902131672838e-12	11	0	0	116	9882
SM00276	GLECT	1.00000000000274	2.73902131672838e-12	11	0	0	116	9882
SM00460	TGc	1.00000000000274	2.73902131672838e-12	11	0	0	116	9882
SM01330	Frizzled	1.00000000000274	2.73902131672838e-12	11	0	0	116	9882
SM00439	BAH	1.00000000000274	2.73902131672838e-12	11	0	0	116	9882
SM00274	FOLN	1.00000000000274	2.73902131672838e-12	11	0	0	116	9882
SM00038	COLFI	1.00000000000274	2.73902131672838e-12	11	0	0	116	9882
SM00406	IGv	1.00000000000325	3.25455881404642e-12	81	0	0	116	9882
SM00219	TyrKc	1.00000000000325	3.25455881404642e-12	81	0	0	116	9882
SM00487	DEXDc	1.00000000000376	3.76067592834453e-12	108	0	0	116	9882
SM00339	FH	1.000000000004	3.99882101536704e-12	45	0	0	116	9882
SM00185	ARM	1.00000000000464	4.64236282609117e-12	41	0	0	116	9882
SM00177	ARF	1.00000000000464	4.64236282609117e-12	41	0	0	116	9882
SM00212	UBCc	1.00000000000464	4.64236282609117e-12	41	0	0	116	9882
SM00297	BROMO	1.0000000000054	5.40378953543488e-12	39	0	0	116	9882
SM00280	KAZAL	1.00000000000552	5.52327089120677e-12	36	0	0	116	9882
SM00195	DSPc	1.00000000000552	5.52327089120677e-12	36	0	0	116	9882
SM00317	SET	1.00000000000552	5.52327089120677e-12	36	0	0	116	9882
SM00338	BRLZ	1.0000000000062	6.19514636389234e-12	51	0	0	116	9882
SM00398	HMG	1.0000000000062	6.19514636389234e-12	51	0	0	116	9882
SM00358	DSRM	1.00000000000664	6.63896099728477e-12	16	0	0	116	9882
SM00702	P4Hc	1.00000000000664	6.63896099728477e-12	16	0	0	116	9882
SM00275	G_alpha	1.00000000000664	6.63896099728477e-12	16	0	0	116	9882
SM00913	IBN_N	1.00000000000664	6.63896099728477e-12	16	0	0	116	9882
SM00643	C345C	1.00000000000664	6.63896099728477e-12	16	0	0	116	9882
SM00069	GLA	1.00000000000664	6.63896099728477e-12	16	0	0	116	9882
SM00831	Cation_ATPase_N	1.00000000000664	6.63896099728477e-12	16	0	0	116	9882
SM00285	PBD	1.00000000000664	6.63896099728477e-12	16	0	0	116	9882
SM00086	PAC	1.00000000000664	6.63896099728477e-12	16	0	0	116	9882
SM00568	GRAM	1.00000000000664	6.63896099728477e-12	16	0	0	116	9882
SM00207	TNF	1.00000000000664	6.63896099728477e-12	16	0	0	116	9882
SM00367	LRR_CC	1.00000000000706	7.05956826658995e-12	19	0	0	116	9882
SM01089	Connexin_CCC	1.00000000000706	7.05956826658995e-12	19	0	0	116	9882
SM00121	IB	1.00000000000706	7.05956826658995e-12	19	0	0	116	9882
SM00651	Sm	1.00000000000706	7.05956826658995e-12	19	0	0	116	9882
SM00097	WNT1	1.00000000000706	7.05956826658995e-12	19	0	0	116	9882
SM00131	KU	1.00000000000706	7.05956826658995e-12	19	0	0	116	9882
SM00864	Tubulin	1.00000000000706	7.05956826658995e-12	19	0	0	116	9882
SM00292	BRCT	1.00000000000706	7.05956826658995e-12	19	0	0	116	9882
SM00717	SANT	1.00000000000777	7.76751932162941e-12	43	0	0	116	9882
SM00213	UBQ	1.00000000000777	7.76751932162941e-12	43	0	0	116	9882
SM00608	ACR	1.00000000000777	7.76751932162941e-12	43	0	0	116	9882
SM00549	TAFH	1.0000000000079	7.89994485833026e-12	5	0	0	116	9882
SM00264	BAG	1.0000000000079	7.89994485833026e-12	5	0	0	116	9882
SM01145	DUF1041	1.0000000000079	7.89994485833026e-12	5	0	0	116	9882
SM00570	AWS	1.0000000000079	7.89994485833026e-12	5	0	0	116	9882
SM00891	ERCC4	1.0000000000079	7.89994485833026e-12	5	0	0	116	9882
SM01202	FerI	1.0000000000079	7.89994485833026e-12	5	0	0	116	9882
SM00879	Brix	1.0000000000079	7.89994485833026e-12	5	0	0	116	9882
SM00664	DoH	1.0000000000079	7.89994485833026e-12	5	0	0	116	9882
SM00673	CARP	1.0000000000079	7.89994485833026e-12	5	0	0	116	9882
SM00741	SapB	1.0000000000079	7.89994485833026e-12	5	0	0	116	9882
SM00571	DDT	1.0000000000079	7.89994485833026e-12	5	0	0	116	9882
SM00533	MUTSd	1.0000000000079	7.89994485833026e-12	5	0	0	116	9882
SM01201	FerB	1.0000000000079	7.89994485833026e-12	5	0	0	116	9882
SM00892	Endonuclease_NS	1.0000000000079	7.89994485833026e-12	5	0	0	116	9882
SM00446	LRRcap	1.0000000000079	7.89994485833026e-12	5	0	0	116	9882
SM00331	PP2C_SIG	1.0000000000079	7.89994485833026e-12	5	0	0	116	9882
SM00733	Mterf	1.0000000000079	7.89994485833026e-12	5	0	0	116	9882
SM00266	CAD	1.0000000000079	7.89994485833026e-12	5	0	0	116	9882
SM01015	Arfaptin	1.0000000000079	7.89994485833026e-12	5	0	0	116	9882
SM00572	DZF	1.0000000000079	7.89994485833026e-12	5	0	0	116	9882
SM00878	Biotin_carb_C	1.0000000000079	7.89994485833026e-12	5	0	0	116	9882
SM01175	DUF4206	1.0000000000079	7.89994485833026e-12	5	0	0	116	9882
SM01270	Longin	1.0000000000079	7.89994485833026e-12	5	0	0	116	9882
SM00428	H3	1.0000000000079	7.89994485833026e-12	5	0	0	116	9882
SM00540	LEM	1.0000000000079	7.89994485833026e-12	5	0	0	116	9882
SM00588	NEUZ	1.0000000000079	7.89994485833026e-12	5	0	0	116	9882
SM00539	NIDO	1.0000000000079	7.89994485833026e-12	5	0	0	116	9882
SM00103	ALBUMIN	1.0000000000079	7.89994485833026e-12	5	0	0	116	9882
SM00321	WSC	1.0000000000079	7.89994485833026e-12	5	0	0	116	9882
SM01092	CO_deh_flav_C	1.0000000000079	7.89994485833026e-12	5	0	0	116	9882
SM00838	EFG_C	1.0000000000079	7.89994485833026e-12	5	0	0	116	9882
SM01008	Ald_Xan_dh_C	1.0000000000079	7.89994485833026e-12	5	0	0	116	9882
SM00991	WHEP-TRS	1.0000000000079	7.89994485833026e-12	5	0	0	116	9882
SM00584	TLDc	1.0000000000079	7.89994485833026e-12	5	0	0	116	9882
SM00160	RanBD	1.0000000000079	7.89994485833026e-12	5	0	0	116	9882
SM00614	ZnF_BED	1.0000000000079	7.89994485833026e-12	5	0	0	116	9882
SM00642	Aamy	1.0000000000079	7.89994485833026e-12	5	0	0	116	9882
SM01163	DUF1785	1.0000000000079	7.89994485833026e-12	5	0	0	116	9882
SM00534	MUTSac	1.0000000000079	7.89994485833026e-12	5	0	0	116	9882
SM00678	WWE	1.0000000000079	7.89994485833026e-12	5	0	0	116	9882
SM01041	BRO1	1.0000000000079	7.89994485833026e-12	5	0	0	116	9882
SM00089	PKD	1.0000000000079	7.89994485833026e-12	5	0	0	116	9882
SM00739	KOW	1.0000000000079	7.89994485833026e-12	5	0	0	116	9882
SM01408	ING	1.0000000000079	7.89994485833026e-12	5	0	0	116	9882
SM00407	IGc1	1.00000000000841	8.4140956846647e-12	58	0	0	116	9882
SM00176	RAN	1.0000000000085	8.49755799781861e-12	82	0	0	116	9882
SM01244	IRS	1.00000000000884	8.84103235848622e-12	15	0	0	116	9882
SM00726	UIM	1.00000000000884	8.84103235848622e-12	15	0	0	116	9882
SM00352	POU	1.00000000000884	8.84103235848622e-12	15	0	0	116	9882
SM00721	BAR	1.00000000000884	8.84103235848622e-12	15	0	0	116	9882
SM00088	PINT	1.00000000000884	8.84103235848622e-12	15	0	0	116	9882
SM01117	Cyt-b5	1.00000000000884	8.84103235848622e-12	15	0	0	116	9882
SM00217	WAP	1.00000000000884	8.84103235848622e-12	15	0	0	116	9882
SM00136	LamNT	1.00000000000884	8.84103235848622e-12	15	0	0	116	9882
SM00028	TPR	1.00000000000987	9.87461200056819e-12	118	0	0	116	9882
SM00431	SCAN	1.00000000001073	1.07256907001812e-11	42	0	0	116	9882
SM00527	HMG17	1.00000000001114	1.11365930851007e-11	4	0	0	116	9882
SM01240	IMPDH	1.00000000001114	1.11365930851007e-11	4	0	0	116	9882
SM01392	MAGE_N	1.00000000001114	1.11365930851007e-11	4	0	0	116	9882
SM00313	PXA	1.00000000001114	1.11365930851007e-11	4	0	0	116	9882
SM00542	FYRC	1.00000000001114	1.11365930851007e-11	4	0	0	116	9882
SM00973	Sec63	1.00000000001114	1.11365930851007e-11	4	0	0	116	9882
SM00426	TEA	1.00000000001114	1.11365930851007e-11	4	0	0	116	9882
SM00483	POLXc	1.00000000001114	1.11365930851007e-11	4	0	0	116	9882
SM00520	BASIC	1.00000000001114	1.11365930851007e-11	4	0	0	116	9882
SM00197	SAA	1.00000000001114	1.11365930851007e-11	4	0	0	116	9882
SM00753	PAM	1.00000000001114	1.11365930851007e-11	4	0	0	116	9882
SM00140	NGF	1.00000000001114	1.11365930851007e-11	4	0	0	116	9882
SM00491	HELICc2	1.00000000001114	1.11365930851007e-11	4	0	0	116	9882
SM00476	DNaseIc	1.00000000001114	1.11365930851007e-11	4	0	0	116	9882
SM01263	Leuk-A4-hydro_C	1.00000000001114	1.11365930851007e-11	4	0	0	116	9882
SM00098	alkPPc	1.00000000001114	1.11365930851007e-11	4	0	0	116	9882
SM00701	PGRP	1.00000000001114	1.11365930851007e-11	4	0	0	116	9882
SM00804	TAP_C	1.00000000001114	1.11365930851007e-11	4	0	0	116	9882
SM00485	XPGN	1.00000000001114	1.11365930851007e-11	4	0	0	116	9882
SM01277	MAGUK_N_PEST	1.00000000001114	1.11365930851007e-11	4	0	0	116	9882
SM00541	FYRN	1.00000000001114	1.11365930851007e-11	4	0	0	116	9882
SM00693	DysFN	1.00000000001114	1.11365930851007e-11	4	0	0	116	9882
SM01340	DNA_mis_repair	1.00000000001114	1.11365930851007e-11	4	0	0	116	9882
SM01398	Cornichon	1.00000000001114	1.11365930851007e-11	4	0	0	116	9882
SM00755	Grip	1.00000000001114	1.11365930851007e-11	4	0	0	116	9882
SM00474	35EXOc	1.00000000001114	1.11365930851007e-11	4	0	0	116	9882
SM00094	TR_FER	1.00000000001114	1.11365930851007e-11	4	0	0	116	9882
SM01249	KASH	1.00000000001114	1.11365930851007e-11	4	0	0	116	9882
SM01007	Aldolase_II	1.00000000001114	1.11365930851007e-11	4	0	0	116	9882
SM00889	EFG_IV	1.00000000001114	1.11365930851007e-11	4	0	0	116	9882
SM00644	Ami_2	1.00000000001114	1.11365930851007e-11	4	0	0	116	9882
SM01417	Solute_trans_a	1.00000000001114	1.11365930851007e-11	4	0	0	116	9882
SM00723	AMOP	1.00000000001114	1.11365930851007e-11	4	0	0	116	9882
SM01020	B2-adapt-app_C	1.00000000001114	1.11365930851007e-11	4	0	0	116	9882
SM00694	DysFC	1.00000000001114	1.11365930851007e-11	4	0	0	116	9882
SM01153	DUF1693	1.00000000001114	1.11365930851007e-11	4	0	0	116	9882
SM00679	CTNS	1.00000000001114	1.11365930851007e-11	4	0	0	116	9882
SM00307	ILWEQ	1.00000000001114	1.11365930851007e-11	4	0	0	116	9882
SM01375	Dynein_light	1.00000000001114	1.11365930851007e-11	4	0	0	116	9882
SM00737	ML	1.00000000001114	1.11365930851007e-11	4	0	0	116	9882
SM00554	FAS1	1.00000000001114	1.11365930851007e-11	4	0	0	116	9882
SM00025	Pumilio	1.00000000001114	1.11365930851007e-11	4	0	0	116	9882
SM00734	ZnF_Rad18	1.00000000001114	1.11365930851007e-11	4	0	0	116	9882
SM00051	DSL	1.00000000001114	1.11365930851007e-11	4	0	0	116	9882
SM00279	HhH2	1.00000000001114	1.11365930851007e-11	4	0	0	116	9882
SM00392	PROF	1.00000000001114	1.11365930851007e-11	4	0	0	116	9882
SM01027	Beta-Casp	1.00000000001114	1.11365930851007e-11	4	0	0	116	9882
SM00486	POLBc	1.00000000001114	1.11365930851007e-11	4	0	0	116	9882
SM00206	NTR	1.00000000001114	1.11365930851007e-11	4	0	0	116	9882
SM00227	NEBU	1.00000000001114	1.11365930851007e-11	4	0	0	116	9882
SM00955	RNB	1.00000000001114	1.11365930851007e-11	4	0	0	116	9882
SM00573	HSA	1.00000000001114	1.11365930851007e-11	4	0	0	116	9882
SM00488	DEXDc2	1.00000000001114	1.11365930851007e-11	4	0	0	116	9882
SM01225	G8	1.00000000001114	1.11365930851007e-11	4	0	0	116	9882
SM01407	NAC	1.00000000001114	1.11365930851007e-11	4	0	0	116	9882
SM00484	XPGI	1.00000000001114	1.11365930851007e-11	4	0	0	116	9882
SM00750	KIND	1.00000000001114	1.11365930851007e-11	4	0	0	116	9882
SM01053	CaMBD	1.00000000001114	1.11365930851007e-11	4	0	0	116	9882
SM00068	GHB	1.00000000001114	1.11365930851007e-11	4	0	0	116	9882
SM01178	DUF4217	1.00000000001114	1.11365930851007e-11	4	0	0	116	9882
SM00560	LamGL	1.00000000001114	1.11365930851007e-11	4	0	0	116	9882
SM00920	MHC_II_alpha	1.00000000001114	1.11365930851007e-11	4	0	0	116	9882
SM00612	Kelch	1.00000000001114	1.11434553545118e-11	55	0	0	116	9882
SM00252	SH2	1.00000000001152	1.15217148261961e-11	102	0	0	116	9882
SM00360	RRM	1.0000000000117	1.16979608574237e-11	199	0	0	116	9882
SM01206	Fibrillarin	1.00000000001223	1.22345356230995e-11	2	0	0	116	9882
SM00190	IL4_13	1.00000000001223	1.22345356230995e-11	2	0	0	116	9882
SM01130	DHDPS	1.00000000001223	1.22345356230995e-11	2	0	0	116	9882
SM00967	SpoU_sub_bind	1.00000000001223	1.22345356230995e-11	2	0	0	116	9882
SM00937	PCRF	1.00000000001223	1.22345356230995e-11	2	0	0	116	9882
SM00711	TDU	1.00000000001223	1.22345356230995e-11	2	0	0	116	9882
SM01319	Tankyrase_bdg_C	1.00000000001223	1.22345356230995e-11	2	0	0	116	9882
SM01423	Milton	1.00000000001223	1.22345356230995e-11	2	0	0	116	9882
SM01138	DP	1.00000000001223	1.22345356230995e-11	2	0	0	116	9882
SM00661	RPOL9	1.00000000001223	1.22345356230995e-11	2	0	0	116	9882
SM01371	TFIIA	1.00000000001223	1.22345356230995e-11	2	0	0	116	9882
SM00126	IL6	1.00000000001223	1.22345356230995e-11	2	0	0	116	9882
SM01182	EF-1_beta_acid	1.00000000001223	1.22345356230995e-11	2	0	0	116	9882
SM00714	LITAF	1.00000000001223	1.22345356230995e-11	2	0	0	116	9882
SM01399	Sybindin	1.00000000001223	1.22345356230995e-11	2	0	0	116	9882
SM01291	N-SET	1.00000000001223	1.22345356230995e-11	2	0	0	116	9882
SM01374	Ribosomal_L14	1.00000000001223	1.22345356230995e-11	2	0	0	116	9882
SM00555	GIT	1.00000000001223	1.22345356230995e-11	2	0	0	116	9882
SM01301	PTPlike_phytase	1.00000000001223	1.22345356230995e-11	2	0	0	116	9882
SM00500	SFM	1.00000000001223	1.22345356230995e-11	2	0	0	116	9882
SM01272	LsmAD	1.00000000001223	1.22345356230995e-11	2	0	0	116	9882
SM00223	APPLE	1.00000000001223	1.22345356230995e-11	2	0	0	116	9882
SM01131	DHHA2	1.00000000001223	1.22345356230995e-11	2	0	0	116	9882
SM01229	GluR_Homer-bdg	1.00000000001223	1.22345356230995e-11	2	0	0	116	9882
SM01050	CactinC_cactus	1.00000000001223	1.22345356230995e-11	2	0	0	116	9882
SM01115	cwf21	1.00000000001223	1.22345356230995e-11	2	0	0	116	9882
SM00956	RQC	1.00000000001223	1.22345356230995e-11	2	0	0	116	9882
SM01161	DUF1767	1.00000000001223	1.22345356230995e-11	2	0	0	116	9882
SM00435	TOPEUc	1.00000000001223	1.22345356230995e-11	2	0	0	116	9882
SM00638	LPD_N	1.00000000001223	1.22345356230995e-11	2	0	0	116	9882
SM01415	DUF106	1.00000000001223	1.22345356230995e-11	2	0	0	116	9882
SM01283	Costars	1.00000000001223	1.22345356230995e-11	2	0	0	116	9882
SM01164	DUF1856	1.00000000001223	1.22345356230995e-11	2	0	0	116	9882
SM00853	MutL_C	1.00000000001223	1.22345356230995e-11	2	0	0	116	9882
SM01355	AP3B1_C	1.00000000001223	1.22345356230995e-11	2	0	0	116	9882
SM00512	Skp1	1.00000000001223	1.22345356230995e-11	2	0	0	116	9882
SM00662	RPOLD	1.00000000001223	1.22345356230995e-11	2	0	0	116	9882
SM00896	FDX-ACB	1.00000000001223	1.22345356230995e-11	2	0	0	116	9882
SM00632	Aamy_C	1.00000000001223	1.22345356230995e-11	2	0	0	116	9882
SM01233	HABP4_PAI-RBP1	1.00000000001223	1.22345356230995e-11	2	0	0	116	9882
SM01376	eIF-5a	1.00000000001223	1.22345356230995e-11	2	0	0	116	9882
SM01314	SnAC	1.00000000001223	1.22345356230995e-11	2	0	0	116	9882
SM01086	ClpB_D2-small	1.00000000001223	1.22345356230995e-11	2	0	0	116	9882
SM00777	Mad3_BUB1_I	1.00000000001223	1.22345356230995e-11	2	0	0	116	9882
SM00993	YL1_C	1.00000000001223	1.22345356230995e-11	2	0	0	116	9882
SM00029	GASTRIN	1.00000000001223	1.22345356230995e-11	2	0	0	116	9882
SM00792	Agouti	1.00000000001223	1.22345356230995e-11	2	0	0	116	9882
SM01023	BAF	1.00000000001223	1.22345356230995e-11	2	0	0	116	9882
SM00812	Alpha_L_fucos	1.00000000001223	1.22345356230995e-11	2	0	0	116	9882
SM01154	DUF1704	1.00000000001223	1.22345356230995e-11	2	0	0	116	9882
SM00807	AKAP_110	1.00000000001223	1.22345356230995e-11	2	0	0	116	9882
SM01292	N1221	1.00000000001223	1.22345356230995e-11	2	0	0	116	9882
SM00827	PKS_AT	1.00000000001223	1.22345356230995e-11	2	0	0	116	9882
SM00433	TOP2c	1.00000000001223	1.22345356230995e-11	2	0	0	116	9882
SM00657	RPOL4c	1.00000000001223	1.22345356230995e-11	2	0	0	116	9882
SM01390	Ribosomal_S4	1.00000000001223	1.22345356230995e-11	2	0	0	116	9882
SM01383	Ribosomal_L2	1.00000000001223	1.22345356230995e-11	2	0	0	116	9882
SM00951	QLQ	1.00000000001223	1.22345356230995e-11	2	0	0	116	9882
SM00808	FABD	1.00000000001223	1.22345356230995e-11	2	0	0	116	9882
SM00785	AARP2CN	1.00000000001223	1.22345356230995e-11	2	0	0	116	9882
SM00846	Gp_dh_N	1.00000000001223	1.22345356230995e-11	2	0	0	116	9882
SM01194	eRF1_1	1.00000000001223	1.22345356230995e-11	2	0	0	116	9882
SM00437	TOP1Ac	1.00000000001223	1.22345356230995e-11	2	0	0	116	9882
SM01165	DUF1866	1.00000000001223	1.22345356230995e-11	2	0	0	116	9882
SM00653	eIF2B_5	1.00000000001223	1.22345356230995e-11	2	0	0	116	9882
SM01179	DUF862	1.00000000001223	1.22345356230995e-11	2	0	0	116	9882
SM00039	CRF	1.00000000001223	1.22345356230995e-11	2	0	0	116	9882
SM01230	Gln-synt_C	1.00000000001223	1.22345356230995e-11	2	0	0	116	9882
SM00080	LIF_OSM	1.00000000001223	1.22345356230995e-11	2	0	0	116	9882
SM01074	Cdc6_C	1.00000000001223	1.22345356230995e-11	2	0	0	116	9882
SM00756	VKc	1.00000000001223	1.22345356230995e-11	2	0	0	116	9882
SM01387	Ribosomal_S15	1.00000000001223	1.22345356230995e-11	2	0	0	116	9882
SM01268	BTD	1.00000000001223	1.22345356230995e-11	2	0	0	116	9882
SM01096	CPSase_L_D3	1.00000000001223	1.22345356230995e-11	2	0	0	116	9882
SM00550	Zalpha	1.00000000001223	1.22345356230995e-11	2	0	0	116	9882
SM01028	Beta-TrCP_D	1.00000000001223	1.22345356230995e-11	2	0	0	116	9882
SM00860	SMI1_KNR4	1.00000000001223	1.22345356230995e-11	2	0	0	116	9882
SM01282	DBB	1.00000000001223	1.22345356230995e-11	2	0	0	116	9882
SM00434	TOP4c	1.00000000001223	1.22345356230995e-11	2	0	0	116	9882
SM00852	MoCF_biosynth	1.00000000001223	1.22345356230995e-11	2	0	0	116	9882
SM01000	Aha1_N	1.00000000001223	1.22345356230995e-11	2	0	0	116	9882
SM01267	LAG1_DNAbind	1.00000000001223	1.22345356230995e-11	2	0	0	116	9882
SM00761	HDAC_interact	1.00000000001223	1.22345356230995e-11	2	0	0	116	9882
SM00873	B3_4	1.00000000001223	1.22345356230995e-11	2	0	0	116	9882
SM00635	BID_2	1.00000000001223	1.22345356230995e-11	2	0	0	116	9882
SM00581	PSP	1.00000000001223	1.22345356230995e-11	2	0	0	116	9882
SM00087	PTH	1.00000000001223	1.22345356230995e-11	2	0	0	116	9882
SM01237	ICA69	1.00000000001223	1.22345356230995e-11	2	0	0	116	9882
SM00525	FES	1.00000000001223	1.22345356230995e-11	2	0	0	116	9882
SM00902	Fe_hyd_SSU	1.00000000001223	1.22345356230995e-11	2	0	0	116	9882
SM01141	DRY_EERY	1.00000000001223	1.22345356230995e-11	2	0	0	116	9882
SM01362	DUF663	1.00000000001223	1.22345356230995e-11	2	0	0	116	9882
SM00551	ZnF_TAZ	1.00000000001223	1.22345356230995e-11	2	0	0	116	9882
SM00976	Telo_bind	1.00000000001223	1.22345356230995e-11	2	0	0	116	9882
SM01144	DTW	1.00000000001223	1.22345356230995e-11	2	0	0	116	9882
SM01070	CDC37_M	1.00000000001223	1.22345356230995e-11	2	0	0	116	9882
SM01336	zf-PARP	1.00000000001223	1.22345356230995e-11	2	0	0	116	9882
SM01313	Sec3-PIP2_bind	1.00000000001223	1.22345356230995e-11	2	0	0	116	9882
SM01122	DBC1	1.00000000001223	1.22345356230995e-11	2	0	0	116	9882
SM01410	DIM1	1.00000000001223	1.22345356230995e-11	2	0	0	116	9882
SM01174	DUF4205	1.00000000001223	1.22345356230995e-11	2	0	0	116	9882
SM00436	TOP1Bc	1.00000000001223	1.22345356230995e-11	2	0	0	116	9882
SM00095	TR_THY	1.00000000001223	1.22345356230995e-11	2	0	0	116	9882
SM01382	Ribosomal_L2_C	1.00000000001223	1.22345356230995e-11	2	0	0	116	9882
SM00193	PTN	1.00000000001223	1.22345356230995e-11	2	0	0	116	9882
SM00881	CoA_binding	1.00000000001223	1.22345356230995e-11	2	0	0	116	9882
SM00188	IL10	1.00000000001223	1.22345356230995e-11	2	0	0	116	9882
SM01011	AMP_N	1.00000000001223	1.22345356230995e-11	2	0	0	116	9882
SM00466	SRA	1.00000000001223	1.22345356230995e-11	2	0	0	116	9882
SM00825	PKS_KS	1.00000000001223	1.22345356230995e-11	2	0	0	116	9882
SM01345	Rapamycin_bind	1.00000000001223	1.22345356230995e-11	2	0	0	116	9882
SM00685	DM14	1.00000000001223	1.22345356230995e-11	2	0	0	116	9882
SM01076	CG-1	1.00000000001223	1.22345356230995e-11	2	0	0	116	9882
SM00649	RL11	1.00000000001223	1.22345356230995e-11	2	0	0	116	9882
SM01097	CPSase_sm_chain	1.00000000001223	1.22345356230995e-11	2	0	0	116	9882
SM01389	Spt4	1.00000000001223	1.22345356230995e-11	2	0	0	116	9882
SM00531	TFIIE	1.00000000001223	1.22345356230995e-11	2	0	0	116	9882
SM01287	Rtt106	1.00000000001223	1.22345356230995e-11	2	0	0	116	9882
SM00469	WIF	1.00000000001223	1.22345356230995e-11	2	0	0	116	9882
SM01281	Med12	1.00000000001223	1.22345356230995e-11	2	0	0	116	9882
SM01104	CTD	1.00000000001223	1.22345356230995e-11	2	0	0	116	9882
SM01072	CDC48_2	1.00000000001223	1.22345356230995e-11	2	0	0	116	9882
SM00003	NH	1.00000000001223	1.22345356230995e-11	2	0	0	116	9882
SM01177	DUF4210	1.00000000001223	1.22345356230995e-11	2	0	0	116	9882
SM00493	TOPRIM	1.00000000001223	1.22345356230995e-11	2	0	0	116	9882
SM00978	Tim44	1.00000000001223	1.22345356230995e-11	2	0	0	116	9882
SM00732	YqgFc	1.00000000001223	1.22345356230995e-11	2	0	0	116	9882
SM01258	KRBA1	1.00000000001223	1.22345356230995e-11	2	0	0	116	9882
SM01142	DSHCT	1.00000000001223	1.22345356230995e-11	2	0	0	116	9882
SM00888	EF1_GNE	1.00000000001223	1.22345356230995e-11	2	0	0	116	9882
SM01421	DUF3480	1.00000000001223	1.22345356230995e-11	2	0	0	116	9882
SM00893	ETF	1.00000000001223	1.22345356230995e-11	2	0	0	116	9882
SM01010	AMPKBI	1.00000000001223	1.22345356230995e-11	2	0	0	116	9882
SM00705	THEG	1.00000000001223	1.22345356230995e-11	2	0	0	116	9882
SM01250	KAT11	1.00000000001223	1.22345356230995e-11	2	0	0	116	9882
SM00559	Ku78	1.00000000001223	1.22345356230995e-11	2	0	0	116	9882
SM00586	ZnF_DBF	1.00000000001223	1.22345356230995e-11	2	0	0	116	9882
SM01239	IKKbetaNEMObind	1.00000000001223	1.22345356230995e-11	2	0	0	116	9882
SM01022	ASCH	1.00000000001223	1.22345356230995e-11	2	0	0	116	9882
SM00299	CLH	1.00000000001223	1.22345356230995e-11	2	0	0	116	9882
SM01293	DUF3402	1.00000000001223	1.22345356230995e-11	2	0	0	116	9882
SM00992	YccV-like	1.00000000001223	1.22345356230995e-11	2	0	0	116	9882
SM00788	Adenylsucc_synt	1.00000000001223	1.22345356230995e-11	2	0	0	116	9882
SM00516	SEC14	1.00000000001293	1.29309341110463e-11	24	0	0	116	9882
SM00361	RRM_1	1.00000000001293	1.29309341110463e-11	24	0	0	116	9882
SM01394	S_100	1.00000000001293	1.29309341110463e-11	24	0	0	116	9882
SM00076	IFabd	1.00000000001293	1.29309341110463e-11	24	0	0	116	9882
SM01411	Ephrin_rec_like	1.00000000001293	1.29309341110463e-11	24	0	0	116	9882
SM00462	PTB	1.00000000001307	1.30705817454474e-11	40	0	0	116	9882
SM01418	Defensin_propep	1.00000000001327	1.32745064557773e-11	31	0	0	116	9882
SM00449	SPRY	1.00000000001345	1.34467618007891e-11	74	0	0	116	9882
SM00333	TUDOR	1.00000000001349	1.34890376961769e-11	25	0	0	116	9882
SM00337	BCL	1.00000000001383	1.38262910075417e-11	12	0	0	116	9882
SM00232	JAB_MPN	1.00000000001383	1.38262910075417e-11	12	0	0	116	9882
SM00401	ZnF_GATA	1.00000000001383	1.38262910075417e-11	12	0	0	116	9882
SM00284	OLF	1.00000000001383	1.38262910075417e-11	12	0	0	116	9882
SM00116	CBS	1.00000000001383	1.38262910075417e-11	12	0	0	116	9882
SM00244	PHB	1.00000000001383	1.38262910075417e-11	12	0	0	116	9882
SM00290	ZnF_UBP	1.00000000001383	1.38262910075417e-11	12	0	0	116	9882
SM00159	PTX	1.00000000001383	1.38262910075417e-11	12	0	0	116	9882
SM00908	Gal-bind_lectin	1.00000000001383	1.38262910075417e-11	12	0	0	116	9882
SM00310	PTBI	1.00000000001383	1.38262910075417e-11	12	0	0	116	9882
SM00246	WH2	1.00000000001383	1.38262910075417e-11	12	0	0	116	9882
SM00335	ANX	1.00000000001383	1.38262910075417e-11	12	0	0	116	9882
SM00523	DWA	1.00000000001383	1.38262910075417e-11	12	0	0	116	9882
SM00391	MBD	1.00000000001383	1.38262910075417e-11	12	0	0	116	9882
SM01391	Filament	1.00000000001393	1.39254731484422e-11	71	0	0	116	9882
SM00450	RHOD	1.00000000001503	1.50261038717442e-11	23	0	0	116	9882
SM00208	TNFR	1.00000000001503	1.50261038717442e-11	23	0	0	116	9882
SM00255	TIR	1.00000000001503	1.50261038717442e-11	23	0	0	116	9882
SM01328	zf-3CxxC	1.00000000001531	1.53121517520074e-11	7	0	0	116	9882
SM00546	CUE	1.00000000001531	1.53121517520074e-11	7	0	0	116	9882
SM00964	STAT_int	1.00000000001531	1.53121517520074e-11	7	0	0	116	9882
SM00822	PKS_KR	1.00000000001531	1.53121517520074e-11	7	0	0	116	9882
SM00384	AT_hook	1.00000000001531	1.53121517520074e-11	7	0	0	116	9882
SM00077	ITAM	1.00000000001531	1.53121517520074e-11	7	0	0	116	9882
SM01062	Ca_chan_IQ	1.00000000001531	1.53121517520074e-11	7	0	0	116	9882
SM01167	DUF1900	1.00000000001531	1.53121517520074e-11	7	0	0	116	9882
SM00250	PLEC	1.00000000001531	1.53121517520074e-11	7	0	0	116	9882
SM00053	DYNc	1.00000000001531	1.53121517520074e-11	7	0	0	116	9882
SM00510	TFS2M	1.00000000001531	1.53121517520074e-11	7	0	0	116	9882
SM00980	THAP	1.00000000001531	1.53121517520074e-11	7	0	0	116	9882
SM00018	PD	1.00000000001531	1.53121517520074e-11	7	0	0	116	9882
SM00258	SAND	1.00000000001531	1.53121517520074e-11	7	0	0	116	9882
SM01326	PTEN_C2	1.00000000001531	1.53121517520074e-11	7	0	0	116	9882
SM00509	TFS2N	1.00000000001531	1.53121517520074e-11	7	0	0	116	9882
SM00104	ANATO	1.00000000001531	1.53121517520074e-11	7	0	0	116	9882
SM01166	DUF1899	1.00000000001531	1.53121517520074e-11	7	0	0	116	9882
SM00101	14_3_3	1.00000000001531	1.53121517520074e-11	7	0	0	116	9882
SM00065	GAF	1.00000000001531	1.53121517520074e-11	7	0	0	116	9882
SM00243	GAS2	1.00000000001531	1.53121517520074e-11	7	0	0	116	9882
SM01109	CUT	1.00000000001531	1.53121517520074e-11	7	0	0	116	9882
SM00715	LA	1.00000000001531	1.53121517520074e-11	7	0	0	116	9882
SM01388	Mob1_phocein	1.00000000001531	1.53121517520074e-11	7	0	0	116	9882
SM01055	Cadherin_pro	1.00000000001531	1.53121517520074e-11	7	0	0	116	9882
SM00301	DM	1.00000000001531	1.53121517520074e-11	7	0	0	116	9882
SM00182	CULLIN	1.00000000001531	1.53121517520074e-11	7	0	0	116	9882
SM00396	ZnF_UBR1	1.00000000001531	1.53121517520074e-11	7	0	0	116	9882
SM00328	BPI1	1.00000000001531	1.53121517520074e-11	7	0	0	116	9882
SM01243	IRF-3	1.00000000001531	1.53121517520074e-11	7	0	0	116	9882
SM00390	GoLoco	1.00000000001531	1.53121517520074e-11	7	0	0	116	9882
SM00515	eIF5C	1.00000000001531	1.53121517520074e-11	7	0	0	116	9882
SM00582	RPR	1.00000000001531	1.53121517520074e-11	7	0	0	116	9882
SM00692	DM3	1.00000000001531	1.53121517520074e-11	7	0	0	116	9882
SM01337	APC10	1.00000000001531	1.53121517520074e-11	7	0	0	116	9882
SM00671	SEL1	1.00000000001531	1.53121517520074e-11	7	0	0	116	9882
SM00201	SO	1.00000000001531	1.53121517520074e-11	7	0	0	116	9882
SM00249	PHD	1.00000000001547	1.54689031961981e-11	89	0	0	116	9882
SM00365	LRR_SD22	1.00000000001553	1.55286487254185e-11	54	0	0	116	9882
SM01168	DUF1907	1.00000000001559	1.55855606198685e-11	1	0	0	116	9882
SM01156	DUF1716	1.00000000001559	1.55855606198685e-11	1	0	0	116	9882
SM00521	CBF	1.00000000001559	1.55855606198685e-11	1	0	0	116	9882
SM00748	HEPN	1.00000000001559	1.55855606198685e-11	1	0	0	116	9882
SM01160	DUF1751	1.00000000001559	1.55855606198685e-11	1	0	0	116	9882
SM01377	Ribosomal_L40e	1.00000000001559	1.55855606198685e-11	1	0	0	116	9882
SM01152	DUF167	1.00000000001559	1.55855606198685e-11	1	0	0	116	9882
SM01396	BC10	1.00000000001559	1.55855606198685e-11	1	0	0	116	9882
SM01211	GATase_5	1.00000000001559	1.55855606198685e-11	1	0	0	116	9882
SM00934	OMPdecase	1.00000000001559	1.55855606198685e-11	1	0	0	116	9882
SM01087	COG6	1.00000000001559	1.55855606198685e-11	1	0	0	116	9882
SM01123	DBP10CT	1.00000000001559	1.55855606198685e-11	1	0	0	116	9882
SM00817	Amelin	1.00000000001559	1.55855606198685e-11	1	0	0	116	9882
SM00802	UME	1.00000000001559	1.55855606198685e-11	1	0	0	116	9882
SM01214	Fmp27_GFWDK	1.00000000001559	1.55855606198685e-11	1	0	0	116	9882
SM01297	KAP	1.00000000001559	1.55855606198685e-11	1	0	0	116	9882
SM00995	AD	1.00000000001559	1.55855606198685e-11	1	0	0	116	9882
SM01186	eIF3_N	1.00000000001559	1.55855606198685e-11	1	0	0	116	9882
SM01307	RICTOR_M	1.00000000001559	1.55855606198685e-11	1	0	0	116	9882
SM01159	DUF1744	1.00000000001559	1.55855606198685e-11	1	0	0	116	9882
SM01363	ACTH_domain	1.00000000001559	1.55855606198685e-11	1	0	0	116	9882
SM00709	Zpr1	1.00000000001559	1.55855606198685e-11	1	0	0	116	9882
SM01209	GARS_A	1.00000000001559	1.55855606198685e-11	1	0	0	116	9882
SM00203	TK	1.00000000001559	1.55855606198685e-11	1	0	0	116	9882
SM00465	GIYc	1.00000000001559	1.55855606198685e-11	1	0	0	116	9882
SM01378	Romo1	1.00000000001559	1.55855606198685e-11	1	0	0	116	9882
SM01032	BHD_3	1.00000000001559	1.55855606198685e-11	1	0	0	116	9882
SM00826	PKS_DH	1.00000000001559	1.55855606198685e-11	1	0	0	116	9882
SM00898	Fapy_DNA_glyco	1.00000000001559	1.55855606198685e-11	1	0	0	116	9882
SM00417	H4	1.00000000001559	1.55855606198685e-11	1	0	0	116	9882
SM01385	DSS1_SEM1	1.00000000001559	1.55855606198685e-11	1	0	0	116	9882
SM01036	BP28CT	1.00000000001559	1.55855606198685e-11	1	0	0	116	9882
SM00019	SF_P	1.00000000001559	1.55855606198685e-11	1	0	0	116	9882
SM01253	Kin17_mid	1.00000000001559	1.55855606198685e-11	1	0	0	116	9882
SM01013	APC2	1.00000000001559	1.55855606198685e-11	1	0	0	116	9882
SM01210	GARS_C	1.00000000001559	1.55855606198685e-11	1	0	0	116	9882
SM00883	Cpn10	1.00000000001559	1.55855606198685e-11	1	0	0	116	9882
SM00071	Galanin	1.00000000001559	1.55855606198685e-11	1	0	0	116	9882
SM00986	UDG	1.00000000001559	1.55855606198685e-11	1	0	0	116	9882
SM01342	TAN	1.00000000001559	1.55855606198685e-11	1	0	0	116	9882
SM01308	RICTOR_N	1.00000000001559	1.55855606198685e-11	1	0	0	116	9882
SM01222	FTCD_N	1.00000000001559	1.55855606198685e-11	1	0	0	116	9882
SM00245	TSPc	1.00000000001559	1.55855606198685e-11	1	0	0	116	9882
SM01075	CDT1	1.00000000001559	1.55855606198685e-11	1	0	0	116	9882
SM00507	HNHc	1.00000000001559	1.55855606198685e-11	1	0	0	116	9882
SM00659	RPOLCX	1.00000000001559	1.55855606198685e-11	1	0	0	116	9882
SM01069	CDC37_C	1.00000000001559	1.55855606198685e-11	1	0	0	116	9882
SM01173	DUF4187	1.00000000001559	1.55855606198685e-11	1	0	0	116	9882
SM01346	DUF3385	1.00000000001559	1.55855606198685e-11	1	0	0	116	9882
SM00818	Amelogenin	1.00000000001559	1.55855606198685e-11	1	0	0	116	9882
SM00798	AICARFT_IMPCHas	1.00000000001559	1.55855606198685e-11	1	0	0	116	9882
SM00932	Nfu_N	1.00000000001559	1.55855606198685e-11	1	0	0	116	9882
SM01060	Catalase	1.00000000001559	1.55855606198685e-11	1	0	0	116	9882
SM00613	PAW	1.00000000001559	1.55855606198685e-11	1	0	0	116	9882
SM01309	RICTOR_phospho	1.00000000001559	1.55855606198685e-11	1	0	0	116	9882
SM00026	EPEND	1.00000000001559	1.55855606198685e-11	1	0	0	116	9882
SM00658	RPOL8c	1.00000000001559	1.55855606198685e-11	1	0	0	116	9882
SM01030	BHD_1	1.00000000001559	1.55855606198685e-11	1	0	0	116	9882
SM01397	Ribosomal_S3Ae	1.00000000001559	1.55855606198685e-11	1	0	0	116	9882
SM00127	IL7	1.00000000001559	1.55855606198685e-11	1	0	0	116	9882
SM00874	B5	1.00000000001559	1.55855606198685e-11	1	0	0	116	9882
SM01379	GAGE	1.00000000001559	1.55855606198685e-11	1	0	0	116	9882
SM01302	Raptor_N	1.00000000001559	1.55855606198685e-11	1	0	0	116	9882
SM01219	Frataxin_Cyay	1.00000000001559	1.55855606198685e-11	1	0	0	116	9882
SM01365	Op_neuropeptide	1.00000000001559	1.55855606198685e-11	1	0	0	116	9882
SM01228	GIDA_assoc_3	1.00000000001559	1.55855606198685e-11	1	0	0	116	9882
SM00719	Plus3	1.00000000001559	1.55855606198685e-11	1	0	0	116	9882
SM01311	RPOL_N	1.00000000001559	1.55855606198685e-11	1	0	0	116	9882
SM01296	N2227	1.00000000001559	1.55855606198685e-11	1	0	0	116	9882
SM01348	Nbs1_C	1.00000000001559	1.55855606198685e-11	1	0	0	116	9882
SM01306	RFX5_DNA_bdg	1.00000000001559	1.55855606198685e-11	1	0	0	116	9882
SM00975	Telomerase_RBD	1.00000000001559	1.55855606198685e-11	1	0	0	116	9882
SM01082	CHZ	1.00000000001559	1.55855606198685e-11	1	0	0	116	9882
SM01125	DCP2	1.00000000001559	1.55855606198685e-11	1	0	0	116	9882
SM00470	ParB	1.00000000001559	1.55855606198685e-11	1	0	0	116	9882
SM01181	E2_bind	1.00000000001559	1.55855606198685e-11	1	0	0	116	9882
SM01204	FIST_C	1.00000000001559	1.55855606198685e-11	1	0	0	116	9882
SM01220	FSA_C	1.00000000001559	1.55855606198685e-11	1	0	0	116	9882
SM01335	PADR1	1.00000000001559	1.55855606198685e-11	1	0	0	116	9882
SM01136	DKCLD	1.00000000001559	1.55855606198685e-11	1	0	0	116	9882
SM00684	DM15	1.00000000001559	1.55855606198685e-11	1	0	0	116	9882
SM01344	NUC194	1.00000000001559	1.55855606198685e-11	1	0	0	116	9882
SM01162	DUF1771	1.00000000001559	1.55855606198685e-11	1	0	0	116	9882
SM01158	DUF1741	1.00000000001559	1.55855606198685e-11	1	0	0	116	9882
SM00984	UDPG_MGDP_dh_C	1.00000000001559	1.55855606198685e-11	1	0	0	116	9882
SM01031	BHD_2	1.00000000001559	1.55855606198685e-11	1	0	0	116	9882
SM00463	SMR	1.00000000001559	1.55855606198685e-11	1	0	0	116	9882
SM00254	ShKT	1.00000000001559	1.55855606198685e-11	1	0	0	116	9882
SM00870	Asparaginase	1.00000000001559	1.55855606198685e-11	1	0	0	116	9882
SM00987	UreE_C	1.00000000001559	1.55855606198685e-11	1	0	0	116	9882
SM01310	RICTOR_V	1.00000000001559	1.55855606198685e-11	1	0	0	116	9882
SM01353	AIF_C	1.00000000001559	1.55855606198685e-11	1	0	0	116	9882
SM01169	DUF1943	1.00000000001559	1.55855606198685e-11	1	0	0	116	9882
SM00017	OSTEO	1.00000000001559	1.55855606198685e-11	1	0	0	116	9882
SM01341	Tower	1.00000000001559	1.55855606198685e-11	1	0	0	116	9882
SM01413	Ribosomal_S19e	1.00000000001559	1.55855606198685e-11	1	0	0	116	9882
SM01347	Mre11_DNA_bind	1.00000000001559	1.55855606198685e-11	1	0	0	116	9882
SM01278	MAPKK1_Int	1.00000000001559	1.55855606198685e-11	1	0	0	116	9882
SM00535	RIBOc	1.00000000001559	1.55855606198685e-11	1	0	0	116	9882
SM01180	DWNN	1.00000000001559	1.55855606198685e-11	1	0	0	116	9882
SM00040	CSF2	1.00000000001559	1.55855606198685e-11	1	0	0	116	9882
SM01221	FTCD	1.00000000001559	1.55855606198685e-11	1	0	0	116	9882
SM01405	Ribosomal_S6e	1.00000000001559	1.55855606198685e-11	1	0	0	116	9882
SM00035	CLa	1.00000000001559	1.55855606198685e-11	1	0	0	116	9882
SM01285	FACT-Spt16_Nlob	1.00000000001559	1.55855606198685e-11	1	0	0	116	9882
SM00654	eIF6	1.00000000001559	1.55855606198685e-11	1	0	0	116	9882
SM00823	PKS_PP	1.00000000001559	1.55855606198685e-11	1	0	0	116	9882
SM01414	P68HR	1.00000000001559	1.55855606198685e-11	1	0	0	116	9882
SM01148	DUF1220	1.00000000001559	1.55855606198685e-11	1	0	0	116	9882
SM00226	LMWPc	1.00000000001559	1.55855606198685e-11	1	0	0	116	9882
SM00752	HTTM	1.00000000001559	1.55855606198685e-11	1	0	0	116	9882
SM00738	NGN	1.00000000001559	1.55855606198685e-11	1	0	0	116	9882
SM01001	AIRC	1.00000000001559	1.55855606198685e-11	1	0	0	116	9882
SM01102	CRM1_C	1.00000000001559	1.55855606198685e-11	1	0	0	116	9882
SM00941	PYNP_C	1.00000000001559	1.55855606198685e-11	1	0	0	116	9882
SM00929	NADH-G_4Fe-4S_3	1.00000000001559	1.55855606198685e-11	1	0	0	116	9882
SM01016	Arg_tRNA_synt_N	1.00000000001559	1.55855606198685e-11	1	0	0	116	9882
SM01033	BING4CT	1.00000000001559	1.55855606198685e-11	1	0	0	116	9882
SM01354	BLVR	1.00000000001559	1.55855606198685e-11	1	0	0	116	9882
SM01135	DIRP	1.00000000001559	1.55855606198685e-11	1	0	0	116	9882
SM01409	RNA_pol_Rpb6	1.00000000001559	1.55855606198685e-11	1	0	0	116	9882
SM00859	Semialdhyde_dh	1.00000000001559	1.55855606198685e-11	1	0	0	116	9882
SM00910	HIRAN	1.00000000001559	1.55855606198685e-11	1	0	0	116	9882
SM01071	CDC37_N	1.00000000001559	1.55855606198685e-11	1	0	0	116	9882
SM00983	TPK_B1_binding	1.00000000001559	1.55855606198685e-11	1	0	0	116	9882
SM01077	Cg6151-P	1.00000000001559	1.55855606198685e-11	1	0	0	116	9882
SM01286	SPT16	1.00000000001559	1.55855606198685e-11	1	0	0	116	9882
SM00845	GatB_Yqey	1.00000000001559	1.55855606198685e-11	1	0	0	116	9882
SM00990	VRR_NUC	1.00000000001559	1.55855606198685e-11	1	0	0	116	9882
SM01384	Ribosomal_L15e	1.00000000001559	1.55855606198685e-11	1	0	0	116	9882
SM01406	PAPA-1	1.00000000001559	1.55855606198685e-11	1	0	0	116	9882
SM01191	ENT	1.00000000001559	1.55855606198685e-11	1	0	0	116	9882
SM01197	FANCL_C	1.00000000001559	1.55855606198685e-11	1	0	0	116	9882
SM00683	DM16	1.00000000001559	1.55855606198685e-11	1	0	0	116	9882
SM00944	Pro-kuma_activ	1.00000000001559	1.55855606198685e-11	1	0	0	116	9882
SM01004	ALAD	1.00000000001559	1.55855606198685e-11	1	0	0	116	9882
SM00998	ADSL_C	1.00000000001559	1.55855606198685e-11	1	0	0	116	9882
SM01223	FTO_NTD	1.00000000001559	1.55855606198685e-11	1	0	0	116	9882
SM01402	Ribosomal_S27	1.00000000001559	1.55855606198685e-11	1	0	0	116	9882
SM01261	Thymopoietin	1.00000000001559	1.55855606198685e-11	1	0	0	116	9882
SM01422	SARA	1.00000000001559	1.55855606198685e-11	1	0	0	116	9882
SM01024	BCS1_N	1.00000000001559	1.55855606198685e-11	1	0	0	116	9882
SM00703	NRF	1.00000000001559	1.55855606198685e-11	1	0	0	116	9882
SM00731	SprT	1.00000000001559	1.55855606198685e-11	1	0	0	116	9882
SM01380	Ribosomal_L31e	1.00000000001559	1.55855606198685e-11	1	0	0	116	9882
SM01393	Ribosomal_L32e	1.00000000001559	1.55855606198685e-11	1	0	0	116	9882
SM01118	CYTH	1.00000000001559	1.55855606198685e-11	1	0	0	116	9882
SM01129	DELLA	1.00000000001559	1.55855606198685e-11	1	0	0	116	9882
SM00084	NMU	1.00000000001559	1.55855606198685e-11	1	0	0	116	9882
SM01273	Mago-bind	1.00000000001559	1.55855606198685e-11	1	0	0	116	9882
SM01350	6PGD	1.00000000001559	1.55855606198685e-11	1	0	0	116	9882
SM00189	IL2	1.00000000001559	1.55855606198685e-11	1	0	0	116	9882
SM01183	EF1G	1.00000000001559	1.55855606198685e-11	1	0	0	116	9882
SM01264	M16C_associated	1.00000000001559	1.55855606198685e-11	1	0	0	116	9882
SM01085	CK_II_beta	1.00000000001559	1.55855606198685e-11	1	0	0	116	9882
SM01295	K167R	1.00000000001559	1.55855606198685e-11	1	0	0	116	9882
SM01133	DeoC	1.00000000001559	1.55855606198685e-11	1	0	0	116	9882
SM01035	BOP1NT	1.00000000001559	1.55855606198685e-11	1	0	0	116	9882
SM00946	ProRS-C_1	1.00000000001559	1.55855606198685e-11	1	0	0	116	9882
SM00743	Agenet	1.00000000001559	1.55855606198685e-11	1	0	0	116	9882
SM00318	SNc	1.00000000001559	1.55855606198685e-11	1	0	0	116	9882
SM00784	SPT2	1.00000000001559	1.55855606198685e-11	1	0	0	116	9882
SM01284	ECSIT_Cterm	1.00000000001559	1.55855606198685e-11	1	0	0	116	9882
SM01404	CIMR	1.00000000001559	1.55855606198685e-11	1	0	0	116	9882
SM01386	Ribosomal_S13_N	1.00000000001559	1.55855606198685e-11	1	0	0	116	9882
SM01254	KLRAQ	1.00000000001559	1.55855606198685e-11	1	0	0	116	9882
SM01356	AP4E_app_platf	1.00000000001559	1.55855606198685e-11	1	0	0	116	9882
SM00754	CHRD	1.00000000001559	1.55855606198685e-11	1	0	0	116	9882
SM01120	Dak2	1.00000000001559	1.55855606198685e-11	1	0	0	116	9882
SM00567	EZ_HEAT	1.00000000001559	1.55855606198685e-11	1	0	0	116	9882
SM01416	Ribosomal_L19e	1.00000000001559	1.55855606198685e-11	1	0	0	116	9882
SM00067	GHA	1.00000000001559	1.55855606198685e-11	1	0	0	116	9882
SM01352	APCDDC	1.00000000001559	1.55855606198685e-11	1	0	0	116	9882
SM01128	DDRGK	1.00000000001559	1.55855606198685e-11	1	0	0	116	9882
SM01364	NPP	1.00000000001559	1.55855606198685e-11	1	0	0	116	9882
SM01018	B12-binding_2	1.00000000001559	1.55855606198685e-11	1	0	0	116	9882
SM01047	C1_4	1.00000000001559	1.55855606198685e-11	1	0	0	116	9882
SM00023	COLIPASE	1.00000000001559	1.55855606198685e-11	1	0	0	116	9882
SM01395	Tbf5	1.00000000001559	1.55855606198685e-11	1	0	0	116	9882
SM01124	DBR1	1.00000000001559	1.55855606198685e-11	1	0	0	116	9882
SM01262	LAMTOR	1.00000000001559	1.55855606198685e-11	1	0	0	116	9882
SM00277	GRAN	1.00000000001559	1.55855606198685e-11	1	0	0	116	9882
SM00762	Cog4	1.00000000001559	1.55855606198685e-11	1	0	0	116	9882
SM00839	ELFV_dehydrog	1.00000000001559	1.55855606198685e-11	1	0	0	116	9882
SM01155	DUF1713	1.00000000001559	1.55855606198685e-11	1	0	0	116	9882
SM01280	Mcm10	1.00000000001559	1.55855606198685e-11	1	0	0	116	9882
SM00030	CLb	1.00000000001559	1.55855606198685e-11	1	0	0	116	9882
SM00530	HTH_XRE	1.00000000001559	1.55855606198685e-11	1	0	0	116	9882
SM01331	DUF3635	1.00000000001559	1.55855606198685e-11	1	0	0	116	9882
SM00780	PIG-X	1.00000000001559	1.55855606198685e-11	1	0	0	116	9882
SM00805	AGTRAP	1.00000000001559	1.55855606198685e-11	1	0	0	116	9882
SM00928	NADH_4Fe-4S	1.00000000001559	1.55855606198685e-11	1	0	0	116	9882
SM01303	RasGEF_N_2	1.00000000001559	1.55855606198685e-11	1	0	0	116	9882
SM00157	PRP	1.00000000001559	1.55855606198685e-11	1	0	0	116	9882
SM00538	POP4	1.00000000001559	1.55855606198685e-11	1	0	0	116	9882
SM00858	SAF	1.00000000001559	1.55855606198685e-11	1	0	0	116	9882
SM01044	Btz	1.00000000001559	1.55855606198685e-11	1	0	0	116	9882
SM00904	Flavokinase	1.00000000001559	1.55855606198685e-11	1	0	0	116	9882
SM01098	CPSF73-100_C	1.00000000001559	1.55855606198685e-11	1	0	0	116	9882
SM00261	FU	1.00000000001591	1.5914186763451e-11	17	0	0	116	9882
SM00744	RINGv	1.00000000001591	1.5914186763451e-11	17	0	0	116	9882
SM01224	G_gamma	1.00000000001591	1.5914186763451e-11	17	0	0	116	9882
SM00247	XTALbg	1.00000000001591	1.5914186763451e-11	17	0	0	116	9882
SM00211	TY	1.00000000001591	1.5914186763451e-11	17	0	0	116	9882
SM01332	Cyclin_C	1.00000000001591	1.5914186763451e-11	17	0	0	116	9882
SM00061	MATH	1.00000000001591	1.5914186763451e-11	17	0	0	116	9882
SM00224	GGL	1.00000000001591	1.5914186763451e-11	17	0	0	116	9882
SM00216	VWD	1.00000000001591	1.5914186763451e-11	17	0	0	116	9882
SM00425	TBOX	1.00000000001591	1.5914186763451e-11	17	0	0	116	9882
SM00735	ZM	1.00000000001622	1.6223483717944e-11	3	0	0	116	9882
SM00183	NAT_PEP	1.00000000001622	1.6223483717944e-11	3	0	0	116	9882
SM00706	TECPR	1.00000000001622	1.6223483717944e-11	3	0	0	116	9882
SM01084	CKS	1.00000000001622	1.6223483717944e-11	3	0	0	116	9882
SM00931	NOSIC	1.00000000001622	1.6223483717944e-11	3	0	0	116	9882
SM01279	Matrilin_ccoil	1.00000000001622	1.6223483717944e-11	3	0	0	116	9882
SM01051	CAMSAP_CKK	1.00000000001622	1.6223483717944e-11	3	0	0	116	9882
SM00305	HintC	1.00000000001622	1.6223483717944e-11	3	0	0	116	9882
SM00444	GYF	1.00000000001622	1.6223483717944e-11	3	0	0	116	9882
SM01333	Tet_JBP	1.00000000001622	1.6223483717944e-11	3	0	0	116	9882
SM01276	M60-like	1.00000000001622	1.6223483717944e-11	3	0	0	116	9882
SM01218	FoP_duplication	1.00000000001622	1.6223483717944e-11	3	0	0	116	9882
SM00960	Robl_LC7	1.00000000001622	1.6223483717944e-11	3	0	0	116	9882
SM01370	TAFII55_N	1.00000000001622	1.6223483717944e-11	3	0	0	116	9882
SM00722	CASH	1.00000000001622	1.6223483717944e-11	3	0	0	116	9882
SM00682	G2F	1.00000000001622	1.6223483717944e-11	3	0	0	116	9882
SM01403	Ribosomal_S10	1.00000000001622	1.6223483717944e-11	3	0	0	116	9882
SM01300	PEHE	1.00000000001622	1.6223483717944e-11	3	0	0	116	9882
SM00712	PUR	1.00000000001622	1.6223483717944e-11	3	0	0	116	9882
SM00650	rADc	1.00000000001622	1.6223483717944e-11	3	0	0	116	9882
SM01212	Fib_alpha	1.00000000001622	1.6223483717944e-11	3	0	0	116	9882
SM01299	PIP49_N	1.00000000001622	1.6223483717944e-11	3	0	0	116	9882
SM00090	RIO	1.00000000001622	1.6223483717944e-11	3	0	0	116	9882
SM01274	malic	1.00000000001622	1.6223483717944e-11	3	0	0	116	9882
SM00962	SRP54	1.00000000001622	1.6223483717944e-11	3	0	0	116	9882
SM00478	ENDO3c	1.00000000001622	1.6223483717944e-11	3	0	0	116	9882
SM00553	SEP	1.00000000001622	1.6223483717944e-11	3	0	0	116	9882
SM01271	LSM14	1.00000000001622	1.6223483717944e-11	3	0	0	116	9882
SM00704	ZnF_CDGSH	1.00000000001622	1.6223483717944e-11	3	0	0	116	9882
SM01246	Josephin	1.00000000001622	1.6223483717944e-11	3	0	0	116	9882
SM01200	FerA	1.00000000001622	1.6223483717944e-11	3	0	0	116	9882
SM00576	BTP	1.00000000001622	1.6223483717944e-11	3	0	0	116	9882
SM00981	THUMP	1.00000000001622	1.6223483717944e-11	3	0	0	116	9882
SM00002	PLP	1.00000000001622	1.6223483717944e-11	3	0	0	116	9882
SM01073	CDC48_N	1.00000000001622	1.6223483717944e-11	3	0	0	116	9882
SM00594	UAS	1.00000000001622	1.6223483717944e-11	3	0	0	116	9882
SM00006	A4_EXTRA	1.00000000001622	1.6223483717944e-11	3	0	0	116	9882
SM00300	ChSh	1.00000000001622	1.6223483717944e-11	3	0	0	116	9882
SM00882	CoA_trans	1.00000000001622	1.6223483717944e-11	3	0	0	116	9882
SM01260	LANC_like	1.00000000001622	1.6223483717944e-11	3	0	0	116	9882
SM00536	AXH	1.00000000001622	1.6223483717944e-11	3	0	0	116	9882
SM01176	DUF4208	1.00000000001622	1.6223483717944e-11	3	0	0	116	9882
SM00272	END	1.00000000001622	1.6223483717944e-11	3	0	0	116	9882
SM01369	Rb_C	1.00000000001622	1.6223483717944e-11	3	0	0	116	9882
SM00363	S4	1.00000000001622	1.6223483717944e-11	3	0	0	116	9882
SM00438	ZnF_NFX	1.00000000001622	1.6223483717944e-11	3	0	0	116	9882
SM01147	DUF1087	1.00000000001622	1.6223483717944e-11	3	0	0	116	9882
SM00672	CAP10	1.00000000001622	1.6223483717944e-11	3	0	0	116	9882
SM00057	FIMAC	1.00000000001622	1.6223483717944e-11	3	0	0	116	9882
SM00997	AdoHcyase_NAD	1.00000000001622	1.6223483717944e-11	3	0	0	116	9882
SM01305	RESP18	1.00000000001622	1.6223483717944e-11	3	0	0	116	9882
SM00773	WGR	1.00000000001622	1.6223483717944e-11	3	0	0	116	9882
SM00265	BH4	1.00000000001622	1.6223483717944e-11	3	0	0	116	9882
SM00482	POLAc	1.00000000001622	1.6223483717944e-11	3	0	0	116	9882
SM01366	c-clamp	1.00000000001622	1.6223483717944e-11	3	0	0	116	9882
SM00676	DM10	1.00000000001622	1.6223483717944e-11	3	0	0	116	9882
SM00459	Sorb	1.00000000001622	1.6223483717944e-11	3	0	0	116	9882
SM00803	TAF	1.00000000001622	1.6223483717944e-11	3	0	0	116	9882
SM00341	HRDC	1.00000000001622	1.6223483717944e-11	3	0	0	116	9882
SM01199	FDF	1.00000000001622	1.6223483717944e-11	3	0	0	116	9882
SM00278	HhH1	1.00000000001622	1.6223483717944e-11	3	0	0	116	9882
SM01257	KRAP_IP3R_bind	1.00000000001622	1.6223483717944e-11	3	0	0	116	9882
SM01065	CBM_2	1.00000000001622	1.6223483717944e-11	3	0	0	116	9882
SM00751	BSD	1.00000000001622	1.6223483717944e-11	3	0	0	116	9882
SM01368	RB_A	1.00000000001622	1.6223483717944e-11	3	0	0	116	9882
SM01401	Sds3	1.00000000001622	1.6223483717944e-11	3	0	0	116	9882
SM00851	MGS	1.00000000001622	1.6223483717944e-11	3	0	0	116	9882
SM00985	UBA_e1_C	1.00000000001622	1.6223483717944e-11	3	0	0	116	9882
SM00162	SAPA	1.00000000001622	1.6223483717944e-11	3	0	0	116	9882
SM00113	CALCITONIN	1.00000000001622	1.6223483717944e-11	3	0	0	116	9882
SM00758	PA14	1.00000000001622	1.6223483717944e-11	3	0	0	116	9882
SM00306	HintN	1.00000000001622	1.6223483717944e-11	3	0	0	116	9882
SM01232	H2TH	1.00000000001622	1.6223483717944e-11	3	0	0	116	9882
SM00963	SRP54_N	1.00000000001622	1.6223483717944e-11	3	0	0	116	9882
SM00311	PWI	1.00000000001622	1.6223483717944e-11	3	0	0	116	9882
SM00916	L51_S25_CI-B8	1.00000000001622	1.6223483717944e-11	3	0	0	116	9882
SM01146	DUF1086	1.00000000001622	1.6223483717944e-11	3	0	0	116	9882
SM00663	RPOLA_N	1.00000000001622	1.6223483717944e-11	3	0	0	116	9882
SM01083	Cir_N	1.00000000001622	1.6223483717944e-11	3	0	0	116	9882
SM00143	PI3K_p85B	1.00000000001622	1.6223483717944e-11	3	0	0	116	9882
SM00996	AdoHcyase	1.00000000001622	1.6223483717944e-11	3	0	0	116	9882
SM01424	HAP1_N	1.00000000001622	1.6223483717944e-11	3	0	0	116	9882
SM00836	DALR_1	1.00000000001622	1.6223483717944e-11	3	0	0	116	9882
SM00919	Malic_M	1.00000000001622	1.6223483717944e-11	3	0	0	116	9882
SM01367	DUF3452	1.00000000001622	1.6223483717944e-11	3	0	0	116	9882
SM00309	PAH	1.00000000001622	1.6223483717944e-11	3	0	0	116	9882
SM00151	SWIB	1.00000000001622	1.6223483717944e-11	3	0	0	116	9882
SM01275	MamL-1	1.00000000001622	1.6223483717944e-11	3	0	0	116	9882
SM01269	Lipid_DES	1.00000000001622	1.6223483717944e-11	3	0	0	116	9882
SM00050	DISIN	1.00000000001741	1.74137171554185e-11	37	0	0	116	9882
SM00322	KH	1.00000000001741	1.74137171554185e-11	37	0	0	116	9882
SM00268	ACTIN	1.00000000001762	1.76217241449435e-11	26	0	0	116	9882
SM00043	CY	1.00000000001762	1.76217241449435e-11	26	0	0	116	9882
SM00231	FA58C	1.00000000001766	1.76640744999318e-11	20	0	0	116	9882
SM00215	VWC_out	1.00000000001766	1.76640744999318e-11	20	0	0	116	9882
SM00063	FRI	1.00000000001766	1.76640744999318e-11	20	0	0	116	9882
SM00044	CYCc	1.00000000001766	1.76640744999318e-11	20	0	0	116	9882
SM00293	PWWP	1.00000000001766	1.76640744999318e-11	20	0	0	116	9882
SM00041	CT	1.00000000001766	1.76640744999318e-11	20	0	0	116	9882
SM00547	ZnF_RBZ	1.00000000001766	1.76640744999318e-11	20	0	0	116	9882
SM00253	SOCS	1.00000000001766	1.76640744999318e-11	20	0	0	116	9882
SM00443	G_patch	1.00000000001766	1.76640744999318e-11	20	0	0	116	9882
SM00397	t_SNARE	1.00000000001766	1.76640744999318e-11	20	0	0	116	9882
SM00809	Alpha_adaptinC2	1.00000000001781	1.78100501221453e-11	9	0	0	116	9882
SM00078	IlGF	1.00000000001781	1.78100501221453e-11	9	0	0	116	9882
SM00085	PA2c	1.00000000001781	1.78100501221453e-11	9	0	0	116	9882
SM00273	ENTH	1.00000000001781	1.78100501221453e-11	9	0	0	116	9882
SM00350	MCM	1.00000000001781	1.78100501221453e-11	9	0	0	116	9882
SM00393	R3H	1.00000000001781	1.78100501221453e-11	9	0	0	116	9882
SM00141	PDGF	1.00000000001781	1.78100501221453e-11	9	0	0	116	9882
SM00668	CTLH	1.00000000001781	1.78100501221453e-11	9	0	0	116	9882
SM00114	CARD	1.00000000001781	1.78100501221453e-11	9	0	0	116	9882
SM01349	TOG	1.00000000001781	1.78100501221453e-11	9	0	0	116	9882
SM00351	PAX	1.00000000001781	1.78100501221453e-11	9	0	0	116	9882
SM00652	eIF1a	1.00000000001781	1.78100501221453e-11	9	0	0	116	9882
SM00387	HATPase_c	1.00000000001781	1.78100501221453e-11	9	0	0	116	9882
SM00849	Lactamase_B	1.00000000001781	1.78100501221453e-11	9	0	0	116	9882
SM00727	STI1	1.00000000001781	1.78100501221453e-11	9	0	0	116	9882
SM00316	S1	1.00000000001781	1.78100501221453e-11	9	0	0	116	9882
SM01359	A2M_N_2	1.00000000001781	1.78100501221453e-11	9	0	0	116	9882
SM00537	DCX	1.00000000001781	1.78100501221453e-11	9	0	0	116	9882
SM00561	MBT	1.00000000001781	1.78100501221453e-11	9	0	0	116	9882
SM01360	A2M	1.00000000001781	1.78100501221453e-11	9	0	0	116	9882
SM00674	CENPB	1.00000000001781	1.78100501221453e-11	9	0	0	116	9882
SM00187	INB	1.00000000001781	1.78100501221453e-11	9	0	0	116	9882
SM00348	IRF	1.00000000001781	1.78100501221453e-11	9	0	0	116	9882
SM00545	JmjN	1.00000000001781	1.78100501221453e-11	9	0	0	116	9882
SM01361	A2M_recep	1.00000000001781	1.78100501221453e-11	9	0	0	116	9882
SM00263	LYZ1	1.00000000001781	1.78100501221453e-11	9	0	0	116	9882
SM00132	LIM	1.00000000001833	1.83304365581886e-11	73	0	0	116	9882
SM01057	Carb_anhydrase	1.0000000000191	1.91015264918265e-11	18	0	0	116	9882
SM00865	Tubulin_C	1.0000000000191	1.91015264918265e-11	18	0	0	116	9882
SM00847	HA2	1.0000000000191	1.91015264918265e-11	18	0	0	116	9882
SM00014	acidPPc	1.0000000000191	1.91015264918265e-11	18	0	0	116	9882
SM00079	PBPe	1.0000000000191	1.91015264918265e-11	18	0	0	116	9882
SM00918	Lig_chan-Glu_bd	1.0000000000191	1.91015264918265e-11	18	0	0	116	9882
SM00308	LH2	1.0000000000191	1.91015264918265e-11	18	0	0	116	9882
SM00291	ZnF_ZZ	1.0000000000191	1.91015264918265e-11	18	0	0	116	9882
SM00037	CNX	1.0000000000191	1.91015264918265e-11	18	0	0	116	9882
SM00082	LRRCT	1.00000000001987	1.98727641786745e-11	75	0	0	116	9882
SM00385	CYCLIN	1.00000000002042	2.04236533370419e-11	32	0	0	116	9882
SM01373	MAGE	1.00000000002042	2.04236533370419e-11	32	0	0	116	9882
SM00271	DnaJ	1.00000000002082	2.08161861920043e-11	47	0	0	116	9882
SM00915	Jacalin	1.00000000002084	2.08396253578121e-11	6	0	0	116	9882
SM00021	DAX	1.00000000002084	2.08396253578121e-11	6	0	0	116	9882
SM00441	FF	1.00000000002084	2.08396253578121e-11	6	0	0	116	9882
SM00070	GLUCA	1.00000000002084	2.08396253578121e-11	6	0	0	116	9882
SM00603	LCCL	1.00000000002084	2.08396253578121e-11	6	0	0	116	9882
SM00811	Alpha_kinase	1.00000000002084	2.08396253578121e-11	6	0	0	116	9882
SM00695	DUSP	1.00000000002084	2.08396253578121e-11	6	0	0	116	9882
SM01137	DMAP_binding	1.00000000002084	2.08396253578121e-11	6	0	0	116	9882
SM01241	Integrin_b_cyt	1.00000000002084	2.08396253578121e-11	6	0	0	116	9882
SM00952	RAP	1.00000000002084	2.08396253578121e-11	6	0	0	116	9882
SM00592	BRK	1.00000000002084	2.08396253578121e-11	6	0	0	116	9882
SM00259	ZnF_A20	1.00000000002084	2.08396253578121e-11	6	0	0	116	9882
SM00968	SMC_hinge	1.00000000002084	2.08396253578121e-11	6	0	0	116	9882
SM00710	PbH1	1.00000000002084	2.08396253578121e-11	6	0	0	116	9882
SM00440	ZnF_C2C2	1.00000000002084	2.08396253578121e-11	6	0	0	116	9882
SM00111	C4	1.00000000002084	2.08396253578121e-11	6	0	0	116	9882
SM00544	MA3	1.00000000002084	2.08396253578121e-11	6	0	0	116	9882
SM00950	Piwi	1.00000000002084	2.08396253578121e-11	6	0	0	116	9882
SM00022	PLAc	1.00000000002084	2.08396253578121e-11	6	0	0	116	9882
SM00863	tRNA_SAD	1.00000000002084	2.08396253578121e-11	6	0	0	116	9882
SM01132	DIL	1.00000000002084	2.08396253578121e-11	6	0	0	116	9882
SM00742	Hr1	1.00000000002084	2.08396253578121e-11	6	0	0	116	9882
SM00359	PUA	1.00000000002084	2.08396253578121e-11	6	0	0	116	9882
SM00257	LysM	1.00000000002084	2.08396253578121e-11	6	0	0	116	9882
SM00548	IRO	1.00000000002084	2.08396253578121e-11	6	0	0	116	9882
SM00517	PolyA	1.00000000002084	2.08396253578121e-11	6	0	0	116	9882
SM01329	Iso_dh	1.00000000002084	2.08396253578121e-11	6	0	0	116	9882
SM00477	NUC	1.00000000002084	2.08396253578121e-11	6	0	0	116	9882
SM00730	PSN	1.00000000002084	2.08396253578121e-11	6	0	0	116	9882
SM00415	HSF	1.00000000002084	2.08396253578121e-11	6	0	0	116	9882
SM00464	LON	1.00000000002084	2.08396253578121e-11	6	0	0	116	9882
SM01114	CXC	1.00000000002084	2.08396253578121e-11	6	0	0	116	9882
SM01343	FATC	1.00000000002084	2.08396253578121e-11	6	0	0	116	9882
SM00648	SWAP	1.00000000002084	2.08396253578121e-11	6	0	0	116	9882
SM00665	B561	1.00000000002084	2.08396253578121e-11	6	0	0	116	9882
SM00152	THY	1.00000000002084	2.08396253578121e-11	6	0	0	116	9882
SM01198	FBA	1.00000000002084	2.08396253578121e-11	6	0	0	116	9882
SM00757	CRA	1.00000000002084	2.08396253578121e-11	6	0	0	116	9882
SM00432	MADS	1.00000000002084	2.08396253578121e-11	6	0	0	116	9882
SM00031	DED	1.00000000002084	2.08396253578121e-11	6	0	0	116	9882
SM00949	PAZ	1.00000000002084	2.08396253578121e-11	6	0	0	116	9882
SM00921	MHC_II_beta	1.00000000002084	2.08396253578121e-11	6	0	0	116	9882
SM00670	PINc	1.00000000002084	2.08396253578121e-11	6	0	0	116	9882
SM00907	GDNF	1.00000000002084	2.08396253578121e-11	6	0	0	116	9882
SM00394	RIIa	1.00000000002084	2.08396253578121e-11	6	0	0	116	9882
SM00302	GED	1.00000000002084	2.08396253578121e-11	6	0	0	116	9882
SM01400	Pribosyltran_N	1.00000000002084	2.08396253578121e-11	6	0	0	116	9882
SM01127	DDHD	1.00000000002084	2.08396253578121e-11	6	0	0	116	9882
SM00775	LNS2	1.00000000002084	2.08396253578121e-11	6	0	0	116	9882
SM00552	ADEAMc	1.00000000002084	2.08396253578121e-11	6	0	0	116	9882
SM00408	IGc2	1.00000000002247	2.24664603205558e-11	228	0	0	116	9882
SM00490	HELICc	1.0000000000225	2.24979648567966e-11	106	0	0	116	9882
SM01039	BRICHOS	1.00000000002281	2.28067303102056e-11	10	0	0	116	9882
SM00472	MIR	1.00000000002281	2.28067303102056e-11	10	0	0	116	9882
SM00102	ADF	1.00000000002281	2.28067303102056e-11	10	0	0	116	9882
SM01372	E2F_TDP	1.00000000002281	2.28067303102056e-11	10	0	0	116	9882
SM00128	IPPc	1.00000000002281	2.28067303102056e-11	10	0	0	116	9882
SM00591	RWD	1.00000000002281	2.28067303102056e-11	10	0	0	116	9882
SM00745	MIT	1.00000000002281	2.28067303102056e-11	10	0	0	116	9882
SM00543	MIF4G	1.00000000002281	2.28067303102056e-11	10	0	0	116	9882
SM01190	EMP24_GP25L	1.00000000002281	2.28067303102056e-11	10	0	0	116	9882
SM01017	Arrestin_C	1.00000000002281	2.28067303102056e-11	10	0	0	116	9882
SM01100	CRAL_TRIO_N	1.00000000002281	2.28067303102056e-11	10	0	0	116	9882
SM00049	DEP	1.00000000002977	2.97650609788412e-11	21	0	0	116	9882
SM00048	DEFSN	1.00000000002977	2.97650609788412e-11	21	0	0	116	9882
SM00134	LU	1.00000000002977	2.97650609788412e-11	21	0	0	116	9882
SM00298	CHROMO	1.00000000002977	2.97664802104123e-11	30	0	0	116	9882
SM01025	BEN	1.0000000000327	3.26967801853569e-11	8	0	0	116	9882
SM00237	Calx_beta	1.0000000000327	3.26967801853569e-11	8	0	0	116	9882
SM00153	VHP	1.0000000000327	3.26967801853569e-11	8	0	0	116	9882
SM00524	DWB	1.0000000000327	3.26967801853569e-11	8	0	0	116	9882
SM00504	Ubox	1.0000000000327	3.26967801853569e-11	8	0	0	116	9882
SM00577	CPDc	1.0000000000327	3.26967801853569e-11	8	0	0	116	9882
SM00357	CSP	1.0000000000327	3.26967801853569e-11	8	0	0	116	9882
SM00099	btg1	1.0000000000327	3.26967801853569e-11	8	0	0	116	9882
SM00288	VHS	1.0000000000327	3.26967801853569e-11	8	0	0	116	9882
SM00262	GEL	1.0000000000327	3.26967801853569e-11	8	0	0	116	9882
SM00746	TRASH	1.0000000000327	3.26967801853569e-11	8	0	0	116	9882
SM01242	Integrin_B_tail	1.0000000000327	3.26967801853569e-11	8	0	0	116	9882
SM00281	LamB	1.0000000000327	3.26967801853569e-11	8	0	0	116	9882
SM00330	PIPKc	1.0000000000327	3.26967801853569e-11	8	0	0	116	9882
SM00107	BTK	1.0000000000327	3.26967801853569e-11	8	0	0	116	9882
SM00511	ORANGE	1.0000000000327	3.26967801853569e-11	8	0	0	116	9882
SM00506	A1pp	1.0000000000327	3.26967801853569e-11	8	0	0	116	9882
SM00562	NDK	1.0000000000327	3.26967801853569e-11	8	0	0	116	9882
SM00167	VPS9	1.0000000000327	3.26967801853569e-11	8	0	0	116	9882
SM01203	DUF3585	1.0000000000327	3.26967801853569e-11	8	0	0	116	9882
SM00468	PreSET	1.0000000000327	3.26967801853569e-11	8	0	0	116	9882
SM00948	Proteasome_A_N	1.0000000000327	3.26967801853569e-11	8	0	0	116	9882
SM00609	VIT	1.0000000000327	3.26967801853569e-11	8	0	0	116	9882
SM00861	Transket_pyr	1.0000000000327	3.26967801853569e-11	8	0	0	116	9882
SM01419	Thiol-ester_cl	1.0000000000327	3.26967801853569e-11	8	0	0	116	9882
SM00329	BPI2	1.0000000000327	3.26967801853569e-11	8	0	0	116	9882
SM01420	TRP_2	1.0000000000327	3.26967801853569e-11	8	0	0	116	9882
SM01412	Pro-rich	1.0000000000327	3.26967801853569e-11	8	0	0	116	9882
SM00884	Cullin_Nedd8	1.0000000000327	3.26967801853569e-11	8	0	0	116	9882
SM00166	UBX	1.0000000000327	3.26967801853569e-11	8	0	0	116	9882
SM00503	SynN	1.0000000000327	3.26967801853569e-11	8	0	0	116	9882
SM00200	SEA	1.0000000000327	3.26967801853569e-11	8	0	0	116	9882
SM00154	ZnF_AN1	1.0000000000327	3.26967801853569e-11	8	0	0	116	9882
SM00125	IL1	1.0000000000327	3.26967801853569e-11	8	0	0	116	9882
SM00225	BTB	1.00000000003291	3.29121567113707e-11	202	0	0	116	9882
