TermID	Term	Enrichment	logP	Genes in Term	Target Genes in Term	Fraction of Targets in Term	Total Target Genes	Total Genes	Entrez Gene IDs	Gene Symbols
SM00651	Sm	1.00420447825126e-07	-16.1138999868285	19	8	0.0234604105571848	341	9882	69878,66094,107686,50783,68011,78651,20641,66373	Snrpf,Lsm7,Snrpd2,Lsm4,Snrpg,Lsm6,Snrpd1,Lsm5
SM00382	AAA	0.000883319479148803	-7.0318236117576	137	13	0.0381231671554252	341	9882	26357,60530,23834,18392,214901,66566,192663,19299,20174,18670,108888,100019,69597	Abcg2,Fignl1,Cdc6,Orc1,Chtf18,Ntpcr,Abcg4,Abcd3,Ruvbl2,Abcb4,Atad3a,Mdn1,Afg3l2
SM01074	Cdc6_C	0.0011873740335319	-6.73601110470781	2	2	0.00586510263929619	341	9882	18392,23834	Orc1,Cdc6
SM01084	CKS	0.00348064036029558	-5.66053899054462	3	2	0.00586510263929619	341	9882	54124,66197	Cks1b,Cks2
SM00851	MGS	0.00348064036029558	-5.66053899054462	3	2	0.00586510263929619	341	9882	69719,108147	Cad,Atic
SM00279	HhH2	0.00680249896299396	-4.99046523975173	4	2	0.00586510263929619	341	9882	14156,26909	Fen1,Exo1
SM00485	XPGN	0.00680249896299396	-4.99046523975173	4	2	0.00586510263929619	341	9882	14156,26909	Fen1,Exo1
SM00484	XPGI	0.00680249896299396	-4.99046523975173	4	2	0.00586510263929619	341	9882	14156,26909	Fen1,Exo1
SM00320	WD40	0.00745238557057481	-4.8992210870318	256	17	0.0498533724340176	341	9882	72338,69736,70235,101612,27966,72515,74682,73674,57773,57750,67936,216156,252875,57315,54709,107071,69912	Wdr89,Nup37,Poc1a,Grwd1,Rrp9,Wdr43,Wdr35,Wdr75,Wdr4,Wdr12,Wdr55,Wdr18,Mios,Wdr46,Eif3i,Wdr74,Nup43
SM00879	Brix	0.0110796413280007	-4.50264596930603	5	2	0.00586510263929619	341	9882	67239,235036	Rpf2,Ppan
SM00132	LIM	0.0126856248790646	-4.36728582588564	73	7	0.0205278592375367	341	9882	109594,30937,68337,13009,54132,22051,194401	Lmo1,Lmcd1,Crip2,Csrp3,Pdlim1,Trip6,Mical3
SM00726	UIM	0.0136099739265354	-4.29695237807847	15	3	0.00879765395894428	341	9882	13854,268445,13858	Epn1,Ankrd13b,Eps15
SM00968	SMC_hinge	0.0162425683148435	-4.12011980928686	6	2	0.00586510263929619	341	9882	14211,70099	Smc2,Smc4
SM00710	PbH1	0.0162425683148435	-4.12011980928686	6	2	0.00586510263929619	341	9882	269529,20419	Fbxo10,Shcbp1
SM00952	RAP	0.0162425683148435	-4.12011980928686	6	2	0.00586510263929619	341	9882	21379,75619	Tbrg4,Fastkd2
SM00563	PlsC	0.0193317976133548	-3.94600399405085	17	3	0.00879765395894428	341	9882	28169,68262,52123	Agpat3,Agpat4,Agpat5
SM01332	Cyclin_C	0.0193317976133548	-3.94600399405085	17	3	0.00879765395894428	341	9882	12447,12428,12449	Ccne1,Ccna2,Ccnf
SM01057	Carb_anhydrase	0.0226174315658198	-3.7890343617871	18	3	0.00879765395894428	341	9882	12346,12350,12349	Car1,Car3,Car2
SM00357	CSP	0.0289657876705088	-3.54163988093108	8	2	0.00586510263929619	341	9882	56449,22608	Ybx3,Ybx1
SM00577	CPDc	0.0289657876705088	-3.54163988093108	8	2	0.00586510263929619	341	9882	66525,79560	Timm50,Ublcp1
SM01284	ECSIT_Cterm	0.0345071847803383	-3.36658772212422	1	1	0.00293255131964809	341	9882	26940	Ecsit
SM01280	Mcm10	0.0345071847803383	-3.36658772212422	1	1	0.00293255131964809	341	9882	70024	Mcm10
SM01404	CIMR	0.0345071847803383	-3.36658772212422	1	1	0.00293255131964809	341	9882	16004	Igf2r
SM01380	Ribosomal_L31e	0.0345071847803383	-3.36658772212422	1	1	0.00293255131964809	341	9882	114641	Rpl31
SM00684	DM15	0.0345071847803383	-3.36658772212422	1	1	0.00293255131964809	341	9882	73158	Larp1
SM01219	Frataxin_Cyay	0.0345071847803383	-3.36658772212422	1	1	0.00293255131964809	341	9882	14297	Fxn
SM00883	Cpn10	0.0345071847803383	-3.36658772212422	1	1	0.00293255131964809	341	9882	15528	Hspe1
SM01004	ALAD	0.0345071847803383	-3.36658772212422	1	1	0.00293255131964809	341	9882	17025	Alad
SM00798	AICARFT_IMPCHas	0.0345071847803383	-3.36658772212422	1	1	0.00293255131964809	341	9882	108147	Atic
SM01082	CHZ	0.0345071847803383	-3.36658772212422	1	1	0.00293255131964809	341	9882	233876	Hirip3
SM01033	BING4CT	0.0345071847803383	-3.36658772212422	1	1	0.00293255131964809	341	9882	57315	Wdr46
SM01350	6PGD	0.0345071847803383	-3.36658772212422	1	1	0.00293255131964809	341	9882	110208	Pgd
SM00157	PRP	0.0345071847803383	-3.36658772212422	1	1	0.00293255131964809	341	9882	19122	Prnp
SM01211	GATase_5	0.0345071847803383	-3.36658772212422	1	1	0.00293255131964809	341	9882	237823	Pfas
SM01155	DUF1713	0.0345071847803383	-3.36658772212422	1	1	0.00293255131964809	341	9882	66077	Aurkaip1
SM01136	DKCLD	0.0345071847803383	-3.36658772212422	1	1	0.00293255131964809	341	9882	245474	Dkc1
SM00026	EPEND	0.0345071847803383	-3.36658772212422	1	1	0.00293255131964809	341	9882	105298	Epdr1
SM00849	Lactamase_B	0.0364045961927597	-3.31306024327885	9	2	0.00586510263929619	341	9882	14651,212442	Hagh,Lactb2
SM00141	PDGF	0.0364045961927597	-3.31306024327885	9	2	0.00586510263929619	341	9882	22339,22340	Vegfa,Vegfb
SM01372	E2F_TDP	0.0444859089163772	-3.11258279351983	10	2	0.00586510263929619	341	9882	108961,104394	E2f8,E2f4
SM00361	RRM_1	0.0482331169915104	-3.03170941934055	24	3	0.00879765395894428	341	9882	67197,230721,20382	Zcrb1,Pabpc4,Srsf2
SM00027	EH	0.0531568023737083	-2.9345091979299	11	2	0.00586510263929619	341	9882	13858,13660	Eps15,Ehd1
SM00406	IGv	0.0605396307675935	-2.80445707438976	81	6	0.0175953079178886	341	9882	27028,17967,78908,68481,192194,237754	Ermap,Ncam1,Igsf3,Mpzl1,Btnl10,Btnl9
SM00244	PHB	0.0623672219958299	-2.77471543014747	12	2	0.00586510263929619	341	9882	66592,12034	Stoml2,Phb2
SM00116	CBS	0.0623672219958299	-2.77471543014747	12	2	0.00586510263929619	341	9882	12725,23918	Clcn3,Impdh2
SM00435	TOPEUc	0.0678269955278354	-2.69079499915472	2	1	0.00293255131964809	341	9882	72960	Top1mt
SM00777	Mad3_BUB1_I	0.0678269955278354	-2.69079499915472	2	1	0.00293255131964809	341	9882	12235	Bub1
SM00512	Skp1	0.0678269955278354	-2.69079499915472	2	1	0.00293255131964809	341	9882	67923	Eloc
SM01096	CPSase_L_D3	0.0678269955278354	-2.69079499915472	2	1	0.00293255131964809	341	9882	69719	Cad
SM01182	EF-1_beta_acid	0.0678269955278354	-2.69079499915472	2	1	0.00293255131964809	341	9882	66656	Eef1d
SM00586	ZnF_DBF	0.0678269955278354	-2.69079499915472	2	1	0.00293255131964809	341	9882	27214	Dbf4
SM00653	eIF2B_5	0.0678269955278354	-2.69079499915472	2	1	0.00293255131964809	341	9882	67204	Eif2s2
SM00956	RQC	0.0678269955278354	-2.69079499915472	2	1	0.00293255131964809	341	9882	22427	Wrn
SM00469	WIF	0.0678269955278354	-2.69079499915472	2	1	0.00293255131964809	341	9882	20187	Ryk
SM00433	TOP2c	0.0678269955278354	-2.69079499915472	2	1	0.00293255131964809	341	9882	21973	Top2a
SM01258	KRBA1	0.0678269955278354	-2.69079499915472	2	1	0.00293255131964809	341	9882	100019	Mdn1
SM01206	Fibrillarin	0.0678269955278354	-2.69079499915472	2	1	0.00293255131964809	341	9882	14113	Fbl
SM01115	cwf21	0.0678269955278354	-2.69079499915472	2	1	0.00293255131964809	341	9882	67958	U2surp
SM00888	EF1_GNE	0.0678269955278354	-2.69079499915472	2	1	0.00293255131964809	341	9882	66656	Eef1d
SM00649	RL11	0.0678269955278354	-2.69079499915472	2	1	0.00293255131964809	341	9882	66419	Mrpl11
SM01387	Ribosomal_S15	0.0678269955278354	-2.69079499915472	2	1	0.00293255131964809	341	9882	66407	Mrps15
SM01097	CPSase_sm_chain	0.0678269955278354	-2.69079499915472	2	1	0.00293255131964809	341	9882	69719	Cad
SM00434	TOP4c	0.0678269955278354	-2.69079499915472	2	1	0.00293255131964809	341	9882	21973	Top2a
SM01144	DTW	0.0678269955278354	-2.69079499915472	2	1	0.00293255131964809	341	9882	69185	Dtwd1
SM00033	CH	0.0693434546584251	-2.6686835179527	64	5	0.0146627565982405	341	9882	12316,14453,71994,194401,20741	Aspm,Gas2,Cnn3,Mical3,Sptb
SM00479	EXOIII	0.072069848067635	-2.63011951817018	13	2	0.00586510263929619	341	9882	104444,71151	Rexo2,Eri2
SM00385	CYCLIN	0.096903750648266	-2.33403705445403	32	3	0.00879765395894428	341	9882	12428,12449,12447	Ccna2,Ccnf,Ccne1
SM00553	SEP	0.100000173111959	-2.30258336187595	3	1	0.00293255131964809	341	9882	68053	Ubxn2b
SM00722	CASH	0.100000173111959	-2.30258336187595	3	1	0.00293255131964809	341	9882	269529	Fbxo10
SM00341	HRDC	0.100000173111959	-2.30258336187595	3	1	0.00293255131964809	341	9882	22427	Wrn
SM00919	Malic_M	0.100000173111959	-2.30258336187595	3	1	0.00293255131964809	341	9882	107029	Me2
SM00006	A4_EXTRA	0.100000173111959	-2.30258336187595	3	1	0.00293255131964809	341	9882	11804	Aplp2
SM00735	ZM	0.100000173111959	-2.30258336187595	3	1	0.00293255131964809	341	9882	54132	Pdlim1
SM01403	Ribosomal_S10	0.100000173111959	-2.30258336187595	3	1	0.00293255131964809	341	9882	64657	Mrps10
SM01274	malic	0.100000173111959	-2.30258336187595	3	1	0.00293255131964809	341	9882	107029	Me2
SM00663	RPOLA_N	0.100000173111959	-2.30258336187595	3	1	0.00293255131964809	341	9882	20019	Polr1a
SM01051	CAMSAP_CKK	0.100000173111959	-2.30258336187595	3	1	0.00293255131964809	341	9882	67886	Camsap2
SM00589	PRY	0.111302505775792	-2.19550350724524	34	3	0.00879765395894428	341	9882	237754,19824,27028	Btnl9,Trim10,Ermap
SM00449	SPRY	0.11179099425088	-2.19112427382336	74	5	0.0146627565982405	341	9882	27028,211949,237754,19824,66701	Ermap,Spsb4,Btnl9,Trim10,Spryd4
SM00028	TPR	0.113352009908157	-2.1772571703097	118	7	0.0205278592375367	341	9882	66897,230603,14228,225608,74838,50927,67738	Naa16,Ttc39a,Fkbp4,Sh3tc2,Naa15,Nasp,Ppid
SM00216	VWD	0.114944714841985	-2.16330400671613	17	2	0.00586510263929619	341	9882	71733,22371	Susd2,Vwf
SM00037	CNX	0.126485625254482	-2.06762661162335	18	2	0.00586510263929619	341	9882	14609,14620	Gja1,Gjb3
SM00865	Tubulin_C	0.126485625254482	-2.06762661162335	18	2	0.00586510263929619	341	9882	227613,22143	Tubb4b,Tuba1b
SM01007	Aldolase_II	0.131066064495483	-2.03205377377627	4	1	0.00293255131964809	341	9882	11519	Add2
SM00474	35EXOc	0.131066064495483	-2.03205377377627	4	1	0.00293255131964809	341	9882	22427	Wrn
SM01240	IMPDH	0.131066064495483	-2.03205377377627	4	1	0.00293255131964809	341	9882	23918	Impdh2
SM00483	POLXc	0.131066064495483	-2.03205377377627	4	1	0.00293255131964809	341	9882	21673	Dntt
SM00723	AMOP	0.131066064495483	-2.03205377377627	4	1	0.00293255131964809	341	9882	71733	Susd2
SM00527	HMG17	0.131066064495483	-2.03205377377627	4	1	0.00293255131964809	341	9882	50887	Hmgn5
SM00750	KIND	0.131066064495483	-2.03205377377627	4	1	0.00293255131964809	341	9882	68166	Spire1
SM00392	PROF	0.131066064495483	-2.03205377377627	4	1	0.00293255131964809	341	9882	382562	Pfn4
SM01398	Cornichon	0.131066064495483	-2.03205377377627	4	1	0.00293255131964809	341	9882	12793	Cnih1
SM00955	RNB	0.131066064495483	-2.03205377377627	4	1	0.00293255131964809	341	9882	72662	Dis3
SM01178	DUF4217	0.131066064495483	-2.03205377377627	4	1	0.00293255131964809	341	9882	66942	Ddx18
SM00864	Tubulin	0.138285450461048	-1.9784352485857	19	2	0.00586510263929619	341	9882	227613,22143	Tubb4b,Tuba1b
SM01089	Connexin_CCC	0.138285450461048	-1.9784352485857	19	2	0.00586510263929619	341	9882	14620,14609	Gjb3,Gja1
SM00292	BRCT	0.138285450461048	-1.9784352485857	19	2	0.00586510263929619	341	9882	12021,21673	Bard1,Dntt
SM00443	G_patch	0.150312719440049	-1.89503735879091	20	2	0.00586510263929619	341	9882	77286,66614	Nkrf,Gpatch4
SM00063	FRI	0.150312719440049	-1.89503735879091	20	2	0.00586510263929619	341	9882	14369,20379	Fzd7,Sfrp4
SM00490	HELICc	0.159517799251174	-1.83559976893214	106	6	0.0175953079178886	341	9882	338359,236930,66942,107182,22427,56200	Supv3l1,Ercc6l,Ddx18,Btaf1,Wrn,Ddx21
SM00331	PP2C_SIG	0.161062670284362	-1.82596173331369	5	1	0.00293255131964809	341	9882	242083	Ppm1l
SM00878	Biotin_carb_C	0.161062670284362	-1.82596173331369	5	1	0.00293255131964809	341	9882	107476	Acaca
SM00264	BAG	0.161062670284362	-1.82596173331369	5	1	0.00293255131964809	341	9882	213539	Bag2
SM00428	H3	0.161062670284362	-1.82596173331369	5	1	0.00293255131964809	341	9882	12615	Cenpa
SM00129	KISc	0.167219158516749	-1.78845000046551	41	3	0.00879765395894428	341	9882	16562,209737,381293	Kif1c,Kif15,Kif14
SM00343	ZnF_C2HC	0.174932875884782	-1.74335294501169	22	2	0.00586510263929619	341	9882	67197,67917	Zcrb1,Zcchc3
SM00645	Pept_C1	0.187471727366265	-1.67412723232115	23	2	0.00586510263929619	341	9882	94242,13039	Tinagl1,Ctsl
SM00359	PUA	0.190026690683568	-1.66059073940572	6	1	0.00293255131964809	341	9882	245474	Dkc1
SM01329	Iso_dh	0.190026690683568	-1.66059073940572	6	1	0.00293255131964809	341	9882	67834	Idh3a
SM01400	Pribosyltran_N	0.190026690683568	-1.66059073940572	6	1	0.00293255131964809	341	9882	19139	Prps1
SM00730	PSN	0.190026690683568	-1.66059073940572	6	1	0.00293255131964809	341	9882	73218	Sppl2b
SM00517	PolyA	0.190026690683568	-1.66059073940572	6	1	0.00293255131964809	341	9882	230721	Pabpc4
SM00863	tRNA_SAD	0.190026690683568	-1.66059073940572	6	1	0.00293255131964809	341	9882	69684	Aarsd1
SM00665	B561	0.190026690683568	-1.66059073940572	6	1	0.00293255131964809	341	9882	13056	Cyb561
SM00915	Jacalin	0.190026690683568	-1.66059073940572	6	1	0.00293255131964809	341	9882	69036	Zg16
SM01184	efhand_Ca_insen	0.190026690683568	-1.66059073940572	6	1	0.00293255131964809	341	9882	20739	Spta1
SM00648	SWAP	0.190026690683568	-1.66059073940572	6	1	0.00293255131964809	341	9882	67958	U2surp
SM00670	PINc	0.190026690683568	-1.66059073940572	6	1	0.00293255131964809	341	9882	72662	Dis3
SM01196	FERM_C	0.212883973780501	-1.54700798572396	25	2	0.00586510263929619	341	9882	19250,545622	Ptpn14,Ptpn3
SM00328	BPI1	0.21799356983346	-1.52328971280486	7	1	0.00293255131964809	341	9882	270757	Bpifc
SM00715	LA	0.21799356983346	-1.52328971280486	7	1	0.00293255131964809	341	9882	73158	Larp1
SM00582	RPR	0.21799356983346	-1.52328971280486	7	1	0.00293255131964809	341	9882	67958	U2surp
SM00243	GAS2	0.21799356983346	-1.52328971280486	7	1	0.00293255131964809	341	9882	14453	Gas2
SM00503	SynN	0.244997538713973	-1.40650711455329	8	1	0.00293255131964809	341	9882	13852	Stx2
SM00329	BPI2	0.244997538713973	-1.40650711455329	8	1	0.00293255131964809	341	9882	270757	Bpifc
SM00746	TRASH	0.244997538713973	-1.40650711455329	8	1	0.00293255131964809	341	9882	225215	Rsl24d1
SM01203	DUF3585	0.244997538713973	-1.40650711455329	8	1	0.00293255131964809	341	9882	194401	Mical3
SM00861	Transket_pyr	0.244997538713973	-1.40650711455329	8	1	0.00293255131964809	341	9882	12040	Bckdhb
SM00153	VHP	0.244997538713973	-1.40650711455329	8	1	0.00293255131964809	341	9882	13829	Dmtn
SM00166	UBX	0.244997538713973	-1.40650711455329	8	1	0.00293255131964809	341	9882	68053	Ubxn2b
SM00506	A1pp	0.244997538713973	-1.40650711455329	8	1	0.00293255131964809	341	9882	107227	Macrod1
SM00288	VHS	0.244997538713973	-1.40650711455329	8	1	0.00293255131964809	341	9882	74105	Gga2
SM00360	RRM	0.249610025551924	-1.38785547681946	199	9	0.0263929618768328	341	9882	17975,20382,230721,53356,67958,67197,329207,101214,170826	Ncl,Srsf2,Pabpc4,Eif3g,U2surp,Zcrb1,Rbm44,Tra2a,Ppargc1b
SM00150	SPEC	0.251513869829879	-1.38025714253402	28	2	0.00586510263929619	341	9882	20741,20739	Sptb,Spta1
SM00233	PH	0.25395799019313	-1.37058641858295	252	11	0.032258064516129	341	9882	12704,68743,22113,14783,70292,224860,71720,19159,20741,13196,56349	Cit,Anln,Phlda2,Grb10,Afap1,Plcl2,Osbpl3,Cyth3,Sptb,Asap1,Net1
SM00398	HMG	0.257299822590704	-1.35751324919835	51	3	0.00879765395894428	341	9882	20667,97165,15354	Sox12,Hmgb2,Hmgb3
SM00225	BTB	0.263228401470454	-1.33473317703026	202	9	0.0263929618768328	341	9882	233529,240444,243574,71330,72147,240756,246293,241794,108837	Kctd14,Kcng2,Kbtbd8,Rcbtb1,Zbtb46,Klhl12,Klhl8,Kcng1,Ibtk
SM00015	IQ	0.266694189014507	-1.32165263650358	52	3	0.00879765395894428	341	9882	338367,77579,12316	Myo1d,Myh10,Aspm
SM00727	STI1	0.27107165652591	-1.30537207782922	9	1	0.00293255131964809	341	9882	98766	Ubac1
SM00809	Alpha_adaptinC2	0.27107165652591	-1.30537207782922	9	1	0.00293255131964809	341	9882	74105	Gga2
SM00273	ENTH	0.27107165652591	-1.30537207782922	9	1	0.00293255131964809	341	9882	13854	Epn1
SM00652	eIF1a	0.27107165652591	-1.30537207782922	9	1	0.00293255131964809	341	9882	66235	Eif1ax
SM00218	ZU5	0.27107165652591	-1.30537207782922	9	1	0.00293255131964809	341	9882	11733	Ank1
SM01139	Drf_FH3	0.27107165652591	-1.30537207782922	9	1	0.00293255131964809	341	9882	208846	Daam1
SM00393	R3H	0.27107165652591	-1.30537207782922	9	1	0.00293255131964809	341	9882	77286	Nkrf
SM00387	HATPase_c	0.27107165652591	-1.30537207782922	9	1	0.00293255131964809	341	9882	15516	Hsp90ab1
SM01349	TOG	0.27107165652591	-1.30537207782922	9	1	0.00293255131964809	341	9882	70572	Ipo5
SM00316	S1	0.27107165652591	-1.30537207782922	9	1	0.00293255131964809	341	9882	71701	Pnpt1
SM01140	Drf_GBD	0.27107165652591	-1.30537207782922	9	1	0.00293255131964809	341	9882	208846	Daam1
SM00612	Kelch	0.295088440274928	-1.22048017003049	55	3	0.00879765395894428	341	9882	246293,243574,240756	Klhl8,Kbtbd8,Klhl12
SM01190	EMP24_GP25L	0.296247850710815	-1.2165588415437	10	1	0.00293255131964809	341	9882	66111	Tmed3
SM01373	MAGE	0.303202686075942	-1.19335376616364	32	2	0.00586510263929619	341	9882	94275,107528	Maged1,Magee1
SM00248	ANK	0.310137586010034	-1.17073925412568	212	9	0.0263929618768328	341	9882	243983,11733,268445,12021,67122,108837,237761,13196,106585	Zdhhc13,Ank1,Ankrd13b,Bard1,Nrarp,Ibtk,Sowaha,Asap1,Ankrd12
SM00875	BACK	0.314126266483687	-1.15796025134398	57	3	0.00879765395894428	341	9882	240756,243574,246293	Klhl12,Kbtbd8,Klhl8
SM00487	DEXDc	0.316662654831501	-1.14991825208907	108	5	0.0146627565982405	341	9882	107182,236930,22427,56200,66942	Btaf1,Ercc6l,Wrn,Ddx21,Ddx18
SM01330	Frizzled	0.320556955539291	-1.13769531001875	11	1	0.00293255131964809	341	9882	14369	Fzd7
SM00439	BAH	0.320556955539291	-1.13769531001875	11	1	0.00293255131964809	341	9882	18392	Orc1
SM00460	TGc	0.320556955539291	-1.13769531001875	11	1	0.00293255131964809	341	9882	13828	Epb42
SM00238	BIR	0.320556955539291	-1.13769531001875	11	1	0.00293255131964809	341	9882	11799	Birc5
SM00276	GLECT	0.320556955539291	-1.13769531001875	11	1	0.00293255131964809	341	9882	16852	Lgals1
SM00038	COLFI	0.320556955539291	-1.13769531001875	11	1	0.00293255131964809	341	9882	12831	Col5a1
SM00204	TGFB	0.341582118295357	-1.07416716534842	35	2	0.00586510263929619	341	9882	13590,14562	Lefty1,Gdf3
SM00290	ZnF_UBP	0.344028749499782	-1.06703005097359	12	1	0.00293255131964809	341	9882	77593	Usp45
SM00523	DWA	0.344028749499782	-1.06703005097359	12	1	0.00293255131964809	341	9882	18027	Nfia
SM00284	OLF	0.344028749499782	-1.06703005097359	12	1	0.00293255131964809	341	9882	99633	Adgrl2
SM00391	MBD	0.344028749499782	-1.06703005097359	12	1	0.00293255131964809	341	9882	17191	Mbd2
SM00908	Gal-bind_lectin	0.344028749499782	-1.06703005097359	12	1	0.00293255131964809	341	9882	16852	Lgals1
SM00232	JAB_MPN	0.344028749499782	-1.06703005097359	12	1	0.00293255131964809	341	9882	17463	Psmd7
SM00404	PTPc_motif	0.352236524343807	-1.04345238487889	61	3	0.00879765395894428	341	9882	19250,72391,545622	Ptpn14,Cdkn3,Ptpn3
SM00317	SET	0.354236290143537	-1.03779110223707	36	2	0.00586510263929619	341	9882	232187,67956	Smyd5,Kmt5a
SM01189	ELM2	0.366691991282468	-1.00323304411481	13	1	0.00293255131964809	341	9882	218613	Mier3
SM00036	CNH	0.366691991282468	-1.00323304411481	13	1	0.00293255131964809	341	9882	12704	Cit
SM00059	FN2	0.366691991282468	-1.00323304411481	13	1	0.00293255131964809	341	9882	16004	Igf2r
SM00322	KH	0.366803875598303	-1.00292797268426	37	2	0.00586510263929619	341	9882	66249,71701	Pno1,Pnpt1
SM00194	PTPc	0.366803875598303	-1.00292797268426	37	2	0.00586510263929619	341	9882	19250,545622	Ptpn14,Ptpn3
SM00242	MYSc	0.379275791102319	-0.96949165752241	38	2	0.00586510263929619	341	9882	338367,77579	Myo1d,Myh10
SM00241	ZP	0.388574454642233	-0.945270481095514	14	1	0.00293255131964809	341	9882	21814	Tgfbr3
SM00234	START	0.388574454642233	-0.945270481095514	14	1	0.00293255131964809	341	9882	56018	Stard10
SM00046	DAGKc	0.388574454642233	-0.945270481095514	14	1	0.00293255131964809	341	9882	20698	Sphk1
SM00829	PKS_ER	0.388574454642233	-0.945270481095514	14	1	0.00293255131964809	341	9882	26922	Mecr
SM00294	4.1m	0.388574454642233	-0.945270481095514	14	1	0.00293255131964809	341	9882	15529	Sdc2
SM00832	C8	0.388574454642233	-0.945270481095514	14	1	0.00293255131964809	341	9882	22371	Vwf
SM00498	FH2	0.409702962051032	-0.892322864650634	15	1	0.00293255131964809	341	9882	208846	Daam1
SM00149	PLCYc	0.409702962051032	-0.892322864650634	15	1	0.00293255131964809	341	9882	224860	Plcl2
SM01117	Cyt-b5	0.409702962051032	-0.892322864650634	15	1	0.00293255131964809	341	9882	60527	Fads3
SM00212	UBCc	0.416037342059384	-0.876980258183646	41	2	0.00586510263929619	341	9882	56228,68612	Ube2j1,Ube2c
SM00222	Sec7	0.430103417090808	-0.843729594348842	16	1	0.00293255131964809	341	9882	19159	Cyth3
SM00831	Cation_ATPase_N	0.430103417090808	-0.843729594348842	16	1	0.00293255131964809	341	9882	11944	Atp4a
SM00358	DSRM	0.430103417090808	-0.843729594348842	16	1	0.00293255131964809	341	9882	29819	Stau2
SM00069	GLA	0.430103417090808	-0.843729594348842	16	1	0.00293255131964809	341	9882	14058	F10
SM00643	C345C	0.430103417090808	-0.843729594348842	16	1	0.00293255131964809	341	9882	20379	Sfrp4
SM00327	VWA	0.445736570158614	-0.808027151333002	71	3	0.00879765395894428	341	9882	234577,22371,100019	Cpne2,Vwf,Mdn1
SM00061	MATH	0.449800835988682	-0.798950380879986	17	1	0.00293255131964809	341	9882	22032	Traf4
SM00211	TY	0.449800835988682	-0.798950380879986	17	1	0.00293255131964809	341	9882	64075	Smoc1
SM00148	PLCXc	0.468819377799744	-0.757537706676532	18	1	0.00293255131964809	341	9882	224860	Plcl2
SM00295	B41	0.486049234812858	-0.721445354013473	47	2	0.00586510263929619	341	9882	545622,19250	Ptpn3,Ptpn14
SM00131	KU	0.487182373756204	-0.719116741902236	19	1	0.00293255131964809	341	9882	11804	Aplp2
SM00848	Inhibitor_I29	0.487182373756204	-0.719116741902236	19	1	0.00293255131964809	341	9882	13039	Ctsl
SM00215	VWC_out	0.504912355563501	-0.683370418108502	20	1	0.00293255131964809	341	9882	22371	Vwf
SM00041	CT	0.504912355563501	-0.683370418108502	20	1	0.00293255131964809	341	9882	22371	Vwf
SM00397	t_SNARE	0.504912355563501	-0.683370418108502	20	1	0.00293255131964809	341	9882	13852	Stx2
SM00332	PP2Cc	0.504912355563501	-0.683370418108502	20	1	0.00293255131964809	341	9882	242083	Ppm1l
SM00293	PWWP	0.504912355563501	-0.683370418108502	20	1	0.00293255131964809	341	9882	15191	Hdgf
SM00134	LU	0.522031082677602	-0.650028147512861	21	1	0.00293255131964809	341	9882	333883	Cd59b
SM00049	DEP	0.522031082677602	-0.650028147512861	21	1	0.00293255131964809	341	9882	223864	Rapgef3
SM00240	FHA	0.538559568700812	-0.618857168817784	22	1	0.00293255131964809	341	9882	381293	Kif14
SM00210	TSPN	0.538559568700812	-0.618857168817784	22	1	0.00293255131964809	341	9882	12831	Col5a1
SM00186	FBG	0.538559568700812	-0.618857168817784	22	1	0.00293255131964809	341	9882	57875	Angptl4
SM00667	LisH	0.538559568700812	-0.618857168817784	22	1	0.00293255131964809	341	9882	21453	Tcof1
SM00256	FBOX	0.550616168723256	-0.596717321061393	53	2	0.00586510263929619	341	9882	12449,269529	Ccnf,Fbxo10
SM00450	RHOD	0.554518106956844	-0.589655818158869	23	1	0.00293255131964809	341	9882	12532	Cdc25c
SM00105	ArfGap	0.554518106956844	-0.589655818158869	23	1	0.00293255131964809	341	9882	13196	Asap1
SM00458	RICIN	0.554518106956844	-0.589655818158869	23	1	0.00293255131964809	341	9882	207839	Galnt6
SM00092	RNAse_Pc	0.554518106956844	-0.589655818158869	23	1	0.00293255131964809	341	9882	497106	Rnase12
SM00120	HX	0.569926294960162	-0.562248233601859	24	1	0.00293255131964809	341	9882	17387	Mmp14
SM00091	PAS	0.569926294960162	-0.562248233601859	24	1	0.00293255131964809	341	9882	18627	Per2
SM00008	HormR	0.569926294960162	-0.562248233601859	24	1	0.00293255131964809	341	9882	99633	Adgrl2
SM00072	GuKc	0.584803058347014	-0.536480140828688	25	1	0.00293255131964809	341	9882	14923	Guk1
SM00020	Tryp_SPc	0.61246798574767	-0.490258606096352	153	5	0.0146627565982405	341	9882	14058,17231,235631,328780,15451	F10,Mcpt8,Prss50,Prss34,Hpn
SM00005	DEATH	0.613034791061013	-0.489333589255127	27	1	0.00293255131964809	341	9882	11733	Ank1
SM00178	SAR	0.613034791061013	-0.489333589255127	27	1	0.00293255131964809	341	9882	56297	Arl6
SM00147	RasGEF	0.626424454813121	-0.467727094816763	28	1	0.00293255131964809	341	9882	223864	Rapgef3
SM00229	RasGEFN	0.626424454813121	-0.467727094816763	28	1	0.00293255131964809	341	9882	223864	Rapgef3
SM00202	SR	0.626424454813121	-0.467727094816763	28	1	0.00293255131964809	341	9882	15451	Hpn
SM00093	SERPIN	0.636350292932277	-0.452006092212174	62	2	0.00586510263929619	341	9882	20720,20317	Serpine2,Serpinf1
SM00558	JmjC	0.639352124880428	-0.447299920229383	29	1	0.00293255131964809	341	9882	433466	Jmjd7
SM00451	ZnF_U1	0.639352124880428	-0.447299920229383	29	1	0.00293255131964809	341	9882	20630	Snrpc
SM00303	GPS	0.639352124880428	-0.447299920229383	29	1	0.00293255131964809	341	9882	99633	Adgrl2
SM00314	RA	0.639352124880428	-0.447299920229383	29	1	0.00293255131964809	341	9882	14783	Grb10
SM00235	ZnMc	0.639352124880428	-0.447299920229383	29	1	0.00293255131964809	341	9882	17387	Mmp14
SM00298	CHROMO	0.65183369654427	-0.427965816240406	30	1	0.00293255131964809	341	9882	494448	Cbx6
SM00324	RhoGAP	0.653571279503895	-0.425303678409326	64	2	0.00586510263929619	341	9882	18709,71085	Pik3r2,Arhgap19
SM00325	RhoGEF	0.661935626560096	-0.412586968619102	65	2	0.00586510263929619	341	9882	56349,52666	Net1,Arhgef25
SM00630	Sema	0.663884519663339	-0.409647060800544	31	1	0.00293255131964809	341	9882	20351	Sema4a
SM00165	UBA	0.663884519663339	-0.409647060800544	31	1	0.00293255131964809	341	9882	98766	Ubac1
SM00100	cNMP	0.663884519663339	-0.409647060800544	31	1	0.00293255131964809	341	9882	223864	Rapgef3
SM00326	SH3	0.674681118843204	-0.393515116262038	196	6	0.0175953079178886	341	9882	13043,225608,13196,53885,20739,18709	Cttn,Sh3tc2,Asap1,Nphp1,Spta1,Pik3r2
SM00252	SH2	0.689110767345608	-0.372353255511606	102	3	0.00879765395894428	341	9882	18709,209488,14783	Pik3r2,Hsh2d,Grb10
SM00214	VWC	0.697598204511784	-0.360111980198329	34	1	0.00293255131964809	341	9882	22371	Vwf
SM00220	S_TKc	0.700532476373972	-0.355914552575289	359	11	0.032258064516129	341	9882	22137,20878,12704,13143,12545,12235,20877,18817,52033,17776,12534	Ttk,Aurka,Cit,Dapk2,Cdc7,Bub1,Aurkb,Plk1,Pbk,Mast2,Cdk1
SM00969	SOCS_box	0.708069265873101	-0.345213356919671	35	1	0.00293255131964809	341	9882	211949	Spsb4
SM01391	Filament	0.708752589622885	-0.344248770157947	71	2	0.00586510263929619	341	9882	16905,107993	Lmna,Bfsp2
SM00280	KAZAL	0.718178779458396	-0.331036744468224	36	1	0.00293255131964809	341	9882	64075	Smoc1
SM00164	TBC	0.727939193468014	-0.317537759729922	37	1	0.00293255131964809	341	9882	29809	Rabgap1l
SM00462	PTB	0.755243996296203	-0.280714408040294	40	1	0.00293255131964809	341	9882	29809	Rabgap1l
SM00423	PSI	0.755243996296203	-0.280714408040294	40	1	0.00293255131964809	341	9882	20351	Sema4a
SM00228	PDZ	0.756765993984734	-0.278701196206548	148	4	0.0117302052785924	341	9882	545622,54132,64704,17776	Ptpn3,Pdlim1,Htra2,Mast2
SM00185	ARM	0.763724162640012	-0.269548598672479	41	1	0.00293255131964809	341	9882	16647	Kpna2
SM00177	ARF	0.763724162640012	-0.269548598672479	41	1	0.00293255131964809	341	9882	56297	Arl6
SM00368	LRR_RI	0.763724162640012	-0.269548598672479	41	1	0.00293255131964809	341	9882	208518	Cep78
SM00312	PX	0.771911344896661	-0.258885573768534	42	1	0.00293255131964809	341	9882	66696	Snx31
SM00219	TyrKc	0.774689514936054	-0.255292955789744	81	2	0.00586510263929619	341	9882	14255,20187	Flt3,Ryk
SM00717	SANT	0.779815636705037	-0.248697750435353	43	1	0.00293255131964809	341	9882	218613	Mier3
SM00213	UBQ	0.779815636705037	-0.248697750435353	43	1	0.00293255131964809	341	9882	79560	Ublcp1
SM00133	S_TK_X	0.794814201766672	-0.229646900111481	45	1	0.00293255131964809	341	9882	12704	Cit
SM00339	FH	0.794814201766672	-0.229646900111481	45	1	0.00293255131964809	341	9882	14106	Foxh1
SM00271	DnaJ	0.80879388312767	-0.212211174203003	47	1	0.00293255131964809	341	9882	66148	Dnajc15
SM00249	PHD	0.817689465696577	-0.201272640743495	89	2	0.00586510263929619	341	9882	72057,269424	Phf10,Jade1
SM00032	CCP	0.845286874154612	-0.168079213199743	53	1	0.00293255131964809	341	9882	71733	Susd2
SM00365	LRR_SD22	0.850654376034417	-0.161749371525346	54	1	0.00293255131964809	341	9882	52065	Mfhas1
SM00364	LRR_BAC	0.860838718698478	-0.149848110685535	56	1	0.00293255131964809	341	9882	52065	Mfhas1
SM00336	BBOX	0.870330456949366	-0.138882303878793	58	1	0.00293255131964809	341	9882	19824	Trim10
SM00407	IGc1	0.870330456949366	-0.138882303878793	58	1	0.00293255131964809	341	9882	16136	Igll1
SM00209	TSP1	0.891330151234047	-0.115040380038807	63	1	0.00293255131964809	341	9882	100689	Spon2
SM00109	C1	0.895104101588427	-0.110815252847362	64	1	0.00293255131964809	341	9882	12704	Cit
SM00353	HLH	0.89770250742545	-0.107916549057025	110	2	0.00586510263929619	341	9882	17869,21413	Myc,Tcf4
SM00409	IG	0.910462042311086	-0.093803069523582	378	9	0.0263929618768328	341	9882	17967,68481,58217,14255,192194,78908,27028,116701,237754	Ncam1,Mpzl1,Trem1,Flt3,Btnl10,Igsf3,Ermap,Fgfrl1,Btnl9
SM00112	CA	0.916121094121573	-0.0876067242228227	117	2	0.00586510263929619	341	9882	232370,65945	Clstn3,Clstn1
SM00034	CLECT	0.925201543012064	-0.0777436808656904	121	2	0.00586510263929619	341	9882	435921,20256	Clec2f,Clec11a
SM00239	C2	0.925201543012064	-0.0777436808656904	121	2	0.00586510263929619	341	9882	234577,224860	Cpne2,Plcl2
SM00174	RHO	0.929387010735781	-0.0732300383964498	123	2	0.00586510263929619	341	9882	19384,223881	Ran,Rnd1
SM00173	RAS	0.944018279357722	-0.0576097492977109	131	2	0.00586510263929619	341	9882	19384,223881	Ran,Rnd1
SM00176	RAN	0.944514942241653	-0.0570837718992711	82	1	0.00293255131964809	341	9882	19384	Ran
SM00054	EFh	0.960684305651104	-0.0401094300680489	143	2	0.00586510263929619	341	9882	207175,13858	Cetn4,Eps15
SM00175	RAB	0.966123532067515	-0.0344635729584921	148	2	0.00586510263929619	341	9882	223881,19384	Rnd1,Ran
SM00060	FN3	0.967121118568302	-0.0334315394918506	149	2	0.00586510263929619	341	9882	17967,13857	Ncam1,Epor
SM00179	EGF_CA	0.986581854802193	-0.013508981997489	122	1	0.00293255131964809	341	9882	14058	F10
SM00184	RING	0.986688085983504	-0.0134013118007072	228	3	0.00879765395894428	341	9882	66889,19824,22032	Rnf128,Trim10,Traf4
SM00408	IGc2	0.997167425202128	-0.00283659412969791	228	2	0.00586510263929619	341	9882	116701,17967	Fgfrl1,Ncam1
SM00369	LRR_TYP	0.99797288520742	-0.00202917217060179	175	1	0.00293255131964809	341	9882	52065	Mfhas1
SM00181	EGF	0.998112812907002	-0.00188897007412553	177	1	0.00293255131964809	341	9882	14058	F10
SM01381	7TM_GPCR_Srsx	0.998632431629737	-0.00136850434532416	186	1	0.00293255131964809	341	9882	80910	Gpr84
SM00389	HOX	0.998691027295387	-0.00130983015772022	252	2	0.00586510263929619	341	9882	15404,15405	Hoxa7,Hoxa9
SM00355	ZnF_C2H2	0.999987330052791	-1.26700274733571e-05	620	6	0.0175953079178886	341	9882	22685,67778,16601,72147,14025,16596	Zfp239,Zfp639,Klf9,Zbtb46,Bcl11a,Klf1
SM00615	EPH_lbd	0.999999999994008	-5.99209482572894e-12	14	0	0	341	9882
SM00198	SCP	0.999999999994008	-5.99209482572894e-12	14	0	0	341	9882
SM00135	LY	0.999999999994008	-5.99209482572894e-12	14	0	0	341	9882
SM00666	PB1	0.999999999994008	-5.99209482572894e-12	14	0	0	341	9882
SM00502	BBC	0.999999999994008	-5.99209482572894e-12	14	0	0	341	9882
SM00445	LINK	0.999999999994008	-5.99209482572894e-12	14	0	0	341	9882
SM00647	IBR	0.999999999994008	-5.99209482572894e-12	14	0	0	341	9882
SM01008	Ald_Xan_dh_C	0.999999999996393	-3.60705546560504e-12	5	0	0	341	9882
SM01202	FerI	0.999999999996393	-3.60705546560504e-12	5	0	0	341	9882
SM00266	CAD	0.999999999996393	-3.60705546560504e-12	5	0	0	341	9882
SM00534	MUTSac	0.999999999996393	-3.60705546560504e-12	5	0	0	341	9882
SM00572	DZF	0.999999999996393	-3.60705546560504e-12	5	0	0	341	9882
SM01145	DUF1041	0.999999999996393	-3.60705546560504e-12	5	0	0	341	9882
SM01041	BRO1	0.999999999996393	-3.60705546560504e-12	5	0	0	341	9882
SM01015	Arfaptin	0.999999999996393	-3.60705546560504e-12	5	0	0	341	9882
SM00664	DoH	0.999999999996393	-3.60705546560504e-12	5	0	0	341	9882
SM00872	Alpha-mann_mid	0.999999999996393	-3.60705546560504e-12	5	0	0	341	9882
SM01163	DUF1785	0.999999999996393	-3.60705546560504e-12	5	0	0	341	9882
SM00580	PUG	0.999999999996393	-3.60705546560504e-12	5	0	0	341	9882
SM00602	VPS10	0.999999999996393	-3.60705546560504e-12	5	0	0	341	9882
SM00584	TLDc	0.999999999996393	-3.60705546560504e-12	5	0	0	341	9882
SM00891	ERCC4	0.999999999996393	-3.60705546560504e-12	5	0	0	341	9882
SM00673	CARP	0.999999999996393	-3.60705546560504e-12	5	0	0	341	9882
SM00540	LEM	0.999999999996393	-3.60705546560504e-12	5	0	0	341	9882
SM00678	WWE	0.999999999996393	-3.60705546560504e-12	5	0	0	341	9882
SM00741	SapB	0.999999999996393	-3.60705546560504e-12	5	0	0	341	9882
SM00571	DDT	0.999999999996393	-3.60705546560504e-12	5	0	0	341	9882
SM01175	DUF4206	0.999999999996393	-3.60705546560504e-12	5	0	0	341	9882
SM00642	Aamy	0.999999999996393	-3.60705546560504e-12	5	0	0	341	9882
SM00533	MUTSd	0.999999999996393	-3.60705546560504e-12	5	0	0	341	9882
SM01201	FerB	0.999999999996393	-3.60705546560504e-12	5	0	0	341	9882
SM01092	CO_deh_flav_C	0.999999999996393	-3.60705546560504e-12	5	0	0	341	9882
SM01408	ING	0.999999999996393	-3.60705546560504e-12	5	0	0	341	9882
SM00991	WHEP-TRS	0.999999999996393	-3.60705546560504e-12	5	0	0	341	9882
SM01270	Longin	0.999999999996393	-3.60705546560504e-12	5	0	0	341	9882
SM00160	RanBD	0.999999999996393	-3.60705546560504e-12	5	0	0	341	9882
SM00549	TAFH	0.999999999996393	-3.60705546560504e-12	5	0	0	341	9882
SM00739	KOW	0.999999999996393	-3.60705546560504e-12	5	0	0	341	9882
SM00588	NEUZ	0.999999999996393	-3.60705546560504e-12	5	0	0	341	9882
SM00892	Endonuclease_NS	0.999999999996393	-3.60705546560504e-12	5	0	0	341	9882
SM00765	MANEC	0.999999999996393	-3.60705546560504e-12	5	0	0	341	9882
SM00321	WSC	0.999999999996393	-3.60705546560504e-12	5	0	0	341	9882
SM00089	PKD	0.999999999996393	-3.60705546560504e-12	5	0	0	341	9882
SM00539	NIDO	0.999999999996393	-3.60705546560504e-12	5	0	0	341	9882
SM00103	ALBUMIN	0.999999999996393	-3.60705546560504e-12	5	0	0	341	9882
SM00838	EFG_C	0.999999999996393	-3.60705546560504e-12	5	0	0	341	9882
SM00614	ZnF_BED	0.999999999996393	-3.60705546560504e-12	5	0	0	341	9882
SM00570	AWS	0.999999999996393	-3.60705546560504e-12	5	0	0	341	9882
SM00446	LRRcap	0.999999999996393	-3.60705546560504e-12	5	0	0	341	9882
SM00733	Mterf	0.999999999996393	-3.60705546560504e-12	5	0	0	341	9882
SM00110	C1Q	0.999999999996712	-3.28806403302773e-12	29	0	0	341	9882
SM00508	PostSET	0.999999999997959	-2.04109382711253e-12	11	0	0	341	9882
SM00386	HAT	0.999999999997959	-2.04109382711253e-12	11	0	0	341	9882
SM00096	UTG	0.999999999997959	-2.04109382711253e-12	11	0	0	341	9882
SM00720	calpain_III	0.999999999997959	-2.04109382711253e-12	11	0	0	341	9882
SM00274	FOLN	0.999999999997959	-2.04109382711253e-12	11	0	0	341	9882
SM00461	WH1	0.999999999997959	-2.04109382711253e-12	11	0	0	341	9882
SM00115	CASc	0.999999999997959	-2.04109382711253e-12	11	0	0	341	9882
SM00513	SAP	1.0000000000015	1.498360170345e-12	22	0	0	341	9882
SM00442	FGF	1.0000000000015	1.498360170345e-12	22	0	0	341	9882
SM01289	PYRIN	1.00000000000201	2.00702068063056e-12	27	0	0	341	9882
SM00119	HECTc	1.00000000000201	2.00702068063056e-12	27	0	0	341	9882
SM00429	IPT	1.00000000000201	2.00702068063056e-12	27	0	0	341	9882
SM01195	FA	1.00000000000364	3.6361251103589e-12	13	0	0	341	9882
SM00323	RasGAP	1.00000000000364	3.6361251103589e-12	13	0	0	341	9882
SM00156	PP2Ac	1.00000000000364	3.6361251103589e-12	13	0	0	341	9882
SM00230	CysPc	1.00000000000364	3.6361251103589e-12	13	0	0	341	9882
SM00569	L27	1.00000000000364	3.6361251103589e-12	13	0	0	341	9882
SM00427	H2B	1.00000000000364	3.6361251103589e-12	13	0	0	341	9882
SM00526	H15	1.00000000000364	3.6361251103589e-12	13	0	0	341	9882
SM00457	MACPF	1.00000000000364	3.6361251103589e-12	13	0	0	341	9882
SM00698	MORN	1.00000000000364	3.6361251103589e-12	13	0	0	341	9882
SM01375	Dynein_light	1.00000000000474	4.73906214991611e-12	4	0	0	341	9882
SM00197	SAA	1.00000000000474	4.73906214991611e-12	4	0	0	341	9882
SM01053	CaMBD	1.00000000000474	4.73906214991611e-12	4	0	0	341	9882
SM00313	PXA	1.00000000000474	4.73906214991611e-12	4	0	0	341	9882
SM00541	FYRN	1.00000000000474	4.73906214991611e-12	4	0	0	341	9882
SM01192	Enolase_C	1.00000000000474	4.73906214991611e-12	4	0	0	341	9882
SM00679	CTNS	1.00000000000474	4.73906214991611e-12	4	0	0	341	9882
SM01277	MAGUK_N_PEST	1.00000000000474	4.73906214991611e-12	4	0	0	341	9882
SM00094	TR_FER	1.00000000000474	4.73906214991611e-12	4	0	0	341	9882
SM00488	DEXDc2	1.00000000000474	4.73906214991611e-12	4	0	0	341	9882
SM00755	Grip	1.00000000000474	4.73906214991611e-12	4	0	0	341	9882
SM01046	c-SKI_SMAD_bind	1.00000000000474	4.73906214991611e-12	4	0	0	341	9882
SM00426	TEA	1.00000000000474	4.73906214991611e-12	4	0	0	341	9882
SM00564	PQQ	1.00000000000474	4.73906214991611e-12	4	0	0	341	9882
SM00560	LamGL	1.00000000000474	4.73906214991611e-12	4	0	0	341	9882
SM00307	ILWEQ	1.00000000000474	4.73906214991611e-12	4	0	0	341	9882
SM00753	PAM	1.00000000000474	4.73906214991611e-12	4	0	0	341	9882
SM00694	DysFC	1.00000000000474	4.73906214991611e-12	4	0	0	341	9882
SM00227	NEBU	1.00000000000474	4.73906214991611e-12	4	0	0	341	9882
SM01193	Enolase_N	1.00000000000474	4.73906214991611e-12	4	0	0	341	9882
SM01225	G8	1.00000000000474	4.73906214991611e-12	4	0	0	341	9882
SM00058	FN1	1.00000000000474	4.73906214991611e-12	4	0	0	341	9882
SM00573	HSA	1.00000000000474	4.73906214991611e-12	4	0	0	341	9882
SM01027	Beta-Casp	1.00000000000474	4.73906214991611e-12	4	0	0	341	9882
SM01340	DNA_mis_repair	1.00000000000474	4.73906214991611e-12	4	0	0	341	9882
SM00476	DNaseIc	1.00000000000474	4.73906214991611e-12	4	0	0	341	9882
SM00644	Ami_2	1.00000000000474	4.73906214991611e-12	4	0	0	341	9882
SM00920	MHC_II_alpha	1.00000000000474	4.73906214991611e-12	4	0	0	341	9882
SM00025	Pumilio	1.00000000000474	4.73906214991611e-12	4	0	0	341	9882
SM00734	ZnF_Rad18	1.00000000000474	4.73906214991611e-12	4	0	0	341	9882
SM01338	NOD	1.00000000000474	4.73906214991611e-12	4	0	0	341	9882
SM00542	FYRC	1.00000000000474	4.73906214991611e-12	4	0	0	341	9882
SM00140	NGF	1.00000000000474	4.73906214991611e-12	4	0	0	341	9882
SM01263	Leuk-A4-hydro_C	1.00000000000474	4.73906214991611e-12	4	0	0	341	9882
SM00068	GHB	1.00000000000474	4.73906214991611e-12	4	0	0	341	9882
SM00051	DSL	1.00000000000474	4.73906214991611e-12	4	0	0	341	9882
SM01392	MAGE_N	1.00000000000474	4.73906214991611e-12	4	0	0	341	9882
SM00701	PGRP	1.00000000000474	4.73906214991611e-12	4	0	0	341	9882
SM01407	NAC	1.00000000000474	4.73906214991611e-12	4	0	0	341	9882
SM01153	DUF1693	1.00000000000474	4.73906214991611e-12	4	0	0	341	9882
SM00098	alkPPc	1.00000000000474	4.73906214991611e-12	4	0	0	341	9882
SM00554	FAS1	1.00000000000474	4.73906214991611e-12	4	0	0	341	9882
SM00889	EFG_IV	1.00000000000474	4.73906214991611e-12	4	0	0	341	9882
SM00486	POLBc	1.00000000000474	4.73906214991611e-12	4	0	0	341	9882
SM00973	Sec63	1.00000000000474	4.73906214991611e-12	4	0	0	341	9882
SM01339	NODP	1.00000000000474	4.73906214991611e-12	4	0	0	341	9882
SM00520	BASIC	1.00000000000474	4.73906214991611e-12	4	0	0	341	9882
SM01249	KASH	1.00000000000474	4.73906214991611e-12	4	0	0	341	9882
SM01417	Solute_trans_a	1.00000000000474	4.73906214991611e-12	4	0	0	341	9882
SM00737	ML	1.00000000000474	4.73906214991611e-12	4	0	0	341	9882
SM01020	B2-adapt-app_C	1.00000000000474	4.73906214991611e-12	4	0	0	341	9882
SM00491	HELICc2	1.00000000000474	4.73906214991611e-12	4	0	0	341	9882
SM00693	DysFN	1.00000000000474	4.73906214991611e-12	4	0	0	341	9882
SM00206	NTR	1.00000000000474	4.73906214991611e-12	4	0	0	341	9882
SM00804	TAP_C	1.00000000000474	4.73906214991611e-12	4	0	0	341	9882
SM00414	H2A	1.00000000000811	8.11461238900658e-12	28	0	0	341	9882
SM00121	IB	1.0000000000097	9.70018626513238e-12	19	0	0	341	9882
SM00367	LRR_CC	1.0000000000097	9.70018626513238e-12	19	0	0	341	9882
SM00097	WNT1	1.0000000000097	9.70018626513238e-12	19	0	0	341	9882
SM00191	Int_alpha	1.0000000000097	9.70018626513238e-12	19	0	0	341	9882
SM00195	DSPc	1.00000000000981	9.80977232544787e-12	36	0	0	341	9882
SM01418	Defensin_propep	1.0000000000118	1.18039516444281e-11	31	0	0	341	9882
SM00199	SCY	1.00000000001263	1.26328733937896e-11	35	0	0	341	9882
SM00180	EGF_Lam	1.00000000001263	1.26328733937896e-11	35	0	0	341	9882
SM00207	TNF	1.00000000001484	1.48392800844627e-11	16	0	0	341	9882
SM00275	G_alpha	1.00000000001484	1.48392800844627e-11	16	0	0	341	9882
SM00702	P4Hc	1.00000000001484	1.48392800844627e-11	16	0	0	341	9882
SM00086	PAC	1.00000000001484	1.48392800844627e-11	16	0	0	341	9882
SM00285	PBD	1.00000000001484	1.48392800844627e-11	16	0	0	341	9882
SM00801	dDENN	1.00000000001484	1.48392800844627e-11	16	0	0	341	9882
SM00724	TLC	1.00000000001484	1.48392800844627e-11	16	0	0	341	9882
SM00799	DENN	1.00000000001484	1.48392800844627e-11	16	0	0	341	9882
SM00913	IBN_N	1.00000000001484	1.48392800844627e-11	16	0	0	341	9882
SM00568	GRAM	1.00000000001484	1.48392800844627e-11	16	0	0	341	9882
SM00146	PI3Kc	1.00000000001484	1.48392800844627e-11	16	0	0	341	9882
SM00055	FCH	1.00000000001491	1.49106586551806e-11	20	0	0	341	9882
SM00253	SOCS	1.00000000001491	1.49106586551806e-11	20	0	0	341	9882
SM00044	CYCc	1.00000000001491	1.49106586551806e-11	20	0	0	341	9882
SM00231	FA58C	1.00000000001491	1.49106586551806e-11	20	0	0	341	9882
SM00547	ZnF_RBZ	1.00000000001491	1.49106586551806e-11	20	0	0	341	9882
SM00315	RGS	1.00000000001678	1.67820481391979e-11	34	0	0	341	9882
SM01244	IRS	1.00000000001705	1.70477949446239e-11	15	0	0	341	9882
SM00352	POU	1.00000000001705	1.70477949446239e-11	15	0	0	341	9882
SM00217	WAP	1.00000000001705	1.70477949446239e-11	15	0	0	341	9882
SM00088	PINT	1.00000000001705	1.70477949446239e-11	15	0	0	341	9882
SM00136	LamNT	1.00000000001705	1.70477949446239e-11	15	0	0	341	9882
SM00501	BRIGHT	1.00000000001705	1.70477949446239e-11	15	0	0	341	9882
SM00721	BAR	1.00000000001705	1.70477949446239e-11	15	0	0	341	9882
SM01014	ARID	1.00000000001705	1.70477949446239e-11	15	0	0	341	9882
SM00130	KR	1.00000000001705	1.70477949446239e-11	15	0	0	341	9882
SM00800	uDENN	1.00000000001705	1.70477949446239e-11	15	0	0	341	9882
SM01411	Ephrin_rec_like	1.00000000001724	1.7239802042459e-11	24	0	0	341	9882
SM01394	S_100	1.00000000001724	1.7239802042459e-11	24	0	0	341	9882
SM00516	SEC14	1.00000000001724	1.7239802042459e-11	24	0	0	341	9882
SM00076	IFabd	1.00000000001724	1.7239802042459e-11	24	0	0	341	9882
SM00431	SCAN	1.00000000001753	1.75348547996881e-11	42	0	0	341	9882
SM00261	FU	1.00000000001882	1.88231134981504e-11	17	0	0	341	9882
SM00744	RINGv	1.00000000001882	1.88231134981504e-11	17	0	0	341	9882
SM00137	MAM	1.00000000001882	1.88231134981504e-11	17	0	0	341	9882
SM00631	Zn_pept	1.00000000001882	1.88231134981504e-11	17	0	0	341	9882
SM01224	G_gamma	1.00000000001882	1.88231134981504e-11	17	0	0	341	9882
SM00247	XTALbg	1.00000000001882	1.88231134981504e-11	17	0	0	341	9882
SM00425	TBOX	1.00000000001882	1.88231134981504e-11	17	0	0	341	9882
SM00224	GGL	1.00000000001882	1.88231134981504e-11	17	0	0	341	9882
SM01138	DP	1.00000000001949	1.94862132072565e-11	2	0	0	341	9882
SM01142	DSHCT	1.00000000001949	1.94862132072565e-11	2	0	0	341	9882
SM00493	TOPRIM	1.00000000001949	1.94862132072565e-11	2	0	0	341	9882
SM00860	SMI1_KNR4	1.00000000001949	1.94862132072565e-11	2	0	0	341	9882
SM01003	AlaDh_PNT_N	1.00000000001949	1.94862132072565e-11	2	0	0	341	9882
SM00827	PKS_AT	1.00000000001949	1.94862132072565e-11	2	0	0	341	9882
SM01022	ASCH	1.00000000001949	1.94862132072565e-11	2	0	0	341	9882
SM00193	PTN	1.00000000001949	1.94862132072565e-11	2	0	0	341	9882
SM00080	LIF_OSM	1.00000000001949	1.94862132072565e-11	2	0	0	341	9882
SM00852	MoCF_biosynth	1.00000000001949	1.94862132072565e-11	2	0	0	341	9882
SM01086	ClpB_D2-small	1.00000000001949	1.94862132072565e-11	2	0	0	341	9882
SM01104	CTD	1.00000000001949	1.94862132072565e-11	2	0	0	341	9882
SM01165	DUF1866	1.00000000001949	1.94862132072565e-11	2	0	0	341	9882
SM00705	THEG	1.00000000001949	1.94862132072565e-11	2	0	0	341	9882
SM01072	CDC48_2	1.00000000001949	1.94862132072565e-11	2	0	0	341	9882
SM01319	Tankyrase_bdg_C	1.00000000001949	1.94862132072565e-11	2	0	0	341	9882
SM00937	PCRF	1.00000000001949	1.94862132072565e-11	2	0	0	341	9882
SM00657	RPOL4c	1.00000000001949	1.94862132072565e-11	2	0	0	341	9882
SM00661	RPOL9	1.00000000001949	1.94862132072565e-11	2	0	0	341	9882
SM01421	DUF3480	1.00000000001949	1.94862132072565e-11	2	0	0	341	9882
SM00188	IL10	1.00000000001949	1.94862132072565e-11	2	0	0	341	9882
SM00873	B3_4	1.00000000001949	1.94862132072565e-11	2	0	0	341	9882
SM00525	FES	1.00000000001949	1.94862132072565e-11	2	0	0	341	9882
SM00976	Telo_bind	1.00000000001949	1.94862132072565e-11	2	0	0	341	9882
SM01154	DUF1704	1.00000000001949	1.94862132072565e-11	2	0	0	341	9882
SM00581	PSP	1.00000000001949	1.94862132072565e-11	2	0	0	341	9882
SM00992	YccV-like	1.00000000001949	1.94862132072565e-11	2	0	0	341	9882
SM00812	Alpha_L_fucos	1.00000000001949	1.94862132072565e-11	2	0	0	341	9882
SM01272	LsmAD	1.00000000001949	1.94862132072565e-11	2	0	0	341	9882
SM00896	FDX-ACB	1.00000000001949	1.94862132072565e-11	2	0	0	341	9882
SM00761	HDAC_interact	1.00000000001949	1.94862132072565e-11	2	0	0	341	9882
SM01230	Gln-synt_C	1.00000000001949	1.94862132072565e-11	2	0	0	341	9882
SM00993	YL1_C	1.00000000001949	1.94862132072565e-11	2	0	0	341	9882
SM01229	GluR_Homer-bdg	1.00000000001949	1.94862132072565e-11	2	0	0	341	9882
SM01291	N-SET	1.00000000001949	1.94862132072565e-11	2	0	0	341	9882
SM00846	Gp_dh_N	1.00000000001949	1.94862132072565e-11	2	0	0	341	9882
SM00029	GASTRIN	1.00000000001949	1.94862132072565e-11	2	0	0	341	9882
SM01355	AP3B1_C	1.00000000001949	1.94862132072565e-11	2	0	0	341	9882
SM00126	IL6	1.00000000001949	1.94862132072565e-11	2	0	0	341	9882
SM00555	GIT	1.00000000001949	1.94862132072565e-11	2	0	0	341	9882
SM01023	BAF	1.00000000001949	1.94862132072565e-11	2	0	0	341	9882
SM00807	AKAP_110	1.00000000001949	1.94862132072565e-11	2	0	0	341	9882
SM00808	FABD	1.00000000001949	1.94862132072565e-11	2	0	0	341	9882
SM00003	NH	1.00000000001949	1.94862132072565e-11	2	0	0	341	9882
SM01281	Med12	1.00000000001949	1.94862132072565e-11	2	0	0	341	9882
SM00881	CoA_binding	1.00000000001949	1.94862132072565e-11	2	0	0	341	9882
SM01174	DUF4205	1.00000000001949	1.94862132072565e-11	2	0	0	341	9882
SM01336	zf-PARP	1.00000000001949	1.94862132072565e-11	2	0	0	341	9882
SM01002	AlaDh_PNT_C	1.00000000001949	1.94862132072565e-11	2	0	0	341	9882
SM01313	Sec3-PIP2_bind	1.00000000001949	1.94862132072565e-11	2	0	0	341	9882
SM00853	MutL_C	1.00000000001949	1.94862132072565e-11	2	0	0	341	9882
SM00825	PKS_KS	1.00000000001949	1.94862132072565e-11	2	0	0	341	9882
SM01390	Ribosomal_S4	1.00000000001949	1.94862132072565e-11	2	0	0	341	9882
SM00437	TOP1Ac	1.00000000001949	1.94862132072565e-11	2	0	0	341	9882
SM01028	Beta-TrCP_D	1.00000000001949	1.94862132072565e-11	2	0	0	341	9882
SM01410	DIM1	1.00000000001949	1.94862132072565e-11	2	0	0	341	9882
SM00223	APPLE	1.00000000001949	1.94862132072565e-11	2	0	0	341	9882
SM00559	Ku78	1.00000000001949	1.94862132072565e-11	2	0	0	341	9882
SM00967	SpoU_sub_bind	1.00000000001949	1.94862132072565e-11	2	0	0	341	9882
SM00951	QLQ	1.00000000001949	1.94862132072565e-11	2	0	0	341	9882
SM00531	TFIIE	1.00000000001949	1.94862132072565e-11	2	0	0	341	9882
SM01268	BTD	1.00000000001949	1.94862132072565e-11	2	0	0	341	9882
SM00732	YqgFc	1.00000000001949	1.94862132072565e-11	2	0	0	341	9882
SM01267	LAG1_DNAbind	1.00000000001949	1.94862132072565e-11	2	0	0	341	9882
SM01371	TFIIA	1.00000000001949	1.94862132072565e-11	2	0	0	341	9882
SM00638	LPD_N	1.00000000001949	1.94862132072565e-11	2	0	0	341	9882
SM00714	LITAF	1.00000000001949	1.94862132072565e-11	2	0	0	341	9882
SM01239	IKKbetaNEMObind	1.00000000001949	1.94862132072565e-11	2	0	0	341	9882
SM00087	PTH	1.00000000001949	1.94862132072565e-11	2	0	0	341	9882
SM00436	TOP1Bc	1.00000000001949	1.94862132072565e-11	2	0	0	341	9882
SM01050	CactinC_cactus	1.00000000001949	1.94862132072565e-11	2	0	0	341	9882
SM00299	CLH	1.00000000001949	1.94862132072565e-11	2	0	0	341	9882
SM01283	Costars	1.00000000001949	1.94862132072565e-11	2	0	0	341	9882
SM00494	ChtBD2	1.00000000001949	1.94862132072565e-11	2	0	0	341	9882
SM00039	CRF	1.00000000001949	1.94862132072565e-11	2	0	0	341	9882
SM01130	DHDPS	1.00000000001949	1.94862132072565e-11	2	0	0	341	9882
SM01000	Aha1_N	1.00000000001949	1.94862132072565e-11	2	0	0	341	9882
SM01389	Spt4	1.00000000001949	1.94862132072565e-11	2	0	0	341	9882
SM01415	DUF106	1.00000000001949	1.94862132072565e-11	2	0	0	341	9882
SM01376	eIF-5a	1.00000000001949	1.94862132072565e-11	2	0	0	341	9882
SM01141	DRY_EERY	1.00000000001949	1.94862132072565e-11	2	0	0	341	9882
SM01345	Rapamycin_bind	1.00000000001949	1.94862132072565e-11	2	0	0	341	9882
SM00190	IL4_13	1.00000000001949	1.94862132072565e-11	2	0	0	341	9882
SM01287	Rtt106	1.00000000001949	1.94862132072565e-11	2	0	0	341	9882
SM01288	FISNA	1.00000000001949	1.94862132072565e-11	2	0	0	341	9882
SM01399	Sybindin	1.00000000001949	1.94862132072565e-11	2	0	0	341	9882
SM01161	DUF1767	1.00000000001949	1.94862132072565e-11	2	0	0	341	9882
SM00756	VKc	1.00000000001949	1.94862132072565e-11	2	0	0	341	9882
SM01076	CG-1	1.00000000001949	1.94862132072565e-11	2	0	0	341	9882
SM01179	DUF862	1.00000000001949	1.94862132072565e-11	2	0	0	341	9882
SM01382	Ribosomal_L2_C	1.00000000001949	1.94862132072565e-11	2	0	0	341	9882
SM00788	Adenylsucc_synt	1.00000000001949	1.94862132072565e-11	2	0	0	341	9882
SM01122	DBC1	1.00000000001949	1.94862132072565e-11	2	0	0	341	9882
SM00500	SFM	1.00000000001949	1.94862132072565e-11	2	0	0	341	9882
SM00893	ETF	1.00000000001949	1.94862132072565e-11	2	0	0	341	9882
SM01293	DUF3402	1.00000000001949	1.94862132072565e-11	2	0	0	341	9882
SM00550	Zalpha	1.00000000001949	1.94862132072565e-11	2	0	0	341	9882
SM01362	DUF663	1.00000000001949	1.94862132072565e-11	2	0	0	341	9882
SM00685	DM14	1.00000000001949	1.94862132072565e-11	2	0	0	341	9882
SM00662	RPOLD	1.00000000001949	1.94862132072565e-11	2	0	0	341	9882
SM01011	AMP_N	1.00000000001949	1.94862132072565e-11	2	0	0	341	9882
SM01292	N1221	1.00000000001949	1.94862132072565e-11	2	0	0	341	9882
SM01164	DUF1856	1.00000000001949	1.94862132072565e-11	2	0	0	341	9882
SM01301	PTPlike_phytase	1.00000000001949	1.94862132072565e-11	2	0	0	341	9882
SM01423	Milton	1.00000000001949	1.94862132072565e-11	2	0	0	341	9882
SM01233	HABP4_PAI-RBP1	1.00000000001949	1.94862132072565e-11	2	0	0	341	9882
SM00095	TR_THY	1.00000000001949	1.94862132072565e-11	2	0	0	341	9882
SM01070	CDC37_M	1.00000000001949	1.94862132072565e-11	2	0	0	341	9882
SM01383	Ribosomal_L2	1.00000000001949	1.94862132072565e-11	2	0	0	341	9882
SM00466	SRA	1.00000000001949	1.94862132072565e-11	2	0	0	341	9882
SM01010	AMPKBI	1.00000000001949	1.94862132072565e-11	2	0	0	341	9882
SM00785	AARP2CN	1.00000000001949	1.94862132072565e-11	2	0	0	341	9882
SM01237	ICA69	1.00000000001949	1.94862132072565e-11	2	0	0	341	9882
SM00978	Tim44	1.00000000001949	1.94862132072565e-11	2	0	0	341	9882
SM00551	ZnF_TAZ	1.00000000001949	1.94862132072565e-11	2	0	0	341	9882
SM00711	TDU	1.00000000001949	1.94862132072565e-11	2	0	0	341	9882
SM01194	eRF1_1	1.00000000001949	1.94862132072565e-11	2	0	0	341	9882
SM01314	SnAC	1.00000000001949	1.94862132072565e-11	2	0	0	341	9882
SM00632	Aamy_C	1.00000000001949	1.94862132072565e-11	2	0	0	341	9882
SM01374	Ribosomal_L14	1.00000000001949	1.94862132072565e-11	2	0	0	341	9882
SM01250	KAT11	1.00000000001949	1.94862132072565e-11	2	0	0	341	9882
SM00635	BID_2	1.00000000001949	1.94862132072565e-11	2	0	0	341	9882
SM01282	DBB	1.00000000001949	1.94862132072565e-11	2	0	0	341	9882
SM00792	Agouti	1.00000000001949	1.94862132072565e-11	2	0	0	341	9882
SM01131	DHHA2	1.00000000001949	1.94862132072565e-11	2	0	0	341	9882
SM00902	Fe_hyd_SSU	1.00000000001949	1.94862132072565e-11	2	0	0	341	9882
SM01177	DUF4210	1.00000000001949	1.94862132072565e-11	2	0	0	341	9882
SM01137	DMAP_binding	1.00000000002076	2.07626237984702e-11	6	0	0	341	9882
SM00432	MADS	1.00000000002076	2.07626237984702e-11	6	0	0	341	9882
SM00257	LysM	1.00000000002076	2.07626237984702e-11	6	0	0	341	9882
SM00394	RIIa	1.00000000002076	2.07626237984702e-11	6	0	0	341	9882
SM00921	MHC_II_beta	1.00000000002076	2.07626237984702e-11	6	0	0	341	9882
SM00950	Piwi	1.00000000002076	2.07626237984702e-11	6	0	0	341	9882
SM00949	PAZ	1.00000000002076	2.07626237984702e-11	6	0	0	341	9882
SM00302	GED	1.00000000002076	2.07626237984702e-11	6	0	0	341	9882
SM00603	LCCL	1.00000000002076	2.07626237984702e-11	6	0	0	341	9882
SM00031	DED	1.00000000002076	2.07626237984702e-11	6	0	0	341	9882
SM00552	ADEAMc	1.00000000002076	2.07626237984702e-11	6	0	0	341	9882
SM00757	CRA	1.00000000002076	2.07626237984702e-11	6	0	0	341	9882
SM01241	Integrin_b_cyt	1.00000000002076	2.07626237984702e-11	6	0	0	341	9882
SM00259	ZnF_A20	1.00000000002076	2.07626237984702e-11	6	0	0	341	9882
SM01114	CXC	1.00000000002076	2.07626237984702e-11	6	0	0	341	9882
SM00022	PLAc	1.00000000002076	2.07626237984702e-11	6	0	0	341	9882
SM01132	DIL	1.00000000002076	2.07626237984702e-11	6	0	0	341	9882
SM00775	LNS2	1.00000000002076	2.07626237984702e-11	6	0	0	341	9882
SM00111	C4	1.00000000002076	2.07626237984702e-11	6	0	0	341	9882
SM01198	FBA	1.00000000002076	2.07626237984702e-11	6	0	0	341	9882
SM00544	MA3	1.00000000002076	2.07626237984702e-11	6	0	0	341	9882
SM00695	DUSP	1.00000000002076	2.07626237984702e-11	6	0	0	341	9882
SM00144	PI3K_rbd	1.00000000002076	2.07626237984702e-11	6	0	0	341	9882
SM00477	NUC	1.00000000002076	2.07626237984702e-11	6	0	0	341	9882
SM00907	GDNF	1.00000000002076	2.07626237984702e-11	6	0	0	341	9882
SM00592	BRK	1.00000000002076	2.07626237984702e-11	6	0	0	341	9882
SM00440	ZnF_C2C2	1.00000000002076	2.07626237984702e-11	6	0	0	341	9882
SM00070	GLUCA	1.00000000002076	2.07626237984702e-11	6	0	0	341	9882
SM00464	LON	1.00000000002076	2.07626237984702e-11	6	0	0	341	9882
SM00155	PLDc	1.00000000002076	2.07626237984702e-11	6	0	0	341	9882
SM00152	THY	1.00000000002076	2.07626237984702e-11	6	0	0	341	9882
SM01127	DDHD	1.00000000002076	2.07626237984702e-11	6	0	0	341	9882
SM00811	Alpha_kinase	1.00000000002076	2.07626237984702e-11	6	0	0	341	9882
SM00548	IRO	1.00000000002076	2.07626237984702e-11	6	0	0	341	9882
SM00742	Hr1	1.00000000002076	2.07626237984702e-11	6	0	0	341	9882
SM00415	HSF	1.00000000002076	2.07626237984702e-11	6	0	0	341	9882
SM01343	FATC	1.00000000002076	2.07626237984702e-11	6	0	0	341	9882
SM00441	FF	1.00000000002076	2.07626237984702e-11	6	0	0	341	9882
SM00021	DAX	1.00000000002076	2.07626237984702e-11	6	0	0	341	9882
SM00546	CUE	1.00000000002083	2.08327587554679e-11	7	0	0	341	9882
SM00515	eIF5C	1.00000000002083	2.08327587554679e-11	7	0	0	341	9882
SM00258	SAND	1.00000000002083	2.08327587554679e-11	7	0	0	341	9882
SM00390	GoLoco	1.00000000002083	2.08327587554679e-11	7	0	0	341	9882
SM00384	AT_hook	1.00000000002083	2.08327587554679e-11	7	0	0	341	9882
SM00018	PD	1.00000000002083	2.08327587554679e-11	7	0	0	341	9882
SM00467	GS	1.00000000002083	2.08327587554679e-11	7	0	0	341	9882
SM00077	ITAM	1.00000000002083	2.08327587554679e-11	7	0	0	341	9882
SM00101	14_3_3	1.00000000002083	2.08327587554679e-11	7	0	0	341	9882
SM01328	zf-3CxxC	1.00000000002083	2.08327587554679e-11	7	0	0	341	9882
SM00104	ANATO	1.00000000002083	2.08327587554679e-11	7	0	0	341	9882
SM00182	CULLIN	1.00000000002083	2.08327587554679e-11	7	0	0	341	9882
SM01167	DUF1900	1.00000000002083	2.08327587554679e-11	7	0	0	341	9882
SM00707	RPEL	1.00000000002083	2.08327587554679e-11	7	0	0	341	9882
SM00509	TFS2N	1.00000000002083	2.08327587554679e-11	7	0	0	341	9882
SM01055	Cadherin_pro	1.00000000002083	2.08327587554679e-11	7	0	0	341	9882
SM00396	ZnF_UBR1	1.00000000002083	2.08327587554679e-11	7	0	0	341	9882
SM00729	Elp3	1.00000000002083	2.08327587554679e-11	7	0	0	341	9882
SM00822	PKS_KR	1.00000000002083	2.08327587554679e-11	7	0	0	341	9882
SM00053	DYNc	1.00000000002083	2.08327587554679e-11	7	0	0	341	9882
SM01337	APC10	1.00000000002083	2.08327587554679e-11	7	0	0	341	9882
SM01062	Ca_chan_IQ	1.00000000002083	2.08327587554679e-11	7	0	0	341	9882
SM00671	SEL1	1.00000000002083	2.08327587554679e-11	7	0	0	341	9882
SM00250	PLEC	1.00000000002083	2.08327587554679e-11	7	0	0	341	9882
SM00692	DM3	1.00000000002083	2.08327587554679e-11	7	0	0	341	9882
SM01243	IRF-3	1.00000000002083	2.08327587554679e-11	7	0	0	341	9882
SM01326	PTEN_C2	1.00000000002083	2.08327587554679e-11	7	0	0	341	9882
SM00455	RBD	1.00000000002083	2.08327587554679e-11	7	0	0	341	9882
SM00301	DM	1.00000000002083	2.08327587554679e-11	7	0	0	341	9882
SM01166	DUF1899	1.00000000002083	2.08327587554679e-11	7	0	0	341	9882
SM01388	Mob1_phocein	1.00000000002083	2.08327587554679e-11	7	0	0	341	9882
SM01109	CUT	1.00000000002083	2.08327587554679e-11	7	0	0	341	9882
SM00964	STAT_int	1.00000000002083	2.08327587554679e-11	7	0	0	341	9882
SM00065	GAF	1.00000000002083	2.08327587554679e-11	7	0	0	341	9882
SM00201	SO	1.00000000002083	2.08327587554679e-11	7	0	0	341	9882
SM00004	NL	1.00000000002083	2.08327587554679e-11	7	0	0	341	9882
SM00510	TFS2M	1.00000000002083	2.08327587554679e-11	7	0	0	341	9882
SM00980	THAP	1.00000000002083	2.08327587554679e-11	7	0	0	341	9882
SM00736	CADG	1.00000000002097	2.09728876586078e-11	3	0	0	341	9882
SM00143	PI3K_p85B	1.00000000002097	2.09728876586078e-11	3	0	0	341	9882
SM00773	WGR	1.00000000002097	2.09728876586078e-11	3	0	0	341	9882
SM00309	PAH	1.00000000002097	2.09728876586078e-11	3	0	0	341	9882
SM00002	PLP	1.00000000002097	2.09728876586078e-11	3	0	0	341	9882
SM01260	LANC_like	1.00000000002097	2.09728876586078e-11	3	0	0	341	9882
SM01176	DUF4208	1.00000000002097	2.09728876586078e-11	3	0	0	341	9882
SM00962	SRP54	1.00000000002097	2.09728876586078e-11	3	0	0	341	9882
SM01334	DUF3454	1.00000000002097	2.09728876586078e-11	3	0	0	341	9882
SM00672	CAP10	1.00000000002097	2.09728876586078e-11	3	0	0	341	9882
SM00985	UBA_e1_C	1.00000000002097	2.09728876586078e-11	3	0	0	341	9882
SM01199	FDF	1.00000000002097	2.09728876586078e-11	3	0	0	341	9882
SM00183	NAT_PEP	1.00000000002097	2.09728876586078e-11	3	0	0	341	9882
SM01218	FoP_duplication	1.00000000002097	2.09728876586078e-11	3	0	0	341	9882
SM00090	RIO	1.00000000002097	2.09728876586078e-11	3	0	0	341	9882
SM00151	SWIB	1.00000000002097	2.09728876586078e-11	3	0	0	341	9882
SM00272	END	1.00000000002097	2.09728876586078e-11	3	0	0	341	9882
SM00305	HintC	1.00000000002097	2.09728876586078e-11	3	0	0	341	9882
SM01366	c-clamp	1.00000000002097	2.09728876586078e-11	3	0	0	341	9882
SM00916	L51_S25_CI-B8	1.00000000002097	2.09728876586078e-11	3	0	0	341	9882
SM00836	DALR_1	1.00000000002097	2.09728876586078e-11	3	0	0	341	9882
SM01212	Fib_alpha	1.00000000002097	2.09728876586078e-11	3	0	0	341	9882
SM00758	PA14	1.00000000002097	2.09728876586078e-11	3	0	0	341	9882
SM01305	RESP18	1.00000000002097	2.09728876586078e-11	3	0	0	341	9882
SM00482	POLAc	1.00000000002097	2.09728876586078e-11	3	0	0	341	9882
SM00162	SAPA	1.00000000002097	2.09728876586078e-11	3	0	0	341	9882
SM01424	HAP1_N	1.00000000002097	2.09728876586078e-11	3	0	0	341	9882
SM00278	HhH1	1.00000000002097	2.09728876586078e-11	3	0	0	341	9882
SM01073	CDC48_N	1.00000000002097	2.09728876586078e-11	3	0	0	341	9882
SM00997	AdoHcyase_NAD	1.00000000002097	2.09728876586078e-11	3	0	0	341	9882
SM01401	Sds3	1.00000000002097	2.09728876586078e-11	3	0	0	341	9882
SM01151	DUF1518	1.00000000002097	2.09728876586078e-11	3	0	0	341	9882
SM01246	Josephin	1.00000000002097	2.09728876586078e-11	3	0	0	341	9882
SM01275	MamL-1	1.00000000002097	2.09728876586078e-11	3	0	0	341	9882
SM00594	UAS	1.00000000002097	2.09728876586078e-11	3	0	0	341	9882
SM00536	AXH	1.00000000002097	2.09728876586078e-11	3	0	0	341	9882
SM01147	DUF1087	1.00000000002097	2.09728876586078e-11	3	0	0	341	9882
SM00057	FIMAC	1.00000000002097	2.09728876586078e-11	3	0	0	341	9882
SM00438	ZnF_NFX	1.00000000002097	2.09728876586078e-11	3	0	0	341	9882
SM00963	SRP54_N	1.00000000002097	2.09728876586078e-11	3	0	0	341	9882
SM00803	TAF	1.00000000002097	2.09728876586078e-11	3	0	0	341	9882
SM01279	Matrilin_ccoil	1.00000000002097	2.09728876586078e-11	3	0	0	341	9882
SM00712	PUR	1.00000000002097	2.09728876586078e-11	3	0	0	341	9882
SM01257	KRAP_IP3R_bind	1.00000000002097	2.09728876586078e-11	3	0	0	341	9882
SM01146	DUF1086	1.00000000002097	2.09728876586078e-11	3	0	0	341	9882
SM00473	PAN_AP	1.00000000002097	2.09728876586078e-11	3	0	0	341	9882
SM01369	Rb_C	1.00000000002097	2.09728876586078e-11	3	0	0	341	9882
SM00265	BH4	1.00000000002097	2.09728876586078e-11	3	0	0	341	9882
SM00444	GYF	1.00000000002097	2.09728876586078e-11	3	0	0	341	9882
SM01333	Tet_JBP	1.00000000002097	2.09728876586078e-11	3	0	0	341	9882
SM00478	ENDO3c	1.00000000002097	2.09728876586078e-11	3	0	0	341	9882
SM00459	Sorb	1.00000000002097	2.09728876586078e-11	3	0	0	341	9882
SM01065	CBM_2	1.00000000002097	2.09728876586078e-11	3	0	0	341	9882
SM00113	CALCITONIN	1.00000000002097	2.09728876586078e-11	3	0	0	341	9882
SM00576	BTP	1.00000000002097	2.09728876586078e-11	3	0	0	341	9882
SM00676	DM10	1.00000000002097	2.09728876586078e-11	3	0	0	341	9882
SM00981	THUMP	1.00000000002097	2.09728876586078e-11	3	0	0	341	9882
SM00682	G2F	1.00000000002097	2.09728876586078e-11	3	0	0	341	9882
SM00306	HintN	1.00000000002097	2.09728876586078e-11	3	0	0	341	9882
SM01300	PEHE	1.00000000002097	2.09728876586078e-11	3	0	0	341	9882
SM00650	rADc	1.00000000002097	2.09728876586078e-11	3	0	0	341	9882
SM00706	TECPR	1.00000000002097	2.09728876586078e-11	3	0	0	341	9882
SM00751	BSD	1.00000000002097	2.09728876586078e-11	3	0	0	341	9882
SM01232	H2TH	1.00000000002097	2.09728876586078e-11	3	0	0	341	9882
SM00996	AdoHcyase	1.00000000002097	2.09728876586078e-11	3	0	0	341	9882
SM00363	S4	1.00000000002097	2.09728876586078e-11	3	0	0	341	9882
SM00704	ZnF_CDGSH	1.00000000002097	2.09728876586078e-11	3	0	0	341	9882
SM01276	M60-like	1.00000000002097	2.09728876586078e-11	3	0	0	341	9882
SM01269	Lipid_DES	1.00000000002097	2.09728876586078e-11	3	0	0	341	9882
SM01368	RB_A	1.00000000002097	2.09728876586078e-11	3	0	0	341	9882
SM00300	ChSh	1.00000000002097	2.09728876586078e-11	3	0	0	341	9882
SM00931	NOSIC	1.00000000002097	2.09728876586078e-11	3	0	0	341	9882
SM01367	DUF3452	1.00000000002097	2.09728876586078e-11	3	0	0	341	9882
SM01271	LSM14	1.00000000002097	2.09728876586078e-11	3	0	0	341	9882
SM00960	Robl_LC7	1.00000000002097	2.09728876586078e-11	3	0	0	341	9882
SM01083	Cir_N	1.00000000002097	2.09728876586078e-11	3	0	0	341	9882
SM01370	TAFII55_N	1.00000000002097	2.09728876586078e-11	3	0	0	341	9882
SM01200	FerA	1.00000000002097	2.09728876586078e-11	3	0	0	341	9882
SM00311	PWI	1.00000000002097	2.09728876586078e-11	3	0	0	341	9882
SM01299	PIP49_N	1.00000000002097	2.09728876586078e-11	3	0	0	341	9882
SM00882	CoA_trans	1.00000000002097	2.09728876586078e-11	3	0	0	341	9882
SM00208	TNFR	1.00000000002115	2.11463135026612e-11	23	0	0	341	9882
SM00471	HDc	1.00000000002115	2.11463135026612e-11	23	0	0	341	9882
SM00255	TIR	1.00000000002115	2.11463135026612e-11	23	0	0	341	9882
SM00855	PGAM	1.00000000002133	2.13333303441796e-11	9	0	0	341	9882
SM00114	CARD	1.00000000002133	2.13333303441796e-11	9	0	0	341	9882
SM00561	MBT	1.00000000002133	2.13333303441796e-11	9	0	0	341	9882
SM01361	A2M_recep	1.00000000002133	2.13333303441796e-11	9	0	0	341	9882
SM00187	INB	1.00000000002133	2.13333303441796e-11	9	0	0	341	9882
SM00078	IlGF	1.00000000002133	2.13333303441796e-11	9	0	0	341	9882
SM01360	A2M	1.00000000002133	2.13333303441796e-11	9	0	0	341	9882
SM00145	PI3Ka	1.00000000002133	2.13333303441796e-11	9	0	0	341	9882
SM01359	A2M_N_2	1.00000000002133	2.13333303441796e-11	9	0	0	341	9882
SM00537	DCX	1.00000000002133	2.13333303441796e-11	9	0	0	341	9882
SM01026	Beach	1.00000000002133	2.13333303441796e-11	9	0	0	341	9882
SM00348	IRF	1.00000000002133	2.13333303441796e-11	9	0	0	341	9882
SM00545	JmjN	1.00000000002133	2.13333303441796e-11	9	0	0	341	9882
SM00351	PAX	1.00000000002133	2.13333303441796e-11	9	0	0	341	9882
SM00350	MCM	1.00000000002133	2.13333303441796e-11	9	0	0	341	9882
SM00668	CTLH	1.00000000002133	2.13333303441796e-11	9	0	0	341	9882
SM00674	CENPB	1.00000000002133	2.13333303441796e-11	9	0	0	341	9882
SM00263	LYZ1	1.00000000002133	2.13333303441796e-11	9	0	0	341	9882
SM00085	PA2c	1.00000000002133	2.13333303441796e-11	9	0	0	341	9882
SM01346	DUF3385	1.00000000002283	2.28332491802874e-11	1	0	0	341	9882
SM00823	PKS_PP	1.00000000002283	2.28332491802874e-11	1	0	0	341	9882
SM00904	Flavokinase	1.00000000002283	2.28332491802874e-11	1	0	0	341	9882
SM01416	Ribosomal_L19e	1.00000000002283	2.28332491802874e-11	1	0	0	341	9882
SM00709	Zpr1	1.00000000002283	2.28332491802874e-11	1	0	0	341	9882
SM01169	DUF1943	1.00000000002283	2.28332491802874e-11	1	0	0	341	9882
SM01223	FTO_NTD	1.00000000002283	2.28332491802874e-11	1	0	0	341	9882
SM00470	ParB	1.00000000002283	2.28332491802874e-11	1	0	0	341	9882
SM00802	UME	1.00000000002283	2.28332491802874e-11	1	0	0	341	9882
SM00203	TK	1.00000000002283	2.28332491802874e-11	1	0	0	341	9882
SM00318	SNc	1.00000000002283	2.28332491802874e-11	1	0	0	341	9882
SM00023	COLIPASE	1.00000000002283	2.28332491802874e-11	1	0	0	341	9882
SM01133	DeoC	1.00000000002283	2.28332491802874e-11	1	0	0	341	9882
SM00084	NMU	1.00000000002283	2.28332491802874e-11	1	0	0	341	9882
SM01228	GIDA_assoc_3	1.00000000002283	2.28332491802874e-11	1	0	0	341	9882
SM00530	HTH_XRE	1.00000000002283	2.28332491802874e-11	1	0	0	341	9882
SM01264	M16C_associated	1.00000000002283	2.28332491802874e-11	1	0	0	341	9882
SM00731	SprT	1.00000000002283	2.28332491802874e-11	1	0	0	341	9882
SM01341	Tower	1.00000000002283	2.28332491802874e-11	1	0	0	341	9882
SM00805	AGTRAP	1.00000000002283	2.28332491802874e-11	1	0	0	341	9882
SM01396	BC10	1.00000000002283	2.28332491802874e-11	1	0	0	341	9882
SM00859	Semialdhyde_dh	1.00000000002283	2.28332491802874e-11	1	0	0	341	9882
SM00752	HTTM	1.00000000002283	2.28332491802874e-11	1	0	0	341	9882
SM01278	MAPKK1_Int	1.00000000002283	2.28332491802874e-11	1	0	0	341	9882
SM00818	Amelogenin	1.00000000002283	2.28332491802874e-11	1	0	0	341	9882
SM00817	Amelin	1.00000000002283	2.28332491802874e-11	1	0	0	341	9882
SM00463	SMR	1.00000000002283	2.28332491802874e-11	1	0	0	341	9882
SM01386	Ribosomal_S13_N	1.00000000002283	2.28332491802874e-11	1	0	0	341	9882
SM01379	GAGE	1.00000000002283	2.28332491802874e-11	1	0	0	341	9882
SM00658	RPOL8c	1.00000000002283	2.28332491802874e-11	1	0	0	341	9882
SM00995	AD	1.00000000002283	2.28332491802874e-11	1	0	0	341	9882
SM01303	RasGEF_N_2	1.00000000002283	2.28332491802874e-11	1	0	0	341	9882
SM01030	BHD_1	1.00000000002283	2.28332491802874e-11	1	0	0	341	9882
SM01353	AIF_C	1.00000000002283	2.28332491802874e-11	1	0	0	341	9882
SM01273	Mago-bind	1.00000000002283	2.28332491802874e-11	1	0	0	341	9882
SM00780	PIG-X	1.00000000002283	2.28332491802874e-11	1	0	0	341	9882
SM00017	OSTEO	1.00000000002283	2.28332491802874e-11	1	0	0	341	9882
SM01162	DUF1771	1.00000000002283	2.28332491802874e-11	1	0	0	341	9882
SM00040	CSF2	1.00000000002283	2.28332491802874e-11	1	0	0	341	9882
SM01075	CDT1	1.00000000002283	2.28332491802874e-11	1	0	0	341	9882
SM00507	HNHc	1.00000000002283	2.28332491802874e-11	1	0	0	341	9882
SM01307	RICTOR_M	1.00000000002283	2.28332491802874e-11	1	0	0	341	9882
SM01308	RICTOR_N	1.00000000002283	2.28332491802874e-11	1	0	0	341	9882
SM00784	SPT2	1.00000000002283	2.28332491802874e-11	1	0	0	341	9882
SM01209	GARS_A	1.00000000002283	2.28332491802874e-11	1	0	0	341	9882
SM01406	PAPA-1	1.00000000002283	2.28332491802874e-11	1	0	0	341	9882
SM01018	B12-binding_2	1.00000000002283	2.28332491802874e-11	1	0	0	341	9882
SM01296	N2227	1.00000000002283	2.28332491802874e-11	1	0	0	341	9882
SM00932	Nfu_N	1.00000000002283	2.28332491802874e-11	1	0	0	341	9882
SM01364	NPP	1.00000000002283	2.28332491802874e-11	1	0	0	341	9882
SM01077	Cg6151-P	1.00000000002283	2.28332491802874e-11	1	0	0	341	9882
SM01031	BHD_2	1.00000000002283	2.28332491802874e-11	1	0	0	341	9882
SM01156	DUF1716	1.00000000002283	2.28332491802874e-11	1	0	0	341	9882
SM00719	Plus3	1.00000000002283	2.28332491802874e-11	1	0	0	341	9882
SM01352	APCDDC	1.00000000002283	2.28332491802874e-11	1	0	0	341	9882
SM01044	Btz	1.00000000002283	2.28332491802874e-11	1	0	0	341	9882
SM00703	NRF	1.00000000002283	2.28332491802874e-11	1	0	0	341	9882
SM00910	HIRAN	1.00000000002283	2.28332491802874e-11	1	0	0	341	9882
SM00465	GIYc	1.00000000002283	2.28332491802874e-11	1	0	0	341	9882
SM01124	DBR1	1.00000000002283	2.28332491802874e-11	1	0	0	341	9882
SM01013	APC2	1.00000000002283	2.28332491802874e-11	1	0	0	341	9882
SM00277	GRAN	1.00000000002283	2.28332491802874e-11	1	0	0	341	9882
SM01183	EF1G	1.00000000002283	2.28332491802874e-11	1	0	0	341	9882
SM01384	Ribosomal_L15e	1.00000000002283	2.28332491802874e-11	1	0	0	341	9882
SM00998	ADSL_C	1.00000000002283	2.28332491802874e-11	1	0	0	341	9882
SM01036	BP28CT	1.00000000002283	2.28332491802874e-11	1	0	0	341	9882
SM01302	Raptor_N	1.00000000002283	2.28332491802874e-11	1	0	0	341	9882
SM00030	CLb	1.00000000002283	2.28332491802874e-11	1	0	0	341	9882
SM01168	DUF1907	1.00000000002283	2.28332491802874e-11	1	0	0	341	9882
SM01120	Dak2	1.00000000002283	2.28332491802874e-11	1	0	0	341	9882
SM00987	UreE_C	1.00000000002283	2.28332491802874e-11	1	0	0	341	9882
SM01309	RICTOR_phospho	1.00000000002283	2.28332491802874e-11	1	0	0	341	9882
SM01148	DUF1220	1.00000000002283	2.28332491802874e-11	1	0	0	341	9882
SM00019	SF_P	1.00000000002283	2.28332491802874e-11	1	0	0	341	9882
SM00189	IL2	1.00000000002283	2.28332491802874e-11	1	0	0	341	9882
SM00613	PAW	1.00000000002283	2.28332491802874e-11	1	0	0	341	9882
SM01253	Kin17_mid	1.00000000002283	2.28332491802874e-11	1	0	0	341	9882
SM01222	FTCD_N	1.00000000002283	2.28332491802874e-11	1	0	0	341	9882
SM00983	TPK_B1_binding	1.00000000002283	2.28332491802874e-11	1	0	0	341	9882
SM01060	Catalase	1.00000000002283	2.28332491802874e-11	1	0	0	341	9882
SM01286	SPT16	1.00000000002283	2.28332491802874e-11	1	0	0	341	9882
SM01197	FANCL_C	1.00000000002283	2.28332491802874e-11	1	0	0	341	9882
SM00858	SAF	1.00000000002283	2.28332491802874e-11	1	0	0	341	9882
SM01331	DUF3635	1.00000000002283	2.28332491802874e-11	1	0	0	341	9882
SM01135	DIRP	1.00000000002283	2.28332491802874e-11	1	0	0	341	9882
SM01344	NUC194	1.00000000002283	2.28332491802874e-11	1	0	0	341	9882
SM01378	Romo1	1.00000000002283	2.28332491802874e-11	1	0	0	341	9882
SM01377	Ribosomal_L40e	1.00000000002283	2.28332491802874e-11	1	0	0	341	9882
SM01261	Thymopoietin	1.00000000002283	2.28332491802874e-11	1	0	0	341	9882
SM01414	P68HR	1.00000000002283	2.28332491802874e-11	1	0	0	341	9882
SM00659	RPOLCX	1.00000000002283	2.28332491802874e-11	1	0	0	341	9882
SM01342	TAN	1.00000000002283	2.28332491802874e-11	1	0	0	341	9882
SM00839	ELFV_dehydrog	1.00000000002283	2.28332491802874e-11	1	0	0	341	9882
SM00226	LMWPc	1.00000000002283	2.28332491802874e-11	1	0	0	341	9882
SM00748	HEPN	1.00000000002283	2.28332491802874e-11	1	0	0	341	9882
SM00538	POP4	1.00000000002283	2.28332491802874e-11	1	0	0	341	9882
SM01220	FSA_C	1.00000000002283	2.28332491802874e-11	1	0	0	341	9882
SM01395	Tbf5	1.00000000002283	2.28332491802874e-11	1	0	0	341	9882
SM01191	ENT	1.00000000002283	2.28332491802874e-11	1	0	0	341	9882
SM01085	CK_II_beta	1.00000000002283	2.28332491802874e-11	1	0	0	341	9882
SM01311	RPOL_N	1.00000000002283	2.28332491802874e-11	1	0	0	341	9882
SM00986	UDG	1.00000000002283	2.28332491802874e-11	1	0	0	341	9882
SM01129	DELLA	1.00000000002283	2.28332491802874e-11	1	0	0	341	9882
SM00743	Agenet	1.00000000002283	2.28332491802874e-11	1	0	0	341	9882
SM00417	H4	1.00000000002283	2.28332491802874e-11	1	0	0	341	9882
SM00067	GHA	1.00000000002283	2.28332491802874e-11	1	0	0	341	9882
SM00254	ShKT	1.00000000002283	2.28332491802874e-11	1	0	0	341	9882
SM00975	Telomerase_RBD	1.00000000002283	2.28332491802874e-11	1	0	0	341	9882
SM01158	DUF1741	1.00000000002283	2.28332491802874e-11	1	0	0	341	9882
SM00898	Fapy_DNA_glyco	1.00000000002283	2.28332491802874e-11	1	0	0	341	9882
SM01365	Op_neuropeptide	1.00000000002283	2.28332491802874e-11	1	0	0	341	9882
SM00946	ProRS-C_1	1.00000000002283	2.28332491802874e-11	1	0	0	341	9882
SM01186	eIF3_N	1.00000000002283	2.28332491802874e-11	1	0	0	341	9882
SM01297	KAP	1.00000000002283	2.28332491802874e-11	1	0	0	341	9882
SM01016	Arg_tRNA_synt_N	1.00000000002283	2.28332491802874e-11	1	0	0	341	9882
SM01422	SARA	1.00000000002283	2.28332491802874e-11	1	0	0	341	9882
SM00870	Asparaginase	1.00000000002283	2.28332491802874e-11	1	0	0	341	9882
SM01210	GARS_C	1.00000000002283	2.28332491802874e-11	1	0	0	341	9882
SM00929	NADH-G_4Fe-4S_3	1.00000000002283	2.28332491802874e-11	1	0	0	341	9882
SM00521	CBF	1.00000000002283	2.28332491802874e-11	1	0	0	341	9882
SM01125	DCP2	1.00000000002283	2.28332491802874e-11	1	0	0	341	9882
SM00245	TSPc	1.00000000002283	2.28332491802874e-11	1	0	0	341	9882
SM00035	CLa	1.00000000002283	2.28332491802874e-11	1	0	0	341	9882
SM00934	OMPdecase	1.00000000002283	2.28332491802874e-11	1	0	0	341	9882
SM01071	CDC37_N	1.00000000002283	2.28332491802874e-11	1	0	0	341	9882
SM00941	PYNP_C	1.00000000002283	2.28332491802874e-11	1	0	0	341	9882
SM01354	BLVR	1.00000000002283	2.28332491802874e-11	1	0	0	341	9882
SM00127	IL7	1.00000000002283	2.28332491802874e-11	1	0	0	341	9882
SM00874	B5	1.00000000002283	2.28332491802874e-11	1	0	0	341	9882
SM01214	Fmp27_GFWDK	1.00000000002283	2.28332491802874e-11	1	0	0	341	9882
SM01069	CDC37_C	1.00000000002283	2.28332491802874e-11	1	0	0	341	9882
SM01181	E2_bind	1.00000000002283	2.28332491802874e-11	1	0	0	341	9882
SM01385	DSS1_SEM1	1.00000000002283	2.28332491802874e-11	1	0	0	341	9882
SM00654	eIF6	1.00000000002283	2.28332491802874e-11	1	0	0	341	9882
SM01402	Ribosomal_S27	1.00000000002283	2.28332491802874e-11	1	0	0	341	9882
SM00845	GatB_Yqey	1.00000000002283	2.28332491802874e-11	1	0	0	341	9882
SM01098	CPSF73-100_C	1.00000000002283	2.28332491802874e-11	1	0	0	341	9882
SM01356	AP4E_app_platf	1.00000000002283	2.28332491802874e-11	1	0	0	341	9882
SM01035	BOP1NT	1.00000000002283	2.28332491802874e-11	1	0	0	341	9882
SM01152	DUF167	1.00000000002283	2.28332491802874e-11	1	0	0	341	9882
SM00071	Galanin	1.00000000002283	2.28332491802874e-11	1	0	0	341	9882
SM01128	DDRGK	1.00000000002283	2.28332491802874e-11	1	0	0	341	9882
SM01160	DUF1751	1.00000000002283	2.28332491802874e-11	1	0	0	341	9882
SM00990	VRR_NUC	1.00000000002283	2.28332491802874e-11	1	0	0	341	9882
SM01363	ACTH_domain	1.00000000002283	2.28332491802874e-11	1	0	0	341	9882
SM01180	DWNN	1.00000000002283	2.28332491802874e-11	1	0	0	341	9882
SM00683	DM16	1.00000000002283	2.28332491802874e-11	1	0	0	341	9882
SM01295	K167R	1.00000000002283	2.28332491802874e-11	1	0	0	341	9882
SM01123	DBP10CT	1.00000000002283	2.28332491802874e-11	1	0	0	341	9882
SM01405	Ribosomal_S6e	1.00000000002283	2.28332491802874e-11	1	0	0	341	9882
SM00567	EZ_HEAT	1.00000000002283	2.28332491802874e-11	1	0	0	341	9882
SM01047	C1_4	1.00000000002283	2.28332491802874e-11	1	0	0	341	9882
SM01306	RFX5_DNA_bdg	1.00000000002283	2.28332491802874e-11	1	0	0	341	9882
SM00762	Cog4	1.00000000002283	2.28332491802874e-11	1	0	0	341	9882
SM01102	CRM1_C	1.00000000002283	2.28332491802874e-11	1	0	0	341	9882
SM01032	BHD_3	1.00000000002283	2.28332491802874e-11	1	0	0	341	9882
SM00754	CHRD	1.00000000002283	2.28332491802874e-11	1	0	0	341	9882
SM00944	Pro-kuma_activ	1.00000000002283	2.28332491802874e-11	1	0	0	341	9882
SM01285	FACT-Spt16_Nlob	1.00000000002283	2.28332491802874e-11	1	0	0	341	9882
SM01262	LAMTOR	1.00000000002283	2.28332491802874e-11	1	0	0	341	9882
SM00738	NGN	1.00000000002283	2.28332491802874e-11	1	0	0	341	9882
SM01347	Mre11_DNA_bind	1.00000000002283	2.28332491802874e-11	1	0	0	341	9882
SM01348	Nbs1_C	1.00000000002283	2.28332491802874e-11	1	0	0	341	9882
SM01254	KLRAQ	1.00000000002283	2.28332491802874e-11	1	0	0	341	9882
SM01393	Ribosomal_L32e	1.00000000002283	2.28332491802874e-11	1	0	0	341	9882
SM00928	NADH_4Fe-4S	1.00000000002283	2.28332491802874e-11	1	0	0	341	9882
SM01024	BCS1_N	1.00000000002283	2.28332491802874e-11	1	0	0	341	9882
SM01221	FTCD	1.00000000002283	2.28332491802874e-11	1	0	0	341	9882
SM01310	RICTOR_V	1.00000000002283	2.28332491802874e-11	1	0	0	341	9882
SM01173	DUF4187	1.00000000002283	2.28332491802874e-11	1	0	0	341	9882
SM01413	Ribosomal_S19e	1.00000000002283	2.28332491802874e-11	1	0	0	341	9882
SM00826	PKS_DH	1.00000000002283	2.28332491802874e-11	1	0	0	341	9882
SM01118	CYTH	1.00000000002283	2.28332491802874e-11	1	0	0	341	9882
SM01087	COG6	1.00000000002283	2.28332491802874e-11	1	0	0	341	9882
SM01397	Ribosomal_S3Ae	1.00000000002283	2.28332491802874e-11	1	0	0	341	9882
SM00984	UDPG_MGDP_dh_C	1.00000000002283	2.28332491802874e-11	1	0	0	341	9882
SM01159	DUF1744	1.00000000002283	2.28332491802874e-11	1	0	0	341	9882
SM01001	AIRC	1.00000000002283	2.28332491802874e-11	1	0	0	341	9882
SM01409	RNA_pol_Rpb6	1.00000000002283	2.28332491802874e-11	1	0	0	341	9882
SM01204	FIST_C	1.00000000002283	2.28332491802874e-11	1	0	0	341	9882
SM01335	PADR1	1.00000000002283	2.28332491802874e-11	1	0	0	341	9882
SM00535	RIBOc	1.00000000002283	2.28332491802874e-11	1	0	0	341	9882
SM00608	ACR	1.00000000002362	2.36184479042005e-11	43	0	0	341	9882
SM00050	DISIN	1.00000000002364	2.36377537082091e-11	37	0	0	341	9882
SM00013	LRRNT	1.00000000002404	2.40413149475116e-11	53	0	0	341	9882
SM00297	BROMO	1.00000000002478	2.47763646712797e-11	39	0	0	341	9882
SM00192	LDLa	1.00000000002508	2.50777182838045e-11	44	0	0	341	9882
SM00401	ZnF_GATA	1.00000000002542	2.54176019758509e-11	12	0	0	341	9882
SM00246	WH2	1.00000000002542	2.54176019758509e-11	12	0	0	341	9882
SM00159	PTX	1.00000000002542	2.54176019758509e-11	12	0	0	341	9882
SM00335	ANX	1.00000000002542	2.54176019758509e-11	12	0	0	341	9882
SM00310	PTBI	1.00000000002542	2.54176019758509e-11	12	0	0	341	9882
SM00337	BCL	1.00000000002542	2.54176019758509e-11	12	0	0	341	9882
SM01265	Mab-21	1.00000000002542	2.54176019758509e-11	12	0	0	341	9882
SM00333	TUDOR	1.00000000002564	2.56416183904303e-11	25	0	0	341	9882
SM00591	RWD	1.0000000000266	2.65957241669478e-11	10	0	0	341	9882
SM01100	CRAL_TRIO_N	1.0000000000266	2.65957241669478e-11	10	0	0	341	9882
SM01017	Arrestin_C	1.0000000000266	2.65957241669478e-11	10	0	0	341	9882
SM00636	Glyco_18	1.0000000000266	2.65957241669478e-11	10	0	0	341	9882
SM01052	CAP_GLY	1.0000000000266	2.65957241669478e-11	10	0	0	341	9882
SM00102	ADF	1.0000000000266	2.65957241669478e-11	10	0	0	341	9882
SM00128	IPPc	1.0000000000266	2.65957241669478e-11	10	0	0	341	9882
SM00045	DAGKa	1.0000000000266	2.65957241669478e-11	10	0	0	341	9882
SM01039	BRICHOS	1.0000000000266	2.65957241669478e-11	10	0	0	341	9882
SM00251	SAM_PNT	1.0000000000266	2.65957241669478e-11	10	0	0	341	9882
SM00543	MIF4G	1.0000000000266	2.65957241669478e-11	10	0	0	341	9882
SM00472	MIR	1.0000000000266	2.65957241669478e-11	10	0	0	341	9882
SM00745	MIT	1.0000000000266	2.65957241669478e-11	10	0	0	341	9882
SM00042	CUB	1.00000000002724	2.72356599764355e-11	50	0	0	341	9882
SM00430	HOLI	1.00000000002732	2.73152793990453e-11	49	0	0	341	9882
SM00413	ETS	1.00000000002761	2.76098840661299e-11	26	0	0	341	9882
SM00043	CY	1.00000000002761	2.76098840661299e-11	26	0	0	341	9882
SM00268	ACTIN	1.00000000002761	2.76098840661299e-11	26	0	0	341	9882
SM00884	Cullin_Nedd8	1.00000000002835	2.83495136888334e-11	8	0	0	341	9882
SM01025	BEN	1.00000000002835	2.83495136888334e-11	8	0	0	341	9882
SM00281	LamB	1.00000000002835	2.83495136888334e-11	8	0	0	341	9882
SM00557	IG_FLMN	1.00000000002835	2.83495136888334e-11	8	0	0	341	9882
SM00139	MyTH4	1.00000000002835	2.83495136888334e-11	8	0	0	341	9882
SM00167	VPS9	1.00000000002835	2.83495136888334e-11	8	0	0	341	9882
SM00468	PreSET	1.00000000002835	2.83495136888334e-11	8	0	0	341	9882
SM01420	TRP_2	1.00000000002835	2.83495136888334e-11	8	0	0	341	9882
SM00948	Proteasome_A_N	1.00000000002835	2.83495136888334e-11	8	0	0	341	9882
SM00154	ZnF_AN1	1.00000000002835	2.83495136888334e-11	8	0	0	341	9882
SM00330	PIPKc	1.00000000002835	2.83495136888334e-11	8	0	0	341	9882
SM00609	VIT	1.00000000002835	2.83495136888334e-11	8	0	0	341	9882
SM00142	PI3K_C2	1.00000000002835	2.83495136888334e-11	8	0	0	341	9882
SM00200	SEA	1.00000000002835	2.83495136888334e-11	8	0	0	341	9882
SM01412	Pro-rich	1.00000000002835	2.83495136888334e-11	8	0	0	341	9882
SM00511	ORANGE	1.00000000002835	2.83495136888334e-11	8	0	0	341	9882
SM00262	GEL	1.00000000002835	2.83495136888334e-11	8	0	0	341	9882
SM00504	Ubox	1.00000000002835	2.83495136888334e-11	8	0	0	341	9882
SM00237	Calx_beta	1.00000000002835	2.83495136888334e-11	8	0	0	341	9882
SM00562	NDK	1.00000000002835	2.83495136888334e-11	8	0	0	341	9882
SM01419	Thiol-ester_cl	1.00000000002835	2.83495136888334e-11	8	0	0	341	9882
SM00125	IL1	1.00000000002835	2.83495136888334e-11	8	0	0	341	9882
SM00107	BTK	1.00000000002835	2.83495136888334e-11	8	0	0	341	9882
SM00524	DWB	1.00000000002835	2.83495136888334e-11	8	0	0	341	9882
SM01242	Integrin_B_tail	1.00000000002835	2.83495136888334e-11	8	0	0	341	9882
SM00099	btg1	1.00000000002835	2.83495136888334e-11	8	0	0	341	9882
SM00048	DEFSN	1.00000000002952	2.9522425310051e-11	21	0	0	341	9882
SM00282	LamG	1.00000000002983	2.98289002536484e-11	40	0	0	341	9882
SM00349	KRAB	1.00000000003019	3.01859090817739e-11	291	0	0	341	9882
SM00291	ZnF_ZZ	1.00000000003069	3.06944798272082e-11	18	0	0	341	9882
SM00308	LH2	1.00000000003069	3.06944798272082e-11	18	0	0	341	9882
SM00079	PBPe	1.00000000003069	3.06944798272082e-11	18	0	0	341	9882
SM00014	acidPPc	1.00000000003069	3.06944798272082e-11	18	0	0	341	9882
SM00847	HA2	1.00000000003069	3.06944798272082e-11	18	0	0	341	9882
SM00918	Lig_chan-Glu_bd	1.00000000003069	3.06944798272082e-11	18	0	0	341	9882
SM00593	RUN	1.00000000003069	3.06944798272082e-11	18	0	0	341	9882
SM00356	ZnF_C3H1	1.00000000003073	3.07264320567209e-11	46	0	0	341	9882
SM00064	FYVE	1.00000000003285	3.28467766898707e-11	30	0	0	341	9882
SM00338	BRLZ	1.00000000003395	3.39516804351332e-11	51	0	0	341	9882
SM00456	WW	1.00000000003835	3.83489442378258e-11	47	0	0	341	9882
SM00399	ZnF_C4	1.00000000003835	3.83489442378258e-11	47	0	0	341	9882
SM00454	SAM	1.00000000004304	4.30432579638726e-11	83	0	0	341	9882
SM00082	LRRCT	1.00000000004397	4.39746052129634e-11	75	0	0	341	9882
