TermID	Term	Enrichment	logP	Genes in Term	Target Genes in Term	Fraction of Targets in Term	Total Target Genes	Total Genes	Entrez Gene IDs	Gene Symbols
SM00407	IGc1	2.08853522765899e-17	-38.4074836086409	58	14	0.168674698795181	83	9882	14999,14969,15018,14961,14972,213233,12010,14991,14960,15039,15024,110557,15015,14964	H2-DMb1,H2-Eb1,H2-Q7,H2-Ab1,H2-K1,Tapbpl,B2m,H2-M3,H2-Aa,H2-T22,H2-T10,H2-Q6,H2-Q4,H2-D1
SM00921	MHC_II_beta	1.12219851930022e-05	-11.3976357400979	6	3	0.036144578313253	83	9882	14969,14999,14961	H2-Eb1,H2-DMb1,H2-Ab1
SM01289	PYRIN	0.00144492630679983	-6.53969695747266	27	3	0.036144578313253	83	9882	15951,100040462,15950	Ifi204,Mndal,Ifi203
SM00199	SCY	0.00308077393008829	-5.78257443755849	35	3	0.036144578313253	83	9882	56221,17329,15945	Ccl24,Cxcl9,Cxcl10
SM00277	GRAN	0.00839910949199483	-4.77962959161039	1	1	0.0120481927710843	83	9882	14824	Grn
SM00471	HDc	0.0157286812609344	-4.15226940134918	23	2	0.0240963855421687	83	9882	56045,18576	Samhd1,Pde3b
SM00550	Zalpha	0.0167285168303045	-4.09064042121253	2	1	0.0120481927710843	83	9882	58203	Zbp1
SM01282	DBB	0.0167285168303045	-4.09064042121253	2	1	0.0120481927710843	83	9882	83490	Pik3ap1
SM00162	SAPA	0.0249887934606254	-3.68932781618817	3	1	0.0120481927710843	83	9882	19156	Psap
SM01200	FerA	0.0249887934606254	-3.68932781618817	3	1	0.0120481927710843	83	9882	226101	Myof
SM00920	MHC_II_alpha	0.0331805061988456	-3.40579273819258	4	1	0.0120481927710843	83	9882	14960	H2-Aa
SM00693	DysFN	0.0331805061988456	-3.40579273819258	4	1	0.0120481927710843	83	9882	226101	Myof
SM00694	DysFC	0.0331805061988456	-3.40579273819258	4	1	0.0120481927710843	83	9882	226101	Myof
SM00058	FN1	0.0331805061988456	-3.40579273819258	4	1	0.0120481927710843	83	9882	14268	Fn1
SM00409	IG	0.0391762725407283	-3.23968400777744	378	7	0.0843373493975904	83	9882	12978,213233,545156,83433,50723,74048,52118	Csf1r,Tapbpl,Kalrn,Trem2,Icosl,Vsir,Pvr
SM00741	SapB	0.0413042172720842	-3.18679067110281	5	1	0.0120481927710843	83	9882	19156	Psap
SM01201	FerB	0.0413042172720842	-3.18679067110281	5	1	0.0120481927710843	83	9882	226101	Myof
SM01202	FerI	0.0413042172720842	-3.18679067110281	5	1	0.0120481927710843	83	9882	226101	Myof
SM01175	DUF4206	0.0413042172720842	-3.18679067110281	5	1	0.0120481927710843	83	9882	271221	Rubcnl
SM00368	LRR_RI	0.046273795889673	-3.07317944161373	41	2	0.0240963855421687	83	9882	637515,434341	Nlrp1b,Nlrc5
SM00544	MA3	0.0493604843558069	-3.00860508671421	6	1	0.0120481927710843	83	9882	18569	Pdcd4
SM01132	DIL	0.0493604843558069	-3.00860508671421	6	1	0.0120481927710843	83	9882	17356	Afdn
SM00104	ANATO	0.0573498606004896	-2.85858486608993	7	1	0.0120481927710843	83	9882	12268	C4b
SM00258	SAND	0.0573498606004896	-2.85858486608993	7	1	0.0120481927710843	83	9882	434484	Sp140
SM00964	STAT_int	0.0573498606004896	-2.85858486608993	7	1	0.0120481927710843	83	9882	20846	Stat1
SM00153	VHP	0.0652728946842639	-2.72917841793487	8	1	0.0120481927710843	83	9882	22351	Vill
SM00099	btg1	0.0652728946842639	-2.72917841793487	8	1	0.0120481927710843	83	9882	12226	Btg1
SM00506	A1pp	0.0652728946842639	-2.72917841793487	8	1	0.0120481927710843	83	9882	547253	Parp14
SM00262	GEL	0.0652728946842639	-2.72917841793487	8	1	0.0120481927710843	83	9882	22351	Vill
SM01419	Thiol-ester_cl	0.0652728946842639	-2.72917841793487	8	1	0.0120481927710843	83	9882	12268	C4b
SM00348	IRF	0.0731301308333576	-2.61551481064908	9	1	0.0120481927710843	83	9882	16362	Irf1
SM01361	A2M_recep	0.0731301308333576	-2.61551481064908	9	1	0.0120481927710843	83	9882	12268	C4b
SM01360	A2M	0.0731301308333576	-2.61551481064908	9	1	0.0120481927710843	83	9882	12268	C4b
SM00114	CARD	0.0731301308333576	-2.61551481064908	9	1	0.0120481927710843	83	9882	12362	Casp1
SM00263	LYZ1	0.0731301308333576	-2.61551481064908	9	1	0.0120481927710843	83	9882	17105	Lyz2
SM01359	A2M_N_2	0.0731301308333576	-2.61551481064908	9	1	0.0120481927710843	83	9882	12268	C4b
SM00636	Glyco_18	0.0809221088681932	-2.51426820587298	10	1	0.0120481927710843	83	9882	12655	Chil3
SM00034	CLECT	0.0814007624606248	-2.50837063917937	121	3	0.036144578313253	83	9882	20343,27007,17064	Sell,Klrk1,Cd93
SM00326	SH3	0.0825346589461926	-2.49453696542365	196	4	0.0481927710843374	83	9882	57257,15162,71302,545156	Vav3,Hck,Arhgap26,Kalrn
SM00439	BAH	0.088649364231451	-2.42306641815768	11	1	0.0120481927710843	83	9882	68703	Rere
SM00115	CASc	0.088649364231451	-2.42306641815768	11	1	0.0120481927710843	83	9882	12362	Casp1
SM00401	ZnF_GATA	0.0963124280345857	-2.3401579131095	12	1	0.0120481927710843	83	9882	68703	Rere
SM00325	RhoGEF	0.103347182444904	-2.26966125549107	65	2	0.0240963855421687	83	9882	545156,57257	Kalrn,Vav3
SM01189	ELM2	0.103911827066909	-2.26421255610491	13	1	0.0120481927710843	83	9882	68703	Rere
SM00059	FN2	0.103911827066909	-2.26421255610491	13	1	0.0120481927710843	83	9882	14268	Fn1
SM00666	PB1	0.111448083865186	-2.19419641207341	14	1	0.0120481927710843	83	9882	26406	Map3k3
SM00294	4.1m	0.111448083865186	-2.19419641207341	14	1	0.0120481927710843	83	9882	20969	Sdc1
SM00501	BRIGHT	0.118921716726489	-2.12928984497856	15	1	0.0120481927710843	83	9882	214855	Arid5a
SM01014	ARID	0.118921716726489	-2.12928984497856	15	1	0.0120481927710843	83	9882	214855	Arid5a
SM00643	C345C	0.126333239729981	-2.06883210349172	16	1	0.0120481927710843	83	9882	12268	C4b
SM00060	FN3	0.129852262961113	-2.04135791352341	149	3	0.036144578313253	83	9882	16161,14268,545156	Il12rb1,Fn1,Kalrn
SM00219	TyrKc	0.148058238296565	-1.91014958061581	81	2	0.0240963855421687	83	9882	15162,12978	Hck,Csf1r
SM00848	Inhibitor_I29	0.148200228234205	-1.90919102607947	19	1	0.0120481927710843	83	9882	13040	Ctss
SM00367	LRR_CC	0.148200228234205	-1.90919102607947	19	1	0.0120481927710843	83	9882	434341	Nlrc5
SM00233	PH	0.161569412455037	-1.82282043017314	252	4	0.0481927710843374	83	9882	71302,545156,105445,57257	Arhgap26,Kalrn,Dock9,Vav3
SM00134	LU	0.162476910270858	-1.81721937794905	21	1	0.0120481927710843	83	9882	57248	Ly6i
SM00240	FHA	0.169526338970949	-1.77474697207475	22	1	0.0120481927710843	83	9882	17356	Afdn
SM00255	TIR	0.176517141598419	-1.7343372877868	23	1	0.0120481927710843	83	9882	384059	Tlr12
SM00645	Pept_C1	0.176517141598419	-1.7343372877868	23	1	0.0120481927710843	83	9882	13040	Ctss
SM00516	SEC14	0.183449799801875	-1.69581421947675	24	1	0.0120481927710843	83	9882	545156	Kalrn
SM00150	SPEC	0.210608485546772	-1.55775438784909	28	1	0.0120481927710843	83	9882	545156	Kalrn
SM00252	SH2	0.211206744912314	-1.55491779152213	102	2	0.0240963855421687	83	9882	15162,57257	Hck,Vav3
SM00303	GPS	0.217257510884177	-1.52667194289489	29	1	0.0120481927710843	83	9882	13733	Adgre1
SM00314	RA	0.217257510884177	-1.52667194289489	29	1	0.0120481927710843	83	9882	17356	Afdn
SM00050	DISIN	0.268495391834129	-1.31492152780944	37	1	0.0120481927710843	83	9882	11490	Adam15
SM00179	EGF_CA	0.273392832432782	-1.29684557144859	122	2	0.0240963855421687	83	9882	17064,13733	Cd93,Adgre1
SM00297	BROMO	0.280778176310353	-1.27019032954329	39	1	0.0120481927710843	83	9882	434484	Sp140
SM00608	ACR	0.304735691603498	-1.18831046298306	43	1	0.0120481927710843	83	9882	11490	Adam15
SM00213	UBQ	0.304735691603498	-1.18831046298306	43	1	0.0120481927710843	83	9882	23962	Oasl2
SM00717	SANT	0.304735691603498	-1.18831046298306	43	1	0.0120481927710843	83	9882	68703	Rere
SM00339	FH	0.316417050099146	-1.15069415674298	45	1	0.0120481927710843	83	9882	56458	Foxo1
SM00399	ZnF_C4	0.327904471660038	-1.11503295795695	47	1	0.0120481927710843	83	9882	22259	Nr1h3
SM00430	HOLI	0.339201137439888	-1.08116202176846	49	1	0.0120481927710843	83	9882	22259	Nr1h3
SM00338	BRLZ	0.350310177084475	-1.04893629671862	51	1	0.0120481927710843	83	9882	74481	Batf2
SM00032	CCP	0.361234669468962	-1.01822747791215	53	1	0.0120481927710843	83	9882	20343	Sell
SM00093	SERPIN	0.408191184812304	-0.896019624105854	62	1	0.0120481927710843	83	9882	238393	Serpina3f
SM00209	TSP1	0.413193234879558	-0.883839914379016	63	1	0.0120481927710843	83	9882	229595	Adamtsl4
SM00109	C1	0.418153512053897	-0.871906660161065	64	1	0.0120481927710843	83	9882	57257	Vav3
SM00324	RhoGAP	0.418153512053897	-0.871906660161065	64	1	0.0120481927710843	83	9882	71302	Arhgap26
SM00033	CH	0.418153512053897	-0.871906660161065	64	1	0.0120481927710843	83	9882	57257	Vav3
SM00369	LRR_TYP	0.434099743869224	-0.83448094670389	175	2	0.0240963855421687	83	9882	434341,384059	Nlrc5,Tlr12
SM00181	EGF	0.439842437415692	-0.821338712984312	177	2	0.0240963855421687	83	9882	17064,13733	Cd93,Adgre1
SM01391	Filament	0.451734409149275	-0.794660862226497	71	1	0.0120481927710843	83	9882	74127	Krt80
SM00132	LIM	0.460972174038994	-0.774417597809408	73	1	0.0120481927710843	83	9882	107321	Lpxn
SM00406	IGv	0.49641029181754	-0.700352492954561	81	1	0.0120481927710843	83	9882	52118	Pvr
SM00176	RAN	0.500674953158822	-0.691798184546709	82	1	0.0120481927710843	83	9882	64143	Ralb
SM00454	SAM	0.504903930602794	-0.683387104234133	83	1	0.0120481927710843	83	9882	56045	Samhd1
SM00249	PHD	0.529544784034455	-0.635737539548437	89	1	0.0120481927710843	83	9882	434484	Sp140
SM00408	IGc2	0.574585727052375	-0.554105972542928	228	2	0.0240963855421687	83	9882	12978,545156	Csf1r,Kalrn
SM00220	S_TKc	0.585353695424449	-0.535539006888634	359	3	0.036144578313253	83	9882	12323,26406,545156	Camk2b,Map3k3,Kalrn
SM00490	HELICc	0.59297062123724	-0.522610423813307	106	1	0.0120481927710843	83	9882	234311	Ddx60
SM00487	DEXDc	0.599853137198699	-0.511070425062885	108	1	0.0120481927710843	83	9882	234311	Ddx60
SM00353	HLH	0.606620654456571	-0.499851634758085	110	1	0.0120481927710843	83	9882	15901	Id1
SM00028	TPR	0.632578243686273	-0.457951360598505	118	1	0.0120481927710843	83	9882	667373	Ifit1bl1
SM00239	C2	0.641869694869265	-0.443369963386221	121	1	0.0120481927710843	83	9882	226101	Myof
SM00174	RHO	0.64793463633619	-0.433965457569127	123	1	0.0120481927710843	83	9882	64143	Ralb
SM00173	RAS	0.671196114840149	-0.398693912224694	131	1	0.0120481927710843	83	9882	64143	Ralb
SM00382	AAA	0.687639496132325	-0.374490566558334	137	1	0.0120481927710843	83	9882	21354	Tap1
SM00054	EFh	0.703269964762206	-0.352014442733652	143	1	0.0120481927710843	83	9882	14913	Guca1a
SM00228	PDZ	0.715703096062989	-0.334489868324085	148	1	0.0120481927710843	83	9882	17356	Afdn
SM00175	RAB	0.715703096062989	-0.334489868324085	148	1	0.0120481927710843	83	9882	64143	Ralb
SM00248	ANK	0.835949521712342	-0.179187048447288	212	1	0.0120481927710843	83	9882	67847	Sncaip
SM00389	HOX	0.883875590769162	-0.123438960672537	252	1	0.0120481927710843	83	9882	15284	Hlx
SM00119	HECTc	0.999999999988183	-1.18173123074529e-11	27	0	0	83	9882
SM00005	DEATH	0.999999999988183	-1.18173123074529e-11	27	0	0	83	9882
SM00178	SAR	0.999999999988183	-1.18173123074529e-11	27	0	0	83	9882
SM00429	IPT	0.999999999988183	-1.18173123074529e-11	27	0	0	83	9882
SM00046	DAGKc	0.999999999988473	-1.15269164869244e-11	14	0	0	83	9882
SM00198	SCP	0.999999999988473	-1.15269164869244e-11	14	0	0	83	9882
SM00615	EPH_lbd	0.999999999988473	-1.15269164869244e-11	14	0	0	83	9882
SM00502	BBC	0.999999999988473	-1.15269164869244e-11	14	0	0	83	9882
SM00135	LY	0.999999999988473	-1.15269164869244e-11	14	0	0	83	9882
SM00241	ZP	0.999999999988473	-1.15269164869244e-11	14	0	0	83	9882
SM00445	LINK	0.999999999988473	-1.15269164869244e-11	14	0	0	83	9882
SM00829	PKS_ER	0.999999999988473	-1.15269164869244e-11	14	0	0	83	9882
SM00647	IBR	0.999999999988473	-1.15269164869244e-11	14	0	0	83	9882
SM00832	C8	0.999999999988473	-1.15269164869244e-11	14	0	0	83	9882
SM00234	START	0.999999999988473	-1.15269164869244e-11	14	0	0	83	9882
SM00404	PTPc_motif	0.999999999990525	-9.47458048739055e-12	61	0	0	83	9882
SM00147	RasGEF	0.999999999994635	-5.36523056700115e-12	28	0	0	83	9882
SM00229	RasGEFN	0.999999999994635	-5.36523056700115e-12	28	0	0	83	9882
SM00414	H2A	0.999999999994635	-5.36523056700115e-12	28	0	0	83	9882
SM00202	SR	0.999999999994635	-5.36523056700115e-12	28	0	0	83	9882
SM00667	LisH	0.999999999995014	-4.9863299368926e-12	22	0	0	83	9882
SM00186	FBG	0.999999999995014	-4.9863299368926e-12	22	0	0	83	9882
SM00442	FGF	0.999999999995014	-4.9863299368926e-12	22	0	0	83	9882
SM00343	ZnF_C2HC	0.999999999995014	-4.9863299368926e-12	22	0	0	83	9882
SM00210	TSPN	0.999999999995014	-4.9863299368926e-12	22	0	0	83	9882
SM00513	SAP	0.999999999995014	-4.9863299368926e-12	22	0	0	83	9882
SM01244	IRS	0.999999999996412	-3.5876753585325e-12	15	0	0	83	9882
SM00800	uDENN	0.999999999996412	-3.5876753585325e-12	15	0	0	83	9882
SM00726	UIM	0.999999999996412	-3.5876753585325e-12	15	0	0	83	9882
SM00136	LamNT	0.999999999996412	-3.5876753585325e-12	15	0	0	83	9882
SM00217	WAP	0.999999999996412	-3.5876753585325e-12	15	0	0	83	9882
SM00721	BAR	0.999999999996412	-3.5876753585325e-12	15	0	0	83	9882
SM00149	PLCYc	0.999999999996412	-3.5876753585325e-12	15	0	0	83	9882
SM01117	Cyt-b5	0.999999999996412	-3.5876753585325e-12	15	0	0	83	9882
SM00498	FH2	0.999999999996412	-3.5876753585325e-12	15	0	0	83	9882
SM00130	KR	0.999999999996412	-3.5876753585325e-12	15	0	0	83	9882
SM00088	PINT	0.999999999996412	-3.5876753585325e-12	15	0	0	83	9882
SM00352	POU	0.999999999996412	-3.5876753585325e-12	15	0	0	83	9882
SM00460	TGc	0.999999999997794	-2.20574506268484e-12	11	0	0	83	9882
SM00027	EH	0.999999999997794	-2.20574506268484e-12	11	0	0	83	9882
SM00461	WH1	0.999999999997794	-2.20574506268484e-12	11	0	0	83	9882
SM01330	Frizzled	0.999999999997794	-2.20574506268484e-12	11	0	0	83	9882
SM00720	calpain_III	0.999999999997794	-2.20574506268484e-12	11	0	0	83	9882
SM00038	COLFI	0.999999999997794	-2.20574506268484e-12	11	0	0	83	9882
SM00508	PostSET	0.999999999997794	-2.20574506268484e-12	11	0	0	83	9882
SM00238	BIR	0.999999999997794	-2.20574506268484e-12	11	0	0	83	9882
SM00276	GLECT	0.999999999997794	-2.20574506268484e-12	11	0	0	83	9882
SM00096	UTG	0.999999999997794	-2.20574506268484e-12	11	0	0	83	9882
SM00386	HAT	0.999999999997794	-2.20574506268484e-12	11	0	0	83	9882
SM00274	FOLN	0.999999999997794	-2.20574506268484e-12	11	0	0	83	9882
SM00644	Ami_2	0.999999999997833	-2.16723780292259e-12	4	0	0	83	9882
SM00753	PAM	0.999999999997833	-2.16723780292259e-12	4	0	0	83	9882
SM01375	Dynein_light	0.999999999997833	-2.16723780292259e-12	4	0	0	83	9882
SM01225	G8	0.999999999997833	-2.16723780292259e-12	4	0	0	83	9882
SM01178	DUF4217	0.999999999997833	-2.16723780292259e-12	4	0	0	83	9882
SM01007	Aldolase_II	0.999999999997833	-2.16723780292259e-12	4	0	0	83	9882
SM00560	LamGL	0.999999999997833	-2.16723780292259e-12	4	0	0	83	9882
SM01153	DUF1693	0.999999999997833	-2.16723780292259e-12	4	0	0	83	9882
SM01192	Enolase_C	0.999999999997833	-2.16723780292259e-12	4	0	0	83	9882
SM00227	NEBU	0.999999999997833	-2.16723780292259e-12	4	0	0	83	9882
SM00520	BASIC	0.999999999997833	-2.16723780292259e-12	4	0	0	83	9882
SM01046	c-SKI_SMAD_bind	0.999999999997833	-2.16723780292259e-12	4	0	0	83	9882
SM01020	B2-adapt-app_C	0.999999999997833	-2.16723780292259e-12	4	0	0	83	9882
SM00140	NGF	0.999999999997833	-2.16723780292259e-12	4	0	0	83	9882
SM01027	Beta-Casp	0.999999999997833	-2.16723780292259e-12	4	0	0	83	9882
SM00307	ILWEQ	0.999999999997833	-2.16723780292259e-12	4	0	0	83	9882
SM00527	HMG17	0.999999999997833	-2.16723780292259e-12	4	0	0	83	9882
SM01417	Solute_trans_a	0.999999999997833	-2.16723780292259e-12	4	0	0	83	9882
SM00955	RNB	0.999999999997833	-2.16723780292259e-12	4	0	0	83	9882
SM01249	KASH	0.999999999997833	-2.16723780292259e-12	4	0	0	83	9882
SM01193	Enolase_N	0.999999999997833	-2.16723780292259e-12	4	0	0	83	9882
SM01277	MAGUK_N_PEST	0.999999999997833	-2.16723780292259e-12	4	0	0	83	9882
SM00734	ZnF_Rad18	0.999999999997833	-2.16723780292259e-12	4	0	0	83	9882
SM00051	DSL	0.999999999997833	-2.16723780292259e-12	4	0	0	83	9882
SM00025	Pumilio	0.999999999997833	-2.16723780292259e-12	4	0	0	83	9882
SM00542	FYRC	0.999999999997833	-2.16723780292259e-12	4	0	0	83	9882
SM00723	AMOP	0.999999999997833	-2.16723780292259e-12	4	0	0	83	9882
SM00491	HELICc2	0.999999999997833	-2.16723780292259e-12	4	0	0	83	9882
SM01407	NAC	0.999999999997833	-2.16723780292259e-12	4	0	0	83	9882
SM00485	XPGN	0.999999999997833	-2.16723780292259e-12	4	0	0	83	9882
SM00474	35EXOc	0.999999999997833	-2.16723780292259e-12	4	0	0	83	9882
SM00279	HhH2	0.999999999997833	-2.16723780292259e-12	4	0	0	83	9882
SM00392	PROF	0.999999999997833	-2.16723780292259e-12	4	0	0	83	9882
SM00573	HSA	0.999999999997833	-2.16723780292259e-12	4	0	0	83	9882
SM00098	alkPPc	0.999999999997833	-2.16723780292259e-12	4	0	0	83	9882
SM00973	Sec63	0.999999999997833	-2.16723780292259e-12	4	0	0	83	9882
SM00737	ML	0.999999999997833	-2.16723780292259e-12	4	0	0	83	9882
SM00313	PXA	0.999999999997833	-2.16723780292259e-12	4	0	0	83	9882
SM00488	DEXDc2	0.999999999997833	-2.16723780292259e-12	4	0	0	83	9882
SM00755	Grip	0.999999999997833	-2.16723780292259e-12	4	0	0	83	9882
SM00486	POLBc	0.999999999997833	-2.16723780292259e-12	4	0	0	83	9882
SM00889	EFG_IV	0.999999999997833	-2.16723780292259e-12	4	0	0	83	9882
SM00701	PGRP	0.999999999997833	-2.16723780292259e-12	4	0	0	83	9882
SM01240	IMPDH	0.999999999997833	-2.16723780292259e-12	4	0	0	83	9882
SM00094	TR_FER	0.999999999997833	-2.16723780292259e-12	4	0	0	83	9882
SM01392	MAGE_N	0.999999999997833	-2.16723780292259e-12	4	0	0	83	9882
SM00804	TAP_C	0.999999999997833	-2.16723780292259e-12	4	0	0	83	9882
SM00679	CTNS	0.999999999997833	-2.16723780292259e-12	4	0	0	83	9882
SM01338	NOD	0.999999999997833	-2.16723780292259e-12	4	0	0	83	9882
SM00206	NTR	0.999999999997833	-2.16723780292259e-12	4	0	0	83	9882
SM00426	TEA	0.999999999997833	-2.16723780292259e-12	4	0	0	83	9882
SM01339	NODP	0.999999999997833	-2.16723780292259e-12	4	0	0	83	9882
SM00484	XPGI	0.999999999997833	-2.16723780292259e-12	4	0	0	83	9882
SM01053	CaMBD	0.999999999997833	-2.16723780292259e-12	4	0	0	83	9882
SM01398	Cornichon	0.999999999997833	-2.16723780292259e-12	4	0	0	83	9882
SM00541	FYRN	0.999999999997833	-2.16723780292259e-12	4	0	0	83	9882
SM00564	PQQ	0.999999999997833	-2.16723780292259e-12	4	0	0	83	9882
SM01340	DNA_mis_repair	0.999999999997833	-2.16723780292259e-12	4	0	0	83	9882
SM00068	GHB	0.999999999997833	-2.16723780292259e-12	4	0	0	83	9882
SM00483	POLXc	0.999999999997833	-2.16723780292259e-12	4	0	0	83	9882
SM00750	KIND	0.999999999997833	-2.16723780292259e-12	4	0	0	83	9882
SM00197	SAA	0.999999999997833	-2.16723780292259e-12	4	0	0	83	9882
SM01263	Leuk-A4-hydro_C	0.999999999997833	-2.16723780292259e-12	4	0	0	83	9882
SM00476	DNaseIc	0.999999999997833	-2.16723780292259e-12	4	0	0	83	9882
SM00554	FAS1	0.999999999997833	-2.16723780292259e-12	4	0	0	83	9882
SM00112	CA	0.999999999998939	-1.06058824869917e-12	117	0	0	83	9882
SM01381	7TM_GPCR_Srsx	0.999999999999776	-2.23931897862259e-13	186	0	0	83	9882
SM01261	Thymopoietin	0.999999999999895	-1.05223121882325e-13	1	0	0	83	9882
SM01075	CDT1	0.999999999999895	-1.05223121882325e-13	1	0	0	83	9882
SM00798	AICARFT_IMPCHas	0.999999999999895	-1.05223121882325e-13	1	0	0	83	9882
SM00975	Telomerase_RBD	0.999999999999895	-1.05223121882325e-13	1	0	0	83	9882
SM01280	Mcm10	0.999999999999895	-1.05223121882325e-13	1	0	0	83	9882
SM01211	GATase_5	0.999999999999895	-1.05223121882325e-13	1	0	0	83	9882
SM00417	H4	0.999999999999895	-1.05223121882325e-13	1	0	0	83	9882
SM01001	AIRC	0.999999999999895	-1.05223121882325e-13	1	0	0	83	9882
SM01307	RICTOR_M	0.999999999999895	-1.05223121882325e-13	1	0	0	83	9882
SM01136	DKCLD	0.999999999999895	-1.05223121882325e-13	1	0	0	83	9882
SM00738	NGN	0.999999999999895	-1.05223121882325e-13	1	0	0	83	9882
SM00189	IL2	0.999999999999895	-1.05223121882325e-13	1	0	0	83	9882
SM01210	GARS_C	0.999999999999895	-1.05223121882325e-13	1	0	0	83	9882
SM01295	K167R	0.999999999999895	-1.05223121882325e-13	1	0	0	83	9882
SM00030	CLb	0.999999999999895	-1.05223121882325e-13	1	0	0	83	9882
SM01405	Ribosomal_S6e	0.999999999999895	-1.05223121882325e-13	1	0	0	83	9882
SM00507	HNHc	0.999999999999895	-1.05223121882325e-13	1	0	0	83	9882
SM01311	RPOL_N	0.999999999999895	-1.05223121882325e-13	1	0	0	83	9882
SM01183	EF1G	0.999999999999895	-1.05223121882325e-13	1	0	0	83	9882
SM01060	Catalase	0.999999999999895	-1.05223121882325e-13	1	0	0	83	9882
SM01344	NUC194	0.999999999999895	-1.05223121882325e-13	1	0	0	83	9882
SM01350	6PGD	0.999999999999895	-1.05223121882325e-13	1	0	0	83	9882
SM01335	PADR1	0.999999999999895	-1.05223121882325e-13	1	0	0	83	9882
SM00995	AD	0.999999999999895	-1.05223121882325e-13	1	0	0	83	9882
SM00910	HIRAN	0.999999999999895	-1.05223121882325e-13	1	0	0	83	9882
SM01129	DELLA	0.999999999999895	-1.05223121882325e-13	1	0	0	83	9882
SM01380	Ribosomal_L31e	0.999999999999895	-1.05223121882325e-13	1	0	0	83	9882
SM00567	EZ_HEAT	0.999999999999895	-1.05223121882325e-13	1	0	0	83	9882
SM00784	SPT2	0.999999999999895	-1.05223121882325e-13	1	0	0	83	9882
SM00071	Galanin	0.999999999999895	-1.05223121882325e-13	1	0	0	83	9882
SM01087	COG6	0.999999999999895	-1.05223121882325e-13	1	0	0	83	9882
SM00987	UreE_C	0.999999999999895	-1.05223121882325e-13	1	0	0	83	9882
SM00754	CHRD	0.999999999999895	-1.05223121882325e-13	1	0	0	83	9882
SM00817	Amelin	0.999999999999895	-1.05223121882325e-13	1	0	0	83	9882
SM01128	DDRGK	0.999999999999895	-1.05223121882325e-13	1	0	0	83	9882
SM01044	Btz	0.999999999999895	-1.05223121882325e-13	1	0	0	83	9882
SM00703	NRF	0.999999999999895	-1.05223121882325e-13	1	0	0	83	9882
SM01035	BOP1NT	0.999999999999895	-1.05223121882325e-13	1	0	0	83	9882
SM01310	RICTOR_V	0.999999999999895	-1.05223121882325e-13	1	0	0	83	9882
SM00535	RIBOc	0.999999999999895	-1.05223121882325e-13	1	0	0	83	9882
SM01395	Tbf5	0.999999999999895	-1.05223121882325e-13	1	0	0	83	9882
SM00944	Pro-kuma_activ	0.999999999999895	-1.05223121882325e-13	1	0	0	83	9882
SM00470	ParB	0.999999999999895	-1.05223121882325e-13	1	0	0	83	9882
SM00990	VRR_NUC	0.999999999999895	-1.05223121882325e-13	1	0	0	83	9882
SM00946	ProRS-C_1	0.999999999999895	-1.05223121882325e-13	1	0	0	83	9882
SM01385	DSS1_SEM1	0.999999999999895	-1.05223121882325e-13	1	0	0	83	9882
SM01158	DUF1741	0.999999999999895	-1.05223121882325e-13	1	0	0	83	9882
SM01169	DUF1943	0.999999999999895	-1.05223121882325e-13	1	0	0	83	9882
SM00709	Zpr1	0.999999999999895	-1.05223121882325e-13	1	0	0	83	9882
SM01162	DUF1771	0.999999999999895	-1.05223121882325e-13	1	0	0	83	9882
SM01133	DeoC	0.999999999999895	-1.05223121882325e-13	1	0	0	83	9882
SM01031	BHD_2	0.999999999999895	-1.05223121882325e-13	1	0	0	83	9882
SM01030	BHD_1	0.999999999999895	-1.05223121882325e-13	1	0	0	83	9882
SM01346	DUF3385	0.999999999999895	-1.05223121882325e-13	1	0	0	83	9882
SM01168	DUF1907	0.999999999999895	-1.05223121882325e-13	1	0	0	83	9882
SM01159	DUF1744	0.999999999999895	-1.05223121882325e-13	1	0	0	83	9882
SM00530	HTH_XRE	0.999999999999895	-1.05223121882325e-13	1	0	0	83	9882
SM01085	CK_II_beta	0.999999999999895	-1.05223121882325e-13	1	0	0	83	9882
SM01152	DUF167	0.999999999999895	-1.05223121882325e-13	1	0	0	83	9882
SM01123	DBP10CT	0.999999999999895	-1.05223121882325e-13	1	0	0	83	9882
SM01397	Ribosomal_S3Ae	0.999999999999895	-1.05223121882325e-13	1	0	0	83	9882
SM01118	CYTH	0.999999999999895	-1.05223121882325e-13	1	0	0	83	9882
SM01365	Op_neuropeptide	0.999999999999895	-1.05223121882325e-13	1	0	0	83	9882
SM00521	CBF	0.999999999999895	-1.05223121882325e-13	1	0	0	83	9882
SM01331	DUF3635	0.999999999999895	-1.05223121882325e-13	1	0	0	83	9882
SM00752	HTTM	0.999999999999895	-1.05223121882325e-13	1	0	0	83	9882
SM01348	Nbs1_C	0.999999999999895	-1.05223121882325e-13	1	0	0	83	9882
SM01221	FTCD	0.999999999999895	-1.05223121882325e-13	1	0	0	83	9882
SM00017	OSTEO	0.999999999999895	-1.05223121882325e-13	1	0	0	83	9882
SM00465	GIYc	0.999999999999895	-1.05223121882325e-13	1	0	0	83	9882
SM01077	Cg6151-P	0.999999999999895	-1.05223121882325e-13	1	0	0	83	9882
SM00805	AGTRAP	0.999999999999895	-1.05223121882325e-13	1	0	0	83	9882
SM01285	FACT-Spt16_Nlob	0.999999999999895	-1.05223121882325e-13	1	0	0	83	9882
SM00067	GHA	0.999999999999895	-1.05223121882325e-13	1	0	0	83	9882
SM01297	KAP	0.999999999999895	-1.05223121882325e-13	1	0	0	83	9882
SM01071	CDC37_N	0.999999999999895	-1.05223121882325e-13	1	0	0	83	9882
SM00719	Plus3	0.999999999999895	-1.05223121882325e-13	1	0	0	83	9882
SM01377	Ribosomal_L40e	0.999999999999895	-1.05223121882325e-13	1	0	0	83	9882
SM01173	DUF4187	0.999999999999895	-1.05223121882325e-13	1	0	0	83	9882
SM01186	eIF3_N	0.999999999999895	-1.05223121882325e-13	1	0	0	83	9882
SM00035	CLa	0.999999999999895	-1.05223121882325e-13	1	0	0	83	9882
SM00762	Cog4	0.999999999999895	-1.05223121882325e-13	1	0	0	83	9882
SM01124	DBR1	0.999999999999895	-1.05223121882325e-13	1	0	0	83	9882
SM01342	TAN	0.999999999999895	-1.05223121882325e-13	1	0	0	83	9882
SM01102	CRM1_C	0.999999999999895	-1.05223121882325e-13	1	0	0	83	9882
SM01220	FSA_C	0.999999999999895	-1.05223121882325e-13	1	0	0	83	9882
SM01156	DUF1716	0.999999999999895	-1.05223121882325e-13	1	0	0	83	9882
SM00870	Asparaginase	0.999999999999895	-1.05223121882325e-13	1	0	0	83	9882
SM01414	P68HR	0.999999999999895	-1.05223121882325e-13	1	0	0	83	9882
SM00731	SprT	0.999999999999895	-1.05223121882325e-13	1	0	0	83	9882
SM01219	Frataxin_Cyay	0.999999999999895	-1.05223121882325e-13	1	0	0	83	9882
SM00845	GatB_Yqey	0.999999999999895	-1.05223121882325e-13	1	0	0	83	9882
SM00254	ShKT	0.999999999999895	-1.05223121882325e-13	1	0	0	83	9882
SM00226	LMWPc	0.999999999999895	-1.05223121882325e-13	1	0	0	83	9882
SM01024	BCS1_N	0.999999999999895	-1.05223121882325e-13	1	0	0	83	9882
SM00986	UDG	0.999999999999895	-1.05223121882325e-13	1	0	0	83	9882
SM01148	DUF1220	0.999999999999895	-1.05223121882325e-13	1	0	0	83	9882
SM01262	LAMTOR	0.999999999999895	-1.05223121882325e-13	1	0	0	83	9882
SM00157	PRP	0.999999999999895	-1.05223121882325e-13	1	0	0	83	9882
SM00203	TK	0.999999999999895	-1.05223121882325e-13	1	0	0	83	9882
SM00658	RPOL8c	0.999999999999895	-1.05223121882325e-13	1	0	0	83	9882
SM01308	RICTOR_N	0.999999999999895	-1.05223121882325e-13	1	0	0	83	9882
SM01386	Ribosomal_S13_N	0.999999999999895	-1.05223121882325e-13	1	0	0	83	9882
SM01016	Arg_tRNA_synt_N	0.999999999999895	-1.05223121882325e-13	1	0	0	83	9882
SM00802	UME	0.999999999999895	-1.05223121882325e-13	1	0	0	83	9882
SM00934	OMPdecase	0.999999999999895	-1.05223121882325e-13	1	0	0	83	9882
SM01302	Raptor_N	0.999999999999895	-1.05223121882325e-13	1	0	0	83	9882
SM01356	AP4E_app_platf	0.999999999999895	-1.05223121882325e-13	1	0	0	83	9882
SM00659	RPOLCX	0.999999999999895	-1.05223121882325e-13	1	0	0	83	9882
SM01309	RICTOR_phospho	0.999999999999895	-1.05223121882325e-13	1	0	0	83	9882
SM01223	FTO_NTD	0.999999999999895	-1.05223121882325e-13	1	0	0	83	9882
SM01191	ENT	0.999999999999895	-1.05223121882325e-13	1	0	0	83	9882
SM00858	SAF	0.999999999999895	-1.05223121882325e-13	1	0	0	83	9882
SM01413	Ribosomal_S19e	0.999999999999895	-1.05223121882325e-13	1	0	0	83	9882
SM01018	B12-binding_2	0.999999999999895	-1.05223121882325e-13	1	0	0	83	9882
SM01155	DUF1713	0.999999999999895	-1.05223121882325e-13	1	0	0	83	9882
SM01082	CHZ	0.999999999999895	-1.05223121882325e-13	1	0	0	83	9882
SM01393	Ribosomal_L32e	0.999999999999895	-1.05223121882325e-13	1	0	0	83	9882
SM01197	FANCL_C	0.999999999999895	-1.05223121882325e-13	1	0	0	83	9882
SM00818	Amelogenin	0.999999999999895	-1.05223121882325e-13	1	0	0	83	9882
SM01069	CDC37_C	0.999999999999895	-1.05223121882325e-13	1	0	0	83	9882
SM01273	Mago-bind	0.999999999999895	-1.05223121882325e-13	1	0	0	83	9882
SM00823	PKS_PP	0.999999999999895	-1.05223121882325e-13	1	0	0	83	9882
SM01033	BING4CT	0.999999999999895	-1.05223121882325e-13	1	0	0	83	9882
SM01286	SPT16	0.999999999999895	-1.05223121882325e-13	1	0	0	83	9882
SM00859	Semialdhyde_dh	0.999999999999895	-1.05223121882325e-13	1	0	0	83	9882
SM00084	NMU	0.999999999999895	-1.05223121882325e-13	1	0	0	83	9882
SM01306	RFX5_DNA_bdg	0.999999999999895	-1.05223121882325e-13	1	0	0	83	9882
SM00040	CSF2	0.999999999999895	-1.05223121882325e-13	1	0	0	83	9882
SM01352	APCDDC	0.999999999999895	-1.05223121882325e-13	1	0	0	83	9882
SM01120	Dak2	0.999999999999895	-1.05223121882325e-13	1	0	0	83	9882
SM01404	CIMR	0.999999999999895	-1.05223121882325e-13	1	0	0	83	9882
SM00026	EPEND	0.999999999999895	-1.05223121882325e-13	1	0	0	83	9882
SM00874	B5	0.999999999999895	-1.05223121882325e-13	1	0	0	83	9882
SM01422	SARA	0.999999999999895	-1.05223121882325e-13	1	0	0	83	9882
SM01209	GARS_A	0.999999999999895	-1.05223121882325e-13	1	0	0	83	9882
SM00748	HEPN	0.999999999999895	-1.05223121882325e-13	1	0	0	83	9882
SM01296	N2227	0.999999999999895	-1.05223121882325e-13	1	0	0	83	9882
SM00654	eIF6	0.999999999999895	-1.05223121882325e-13	1	0	0	83	9882
SM01254	KLRAQ	0.999999999999895	-1.05223121882325e-13	1	0	0	83	9882
SM00932	Nfu_N	0.999999999999895	-1.05223121882325e-13	1	0	0	83	9882
SM01406	PAPA-1	0.999999999999895	-1.05223121882325e-13	1	0	0	83	9882
SM01135	DIRP	0.999999999999895	-1.05223121882325e-13	1	0	0	83	9882
SM01284	ECSIT_Cterm	0.999999999999895	-1.05223121882325e-13	1	0	0	83	9882
SM00684	DM15	0.999999999999895	-1.05223121882325e-13	1	0	0	83	9882
SM01180	DWNN	0.999999999999895	-1.05223121882325e-13	1	0	0	83	9882
SM01032	BHD_3	0.999999999999895	-1.05223121882325e-13	1	0	0	83	9882
SM01013	APC2	0.999999999999895	-1.05223121882325e-13	1	0	0	83	9882
SM00998	ADSL_C	0.999999999999895	-1.05223121882325e-13	1	0	0	83	9882
SM00928	NADH_4Fe-4S	0.999999999999895	-1.05223121882325e-13	1	0	0	83	9882
SM01353	AIF_C	0.999999999999895	-1.05223121882325e-13	1	0	0	83	9882
SM00883	Cpn10	0.999999999999895	-1.05223121882325e-13	1	0	0	83	9882
SM01098	CPSF73-100_C	0.999999999999895	-1.05223121882325e-13	1	0	0	83	9882
SM00743	Agenet	0.999999999999895	-1.05223121882325e-13	1	0	0	83	9882
SM01004	ALAD	0.999999999999895	-1.05223121882325e-13	1	0	0	83	9882
SM01363	ACTH_domain	0.999999999999895	-1.05223121882325e-13	1	0	0	83	9882
SM00839	ELFV_dehydrog	0.999999999999895	-1.05223121882325e-13	1	0	0	83	9882
SM01214	Fmp27_GFWDK	0.999999999999895	-1.05223121882325e-13	1	0	0	83	9882
SM01125	DCP2	0.999999999999895	-1.05223121882325e-13	1	0	0	83	9882
SM00904	Flavokinase	0.999999999999895	-1.05223121882325e-13	1	0	0	83	9882
SM00929	NADH-G_4Fe-4S_3	0.999999999999895	-1.05223121882325e-13	1	0	0	83	9882
SM00898	Fapy_DNA_glyco	0.999999999999895	-1.05223121882325e-13	1	0	0	83	9882
SM01181	E2_bind	0.999999999999895	-1.05223121882325e-13	1	0	0	83	9882
SM01278	MAPKK1_Int	0.999999999999895	-1.05223121882325e-13	1	0	0	83	9882
SM00538	POP4	0.999999999999895	-1.05223121882325e-13	1	0	0	83	9882
SM01264	M16C_associated	0.999999999999895	-1.05223121882325e-13	1	0	0	83	9882
SM01160	DUF1751	0.999999999999895	-1.05223121882325e-13	1	0	0	83	9882
SM00983	TPK_B1_binding	0.999999999999895	-1.05223121882325e-13	1	0	0	83	9882
SM00683	DM16	0.999999999999895	-1.05223121882325e-13	1	0	0	83	9882
SM00941	PYNP_C	0.999999999999895	-1.05223121882325e-13	1	0	0	83	9882
SM01303	RasGEF_N_2	0.999999999999895	-1.05223121882325e-13	1	0	0	83	9882
SM01253	Kin17_mid	0.999999999999895	-1.05223121882325e-13	1	0	0	83	9882
SM00023	COLIPASE	0.999999999999895	-1.05223121882325e-13	1	0	0	83	9882
SM01347	Mre11_DNA_bind	0.999999999999895	-1.05223121882325e-13	1	0	0	83	9882
SM01402	Ribosomal_S27	0.999999999999895	-1.05223121882325e-13	1	0	0	83	9882
SM01204	FIST_C	0.999999999999895	-1.05223121882325e-13	1	0	0	83	9882
SM01396	BC10	0.999999999999895	-1.05223121882325e-13	1	0	0	83	9882
SM00463	SMR	0.999999999999895	-1.05223121882325e-13	1	0	0	83	9882
SM01354	BLVR	0.999999999999895	-1.05223121882325e-13	1	0	0	83	9882
SM01222	FTCD_N	0.999999999999895	-1.05223121882325e-13	1	0	0	83	9882
SM01409	RNA_pol_Rpb6	0.999999999999895	-1.05223121882325e-13	1	0	0	83	9882
SM01384	Ribosomal_L15e	0.999999999999895	-1.05223121882325e-13	1	0	0	83	9882
SM00826	PKS_DH	0.999999999999895	-1.05223121882325e-13	1	0	0	83	9882
SM00245	TSPc	0.999999999999895	-1.05223121882325e-13	1	0	0	83	9882
SM01379	GAGE	0.999999999999895	-1.05223121882325e-13	1	0	0	83	9882
SM01036	BP28CT	0.999999999999895	-1.05223121882325e-13	1	0	0	83	9882
SM00780	PIG-X	0.999999999999895	-1.05223121882325e-13	1	0	0	83	9882
SM00613	PAW	0.999999999999895	-1.05223121882325e-13	1	0	0	83	9882
SM00318	SNc	0.999999999999895	-1.05223121882325e-13	1	0	0	83	9882
SM01378	Romo1	0.999999999999895	-1.05223121882325e-13	1	0	0	83	9882
SM01341	Tower	0.999999999999895	-1.05223121882325e-13	1	0	0	83	9882
SM01228	GIDA_assoc_3	0.999999999999895	-1.05223121882325e-13	1	0	0	83	9882
SM01364	NPP	0.999999999999895	-1.05223121882325e-13	1	0	0	83	9882
SM00127	IL7	0.999999999999895	-1.05223121882325e-13	1	0	0	83	9882
SM01047	C1_4	0.999999999999895	-1.05223121882325e-13	1	0	0	83	9882
SM00984	UDPG_MGDP_dh_C	0.999999999999895	-1.05223121882325e-13	1	0	0	83	9882
SM01416	Ribosomal_L19e	0.999999999999895	-1.05223121882325e-13	1	0	0	83	9882
SM00019	SF_P	0.999999999999895	-1.05223121882325e-13	1	0	0	83	9882
SM00457	MACPF	0.999999999999936	-6.35404896896699e-14	13	0	0	83	9882
SM00230	CysPc	0.999999999999936	-6.35404896896699e-14	13	0	0	83	9882
SM00156	PP2Ac	0.999999999999936	-6.35404896896699e-14	13	0	0	83	9882
SM00427	H2B	0.999999999999936	-6.35404896896699e-14	13	0	0	83	9882
SM00036	CNH	0.999999999999936	-6.35404896896699e-14	13	0	0	83	9882
SM00569	L27	0.999999999999936	-6.35404896896699e-14	13	0	0	83	9882
SM01195	FA	0.999999999999936	-6.35404896896699e-14	13	0	0	83	9882
SM00479	EXOIII	0.999999999999936	-6.35404896896699e-14	13	0	0	83	9882
SM00323	RasGAP	0.999999999999936	-6.35404896896699e-14	13	0	0	83	9882
SM00698	MORN	0.999999999999936	-6.35404896896699e-14	13	0	0	83	9882
SM00526	H15	0.999999999999936	-6.35404896896699e-14	13	0	0	83	9882
SM00543	MIF4G	1.00000000000056	5.57481901451995e-13	10	0	0	83	9882
SM01017	Arrestin_C	1.00000000000056	5.57481901451995e-13	10	0	0	83	9882
SM00102	ADF	1.00000000000056	5.57481901451995e-13	10	0	0	83	9882
SM00251	SAM_PNT	1.00000000000056	5.57481901451995e-13	10	0	0	83	9882
SM00591	RWD	1.00000000000056	5.57481901451995e-13	10	0	0	83	9882
SM00745	MIT	1.00000000000056	5.57481901451995e-13	10	0	0	83	9882
SM00128	IPPc	1.00000000000056	5.57481901451995e-13	10	0	0	83	9882
SM01052	CAP_GLY	1.00000000000056	5.57481901451995e-13	10	0	0	83	9882
SM01190	EMP24_GP25L	1.00000000000056	5.57481901451995e-13	10	0	0	83	9882
SM01039	BRICHOS	1.00000000000056	5.57481901451995e-13	10	0	0	83	9882
SM00472	MIR	1.00000000000056	5.57481901451995e-13	10	0	0	83	9882
SM00045	DAGKa	1.00000000000056	5.57481901451995e-13	10	0	0	83	9882
SM01100	CRAL_TRIO_N	1.00000000000056	5.57481901451995e-13	10	0	0	83	9882
SM01372	E2F_TDP	1.00000000000056	5.57481901451995e-13	10	0	0	83	9882
SM00091	PAS	1.00000000000165	1.65285889256965e-12	24	0	0	83	9882
SM01411	Ephrin_rec_like	1.00000000000165	1.65285889256965e-12	24	0	0	83	9882
SM00361	RRM_1	1.00000000000165	1.65285889256965e-12	24	0	0	83	9882
SM00076	IFabd	1.00000000000165	1.65285889256965e-12	24	0	0	83	9882
SM01394	S_100	1.00000000000165	1.65285889256965e-12	24	0	0	83	9882
SM00008	HormR	1.00000000000165	1.65285889256965e-12	24	0	0	83	9882
SM00120	HX	1.00000000000165	1.65285889256965e-12	24	0	0	83	9882
SM00020	Tryp_SPc	1.0000000000022	2.20365476117682e-12	153	0	0	83	9882
SM00055	FCH	1.00000000000265	2.65444129603211e-12	20	0	0	83	9882
SM00397	t_SNARE	1.00000000000265	2.65444129603211e-12	20	0	0	83	9882
SM00231	FA58C	1.00000000000265	2.65444129603211e-12	20	0	0	83	9882
SM00443	G_patch	1.00000000000265	2.65444129603211e-12	20	0	0	83	9882
SM00215	VWC_out	1.00000000000265	2.65444129603211e-12	20	0	0	83	9882
SM00044	CYCc	1.00000000000265	2.65444129603211e-12	20	0	0	83	9882
SM00063	FRI	1.00000000000265	2.65444129603211e-12	20	0	0	83	9882
SM00332	PP2Cc	1.00000000000265	2.65444129603211e-12	20	0	0	83	9882
SM00253	SOCS	1.00000000000265	2.65444129603211e-12	20	0	0	83	9882
SM00041	CT	1.00000000000265	2.65444129603211e-12	20	0	0	83	9882
SM00293	PWWP	1.00000000000265	2.65444129603211e-12	20	0	0	83	9882
SM00547	ZnF_RBZ	1.00000000000265	2.65444129603211e-12	20	0	0	83	9882
SM01140	Drf_GBD	1.00000000000277	2.76619796949857e-12	9	0	0	83	9882
SM00085	PA2c	1.00000000000277	2.76619796949857e-12	9	0	0	83	9882
SM00145	PI3Ka	1.00000000000277	2.76619796949857e-12	9	0	0	83	9882
SM00561	MBT	1.00000000000277	2.76619796949857e-12	9	0	0	83	9882
SM01139	Drf_FH3	1.00000000000277	2.76619796949857e-12	9	0	0	83	9882
SM00855	PGAM	1.00000000000277	2.76619796949857e-12	9	0	0	83	9882
SM00537	DCX	1.00000000000277	2.76619796949857e-12	9	0	0	83	9882
SM00141	PDGF	1.00000000000277	2.76619796949857e-12	9	0	0	83	9882
SM00387	HATPase_c	1.00000000000277	2.76619796949857e-12	9	0	0	83	9882
SM00350	MCM	1.00000000000277	2.76619796949857e-12	9	0	0	83	9882
SM00351	PAX	1.00000000000277	2.76619796949857e-12	9	0	0	83	9882
SM00849	Lactamase_B	1.00000000000277	2.76619796949857e-12	9	0	0	83	9882
SM01349	TOG	1.00000000000277	2.76619796949857e-12	9	0	0	83	9882
SM00727	STI1	1.00000000000277	2.76619796949857e-12	9	0	0	83	9882
SM00187	INB	1.00000000000277	2.76619796949857e-12	9	0	0	83	9882
SM00674	CENPB	1.00000000000277	2.76619796949857e-12	9	0	0	83	9882
SM00809	Alpha_adaptinC2	1.00000000000277	2.76619796949857e-12	9	0	0	83	9882
SM00652	eIF1a	1.00000000000277	2.76619796949857e-12	9	0	0	83	9882
SM00545	JmjN	1.00000000000277	2.76619796949857e-12	9	0	0	83	9882
SM00668	CTLH	1.00000000000277	2.76619796949857e-12	9	0	0	83	9882
SM00078	IlGF	1.00000000000277	2.76619796949857e-12	9	0	0	83	9882
SM00316	S1	1.00000000000277	2.76619796949857e-12	9	0	0	83	9882
SM00218	ZU5	1.00000000000277	2.76619796949857e-12	9	0	0	83	9882
SM00273	ENTH	1.00000000000277	2.76619796949857e-12	9	0	0	83	9882
SM00393	R3H	1.00000000000277	2.76619796949857e-12	9	0	0	83	9882
SM01026	Beach	1.00000000000277	2.76619796949857e-12	9	0	0	83	9882
SM00875	BACK	1.00000000000312	3.11497091550289e-12	57	0	0	83	9882
SM00739	KOW	1.00000000000447	4.46897246924737e-12	5	0	0	83	9882
SM00321	WSC	1.00000000000447	4.46897246924737e-12	5	0	0	83	9882
SM00331	PP2C_SIG	1.00000000000447	4.46897246924737e-12	5	0	0	83	9882
SM00580	PUG	1.00000000000447	4.46897246924737e-12	5	0	0	83	9882
SM01163	DUF1785	1.00000000000447	4.46897246924737e-12	5	0	0	83	9882
SM01015	Arfaptin	1.00000000000447	4.46897246924737e-12	5	0	0	83	9882
SM00103	ALBUMIN	1.00000000000447	4.46897246924737e-12	5	0	0	83	9882
SM00891	ERCC4	1.00000000000447	4.46897246924737e-12	5	0	0	83	9882
SM01270	Longin	1.00000000000447	4.46897246924737e-12	5	0	0	83	9882
SM00642	Aamy	1.00000000000447	4.46897246924737e-12	5	0	0	83	9882
SM00991	WHEP-TRS	1.00000000000447	4.46897246924737e-12	5	0	0	83	9882
SM01145	DUF1041	1.00000000000447	4.46897246924737e-12	5	0	0	83	9882
SM00549	TAFH	1.00000000000447	4.46897246924737e-12	5	0	0	83	9882
SM00446	LRRcap	1.00000000000447	4.46897246924737e-12	5	0	0	83	9882
SM00570	AWS	1.00000000000447	4.46897246924737e-12	5	0	0	83	9882
SM00571	DDT	1.00000000000447	4.46897246924737e-12	5	0	0	83	9882
SM00733	Mterf	1.00000000000447	4.46897246924737e-12	5	0	0	83	9882
SM00765	MANEC	1.00000000000447	4.46897246924737e-12	5	0	0	83	9882
SM00534	MUTSac	1.00000000000447	4.46897246924737e-12	5	0	0	83	9882
SM00264	BAG	1.00000000000447	4.46897246924737e-12	5	0	0	83	9882
SM00160	RanBD	1.00000000000447	4.46897246924737e-12	5	0	0	83	9882
SM01008	Ald_Xan_dh_C	1.00000000000447	4.46897246924737e-12	5	0	0	83	9882
SM00533	MUTSd	1.00000000000447	4.46897246924737e-12	5	0	0	83	9882
SM00588	NEUZ	1.00000000000447	4.46897246924737e-12	5	0	0	83	9882
SM00673	CARP	1.00000000000447	4.46897246924737e-12	5	0	0	83	9882
SM00602	VPS10	1.00000000000447	4.46897246924737e-12	5	0	0	83	9882
SM00539	NIDO	1.00000000000447	4.46897246924737e-12	5	0	0	83	9882
SM00892	Endonuclease_NS	1.00000000000447	4.46897246924737e-12	5	0	0	83	9882
SM00838	EFG_C	1.00000000000447	4.46897246924737e-12	5	0	0	83	9882
SM01092	CO_deh_flav_C	1.00000000000447	4.46897246924737e-12	5	0	0	83	9882
SM00614	ZnF_BED	1.00000000000447	4.46897246924737e-12	5	0	0	83	9882
SM00678	WWE	1.00000000000447	4.46897246924737e-12	5	0	0	83	9882
SM00664	DoH	1.00000000000447	4.46897246924737e-12	5	0	0	83	9882
SM00428	H3	1.00000000000447	4.46897246924737e-12	5	0	0	83	9882
SM01041	BRO1	1.00000000000447	4.46897246924737e-12	5	0	0	83	9882
SM00266	CAD	1.00000000000447	4.46897246924737e-12	5	0	0	83	9882
SM00879	Brix	1.00000000000447	4.46897246924737e-12	5	0	0	83	9882
SM00872	Alpha-mann_mid	1.00000000000447	4.46897246924737e-12	5	0	0	83	9882
SM00089	PKD	1.00000000000447	4.46897246924737e-12	5	0	0	83	9882
SM00878	Biotin_carb_C	1.00000000000447	4.46897246924737e-12	5	0	0	83	9882
SM01408	ING	1.00000000000447	4.46897246924737e-12	5	0	0	83	9882
SM00584	TLDc	1.00000000000447	4.46897246924737e-12	5	0	0	83	9882
SM00572	DZF	1.00000000000447	4.46897246924737e-12	5	0	0	83	9882
SM00540	LEM	1.00000000000447	4.46897246924737e-12	5	0	0	83	9882
SM00450	RHOD	1.00000000000468	4.68027700287441e-12	23	0	0	83	9882
SM00092	RNAse_Pc	1.00000000000468	4.68027700287441e-12	23	0	0	83	9882
SM00458	RICIN	1.00000000000468	4.68027700287441e-12	23	0	0	83	9882
SM00105	ArfGap	1.00000000000468	4.68027700287441e-12	23	0	0	83	9882
SM00208	TNFR	1.00000000000468	4.68027700287441e-12	23	0	0	83	9882
SM00451	ZnF_U1	1.00000000000513	5.13101975832806e-12	29	0	0	83	9882
SM00235	ZnMc	1.00000000000513	5.13101975832806e-12	29	0	0	83	9882
SM00110	C1Q	1.00000000000513	5.13101975832806e-12	29	0	0	83	9882
SM00558	JmjC	1.00000000000513	5.13101975832806e-12	29	0	0	83	9882
SM00180	EGF_Lam	1.00000000000527	5.27454012865446e-12	35	0	0	83	9882
SM00204	TGFB	1.00000000000527	5.27454012865446e-12	35	0	0	83	9882
SM00969	SOCS_box	1.00000000000527	5.27454012865446e-12	35	0	0	83	9882
SM00090	RIO	1.00000000000644	6.43551168439438e-12	3	0	0	83	9882
SM01300	PEHE	1.00000000000644	6.43551168439438e-12	3	0	0	83	9882
SM00650	rADc	1.00000000000644	6.43551168439438e-12	3	0	0	83	9882
SM01147	DUF1087	1.00000000000644	6.43551168439438e-12	3	0	0	83	9882
SM01257	KRAP_IP3R_bind	1.00000000000644	6.43551168439438e-12	3	0	0	83	9882
SM00444	GYF	1.00000000000644	6.43551168439438e-12	3	0	0	83	9882
SM01260	LANC_like	1.00000000000644	6.43551168439438e-12	3	0	0	83	9882
SM00704	ZnF_CDGSH	1.00000000000644	6.43551168439438e-12	3	0	0	83	9882
SM00722	CASH	1.00000000000644	6.43551168439438e-12	3	0	0	83	9882
SM00736	CADG	1.00000000000644	6.43551168439438e-12	3	0	0	83	9882
SM00960	Robl_LC7	1.00000000000644	6.43551168439438e-12	3	0	0	83	9882
SM01051	CAMSAP_CKK	1.00000000000644	6.43551168439438e-12	3	0	0	83	9882
SM00981	THUMP	1.00000000000644	6.43551168439438e-12	3	0	0	83	9882
SM01199	FDF	1.00000000000644	6.43551168439438e-12	3	0	0	83	9882
SM01176	DUF4208	1.00000000000644	6.43551168439438e-12	3	0	0	83	9882
SM00305	HintC	1.00000000000644	6.43551168439438e-12	3	0	0	83	9882
SM00265	BH4	1.00000000000644	6.43551168439438e-12	3	0	0	83	9882
SM00851	MGS	1.00000000000644	6.43551168439438e-12	3	0	0	83	9882
SM01275	MamL-1	1.00000000000644	6.43551168439438e-12	3	0	0	83	9882
SM01367	DUF3452	1.00000000000644	6.43551168439438e-12	3	0	0	83	9882
SM00773	WGR	1.00000000000644	6.43551168439438e-12	3	0	0	83	9882
SM00300	ChSh	1.00000000000644	6.43551168439438e-12	3	0	0	83	9882
SM00931	NOSIC	1.00000000000644	6.43551168439438e-12	3	0	0	83	9882
SM01271	LSM14	1.00000000000644	6.43551168439438e-12	3	0	0	83	9882
SM00997	AdoHcyase_NAD	1.00000000000644	6.43551168439438e-12	3	0	0	83	9882
SM01065	CBM_2	1.00000000000644	6.43551168439438e-12	3	0	0	83	9882
SM00985	UBA_e1_C	1.00000000000644	6.43551168439438e-12	3	0	0	83	9882
SM00706	TECPR	1.00000000000644	6.43551168439438e-12	3	0	0	83	9882
SM01401	Sds3	1.00000000000644	6.43551168439438e-12	3	0	0	83	9882
SM00311	PWI	1.00000000000644	6.43551168439438e-12	3	0	0	83	9882
SM00183	NAT_PEP	1.00000000000644	6.43551168439438e-12	3	0	0	83	9882
SM01305	RESP18	1.00000000000644	6.43551168439438e-12	3	0	0	83	9882
SM00057	FIMAC	1.00000000000644	6.43551168439438e-12	3	0	0	83	9882
SM00712	PUR	1.00000000000644	6.43551168439438e-12	3	0	0	83	9882
SM00113	CALCITONIN	1.00000000000644	6.43551168439438e-12	3	0	0	83	9882
SM01370	TAFII55_N	1.00000000000644	6.43551168439438e-12	3	0	0	83	9882
SM01246	Josephin	1.00000000000644	6.43551168439438e-12	3	0	0	83	9882
SM00758	PA14	1.00000000000644	6.43551168439438e-12	3	0	0	83	9882
SM00594	UAS	1.00000000000644	6.43551168439438e-12	3	0	0	83	9882
SM00272	END	1.00000000000644	6.43551168439438e-12	3	0	0	83	9882
SM00482	POLAc	1.00000000000644	6.43551168439438e-12	3	0	0	83	9882
SM01212	Fib_alpha	1.00000000000644	6.43551168439438e-12	3	0	0	83	9882
SM01334	DUF3454	1.00000000000644	6.43551168439438e-12	3	0	0	83	9882
SM00459	Sorb	1.00000000000644	6.43551168439438e-12	3	0	0	83	9882
SM01366	c-clamp	1.00000000000644	6.43551168439438e-12	3	0	0	83	9882
SM01269	Lipid_DES	1.00000000000644	6.43551168439438e-12	3	0	0	83	9882
SM01073	CDC48_N	1.00000000000644	6.43551168439438e-12	3	0	0	83	9882
SM00682	G2F	1.00000000000644	6.43551168439438e-12	3	0	0	83	9882
SM01274	malic	1.00000000000644	6.43551168439438e-12	3	0	0	83	9882
SM00363	S4	1.00000000000644	6.43551168439438e-12	3	0	0	83	9882
SM00916	L51_S25_CI-B8	1.00000000000644	6.43551168439438e-12	3	0	0	83	9882
SM01403	Ribosomal_S10	1.00000000000644	6.43551168439438e-12	3	0	0	83	9882
SM00151	SWIB	1.00000000000644	6.43551168439438e-12	3	0	0	83	9882
SM00278	HhH1	1.00000000000644	6.43551168439438e-12	3	0	0	83	9882
SM01218	FoP_duplication	1.00000000000644	6.43551168439438e-12	3	0	0	83	9882
SM00143	PI3K_p85B	1.00000000000644	6.43551168439438e-12	3	0	0	83	9882
SM01369	Rb_C	1.00000000000644	6.43551168439438e-12	3	0	0	83	9882
SM00473	PAN_AP	1.00000000000644	6.43551168439438e-12	3	0	0	83	9882
SM01333	Tet_JBP	1.00000000000644	6.43551168439438e-12	3	0	0	83	9882
SM00341	HRDC	1.00000000000644	6.43551168439438e-12	3	0	0	83	9882
SM00962	SRP54	1.00000000000644	6.43551168439438e-12	3	0	0	83	9882
SM00919	Malic_M	1.00000000000644	6.43551168439438e-12	3	0	0	83	9882
SM01368	RB_A	1.00000000000644	6.43551168439438e-12	3	0	0	83	9882
SM00882	CoA_trans	1.00000000000644	6.43551168439438e-12	3	0	0	83	9882
SM01146	DUF1086	1.00000000000644	6.43551168439438e-12	3	0	0	83	9882
SM00002	PLP	1.00000000000644	6.43551168439438e-12	3	0	0	83	9882
SM00672	CAP10	1.00000000000644	6.43551168439438e-12	3	0	0	83	9882
SM00963	SRP54_N	1.00000000000644	6.43551168439438e-12	3	0	0	83	9882
SM01279	Matrilin_ccoil	1.00000000000644	6.43551168439438e-12	3	0	0	83	9882
SM00478	ENDO3c	1.00000000000644	6.43551168439438e-12	3	0	0	83	9882
SM00576	BTP	1.00000000000644	6.43551168439438e-12	3	0	0	83	9882
SM00309	PAH	1.00000000000644	6.43551168439438e-12	3	0	0	83	9882
SM01083	Cir_N	1.00000000000644	6.43551168439438e-12	3	0	0	83	9882
SM00553	SEP	1.00000000000644	6.43551168439438e-12	3	0	0	83	9882
SM01151	DUF1518	1.00000000000644	6.43551168439438e-12	3	0	0	83	9882
SM00803	TAF	1.00000000000644	6.43551168439438e-12	3	0	0	83	9882
SM00006	A4_EXTRA	1.00000000000644	6.43551168439438e-12	3	0	0	83	9882
SM00751	BSD	1.00000000000644	6.43551168439438e-12	3	0	0	83	9882
SM01424	HAP1_N	1.00000000000644	6.43551168439438e-12	3	0	0	83	9882
SM00536	AXH	1.00000000000644	6.43551168439438e-12	3	0	0	83	9882
SM01299	PIP49_N	1.00000000000644	6.43551168439438e-12	3	0	0	83	9882
SM01276	M60-like	1.00000000000644	6.43551168439438e-12	3	0	0	83	9882
SM00676	DM10	1.00000000000644	6.43551168439438e-12	3	0	0	83	9882
SM00438	ZnF_NFX	1.00000000000644	6.43551168439438e-12	3	0	0	83	9882
SM00735	ZM	1.00000000000644	6.43551168439438e-12	3	0	0	83	9882
SM00663	RPOLA_N	1.00000000000644	6.43551168439438e-12	3	0	0	83	9882
SM00306	HintN	1.00000000000644	6.43551168439438e-12	3	0	0	83	9882
SM00836	DALR_1	1.00000000000644	6.43551168439438e-12	3	0	0	83	9882
SM01084	CKS	1.00000000000644	6.43551168439438e-12	3	0	0	83	9882
SM01232	H2TH	1.00000000000644	6.43551168439438e-12	3	0	0	83	9882
SM00996	AdoHcyase	1.00000000000644	6.43551168439438e-12	3	0	0	83	9882
SM00097	WNT1	1.00000000000677	6.77317052794996e-12	19	0	0	83	9882
SM00651	Sm	1.00000000000677	6.77317052794996e-12	19	0	0	83	9882
SM01089	Connexin_CCC	1.00000000000677	6.77317052794996e-12	19	0	0	83	9882
SM00292	BRCT	1.00000000000677	6.77317052794996e-12	19	0	0	83	9882
SM00121	IB	1.00000000000677	6.77317052794996e-12	19	0	0	83	9882
SM00191	Int_alpha	1.00000000000677	6.77317052794996e-12	19	0	0	83	9882
SM00131	KU	1.00000000000677	6.77317052794996e-12	19	0	0	83	9882
SM00864	Tubulin	1.00000000000677	6.77317052794996e-12	19	0	0	83	9882
SM00315	RGS	1.00000000000711	7.11141988444768e-12	34	0	0	83	9882
SM00214	VWC	1.00000000000711	7.11141988444768e-12	34	0	0	83	9882
SM00589	PRY	1.00000000000711	7.11141988444768e-12	34	0	0	83	9882
SM00630	Sema	1.00000000000729	7.29186760407704e-12	31	0	0	83	9882
SM00100	cNMP	1.00000000000729	7.29186760407704e-12	31	0	0	83	9882
SM01418	Defensin_propep	1.00000000000729	7.29186760407704e-12	31	0	0	83	9882
SM00165	UBA	1.00000000000729	7.29186760407704e-12	31	0	0	83	9882
SM00013	LRRNT	1.00000000000731	7.31294661519653e-12	53	0	0	83	9882
SM00256	FBOX	1.00000000000731	7.31294661519653e-12	53	0	0	83	9882
SM00129	KISc	1.00000000000776	7.76271875706257e-12	41	0	0	83	9882
SM00212	UBCc	1.00000000000776	7.76271875706257e-12	41	0	0	83	9882
SM00177	ARF	1.00000000000776	7.76271875706257e-12	41	0	0	83	9882
SM00185	ARM	1.00000000000776	7.76271875706257e-12	41	0	0	83	9882
SM00423	PSI	1.00000000000844	8.44286009772105e-12	40	0	0	83	9882
SM00462	PTB	1.00000000000844	8.44286009772105e-12	40	0	0	83	9882
SM00282	LamG	1.00000000000844	8.44286009772105e-12	40	0	0	83	9882
SM00364	LRR_BAC	1.00000000000856	8.55596699024325e-12	56	0	0	83	9882
SM00015	IQ	1.00000000000981	9.81000115799211e-12	52	0	0	83	9882
SM00037	CNX	1.00000000000984	9.83795888727095e-12	18	0	0	83	9882
SM00291	ZnF_ZZ	1.00000000000984	9.83795888727095e-12	18	0	0	83	9882
SM01057	Carb_anhydrase	1.00000000000984	9.83795888727095e-12	18	0	0	83	9882
SM00865	Tubulin_C	1.00000000000984	9.83795888727095e-12	18	0	0	83	9882
SM00918	Lig_chan-Glu_bd	1.00000000000984	9.83795888727095e-12	18	0	0	83	9882
SM00593	RUN	1.00000000000984	9.83795888727095e-12	18	0	0	83	9882
SM00014	acidPPc	1.00000000000984	9.83795888727095e-12	18	0	0	83	9882
SM00079	PBPe	1.00000000000984	9.83795888727095e-12	18	0	0	83	9882
SM00148	PLCXc	1.00000000000984	9.83795888727095e-12	18	0	0	83	9882
SM00308	LH2	1.00000000000984	9.83795888727095e-12	18	0	0	83	9882
SM00847	HA2	1.00000000000984	9.83795888727095e-12	18	0	0	83	9882
SM00336	BBOX	1.00000000001033	1.03328548190841e-11	58	0	0	83	9882
SM00043	CY	1.00000000001095	1.09471851193861e-11	26	0	0	83	9882
SM00268	ACTIN	1.00000000001095	1.09471851193861e-11	26	0	0	83	9882
SM00413	ETS	1.00000000001095	1.09471851193861e-11	26	0	0	83	9882
SM00425	TBOX	1.00000000001118	1.11806426941274e-11	17	0	0	83	9882
SM00261	FU	1.00000000001118	1.11806426941274e-11	17	0	0	83	9882
SM00211	TY	1.00000000001118	1.11806426941274e-11	17	0	0	83	9882
SM00631	Zn_pept	1.00000000001118	1.11806426941274e-11	17	0	0	83	9882
SM00061	MATH	1.00000000001118	1.11806426941274e-11	17	0	0	83	9882
SM00247	XTALbg	1.00000000001118	1.11806426941274e-11	17	0	0	83	9882
SM01224	G_gamma	1.00000000001118	1.11806426941274e-11	17	0	0	83	9882
SM00563	PlsC	1.00000000001118	1.11806426941274e-11	17	0	0	83	9882
SM01332	Cyclin_C	1.00000000001118	1.11806426941274e-11	17	0	0	83	9882
SM00137	MAM	1.00000000001118	1.11806426941274e-11	17	0	0	83	9882
SM00216	VWD	1.00000000001118	1.11806426941274e-11	17	0	0	83	9882
SM00744	RINGv	1.00000000001118	1.11806426941274e-11	17	0	0	83	9882
SM00224	GGL	1.00000000001118	1.11806426941274e-11	17	0	0	83	9882
SM00801	dDENN	1.0000000000115	1.15002700229171e-11	16	0	0	83	9882
SM00799	DENN	1.0000000000115	1.15002700229171e-11	16	0	0	83	9882
SM00285	PBD	1.0000000000115	1.15002700229171e-11	16	0	0	83	9882
SM00702	P4Hc	1.0000000000115	1.15002700229171e-11	16	0	0	83	9882
SM00724	TLC	1.0000000000115	1.15002700229171e-11	16	0	0	83	9882
SM00831	Cation_ATPase_N	1.0000000000115	1.15002700229171e-11	16	0	0	83	9882
SM00207	TNF	1.0000000000115	1.15002700229171e-11	16	0	0	83	9882
SM00275	G_alpha	1.0000000000115	1.15002700229171e-11	16	0	0	83	9882
SM00568	GRAM	1.0000000000115	1.15002700229171e-11	16	0	0	83	9882
SM00222	Sec7	1.0000000000115	1.15002700229171e-11	16	0	0	83	9882
SM00086	PAC	1.0000000000115	1.15002700229171e-11	16	0	0	83	9882
SM00913	IBN_N	1.0000000000115	1.15002700229171e-11	16	0	0	83	9882
SM00358	DSRM	1.0000000000115	1.15002700229171e-11	16	0	0	83	9882
SM00069	GLA	1.0000000000115	1.15002700229171e-11	16	0	0	83	9882
SM00146	PI3Kc	1.0000000000115	1.15002700229171e-11	16	0	0	83	9882
SM00133	S_TK_X	1.00000000001182	1.1822091228089e-11	45	0	0	83	9882
SM00356	ZnF_C3H1	1.00000000001235	1.23536051796231e-11	46	0	0	83	9882
SM00042	CUB	1.00000000001246	1.24609230596313e-11	50	0	0	83	9882
SM00320	WD40	1.00000000001252	1.25205106478141e-11	256	0	0	83	9882
SM00349	KRAB	1.00000000001314	1.31366556108631e-11	291	0	0	83	9882
SM00280	KAZAL	1.00000000001317	1.31675284301784e-11	36	0	0	83	9882
SM00317	SET	1.00000000001317	1.31675284301784e-11	36	0	0	83	9882
SM00195	DSPc	1.00000000001317	1.31675284301784e-11	36	0	0	83	9882
SM00385	CYCLIN	1.00000000001388	1.38837664377186e-11	32	0	0	83	9882
SM01373	MAGE	1.00000000001388	1.38837664377186e-11	32	0	0	83	9882
SM00398	HMG	1.000000000014	1.4003823389269e-11	51	0	0	83	9882
SM00337	BCL	1.00000000001428	1.42839235825179e-11	12	0	0	83	9882
SM00391	MBD	1.00000000001428	1.42839235825179e-11	12	0	0	83	9882
SM00159	PTX	1.00000000001428	1.42839235825179e-11	12	0	0	83	9882
SM00116	CBS	1.00000000001428	1.42839235825179e-11	12	0	0	83	9882
SM00290	ZnF_UBP	1.00000000001428	1.42839235825179e-11	12	0	0	83	9882
SM00246	WH2	1.00000000001428	1.42839235825179e-11	12	0	0	83	9882
SM00244	PHB	1.00000000001428	1.42839235825179e-11	12	0	0	83	9882
SM00335	ANX	1.00000000001428	1.42839235825179e-11	12	0	0	83	9882
SM01265	Mab-21	1.00000000001428	1.42839235825179e-11	12	0	0	83	9882
SM00310	PTBI	1.00000000001428	1.42839235825179e-11	12	0	0	83	9882
SM00284	OLF	1.00000000001428	1.42839235825179e-11	12	0	0	83	9882
SM00908	Gal-bind_lectin	1.00000000001428	1.42839235825179e-11	12	0	0	83	9882
SM00523	DWA	1.00000000001428	1.42839235825179e-11	12	0	0	83	9882
SM00232	JAB_MPN	1.00000000001428	1.42839235825179e-11	12	0	0	83	9882
SM01184	efhand_Ca_insen	1.00000000001454	1.45358303900908e-11	6	0	0	83	9882
SM00031	DED	1.00000000001454	1.45358303900908e-11	6	0	0	83	9882
SM01343	FATC	1.00000000001454	1.45358303900908e-11	6	0	0	83	9882
SM00152	THY	1.00000000001454	1.45358303900908e-11	6	0	0	83	9882
SM01114	CXC	1.00000000001454	1.45358303900908e-11	6	0	0	83	9882
SM00695	DUSP	1.00000000001454	1.45358303900908e-11	6	0	0	83	9882
SM00907	GDNF	1.00000000001454	1.45358303900908e-11	6	0	0	83	9882
SM00021	DAX	1.00000000001454	1.45358303900908e-11	6	0	0	83	9882
SM00811	Alpha_kinase	1.00000000001454	1.45358303900908e-11	6	0	0	83	9882
SM00517	PolyA	1.00000000001454	1.45358303900908e-11	6	0	0	83	9882
SM00070	GLUCA	1.00000000001454	1.45358303900908e-11	6	0	0	83	9882
SM01198	FBA	1.00000000001454	1.45358303900908e-11	6	0	0	83	9882
SM00950	Piwi	1.00000000001454	1.45358303900908e-11	6	0	0	83	9882
SM00915	Jacalin	1.00000000001454	1.45358303900908e-11	6	0	0	83	9882
SM00648	SWAP	1.00000000001454	1.45358303900908e-11	6	0	0	83	9882
SM00257	LysM	1.00000000001454	1.45358303900908e-11	6	0	0	83	9882
SM00477	NUC	1.00000000001454	1.45358303900908e-11	6	0	0	83	9882
SM00670	PINc	1.00000000001454	1.45358303900908e-11	6	0	0	83	9882
SM00949	PAZ	1.00000000001454	1.45358303900908e-11	6	0	0	83	9882
SM00415	HSF	1.00000000001454	1.45358303900908e-11	6	0	0	83	9882
SM00665	B561	1.00000000001454	1.45358303900908e-11	6	0	0	83	9882
SM00548	IRO	1.00000000001454	1.45358303900908e-11	6	0	0	83	9882
SM01400	Pribosyltran_N	1.00000000001454	1.45358303900908e-11	6	0	0	83	9882
SM00144	PI3K_rbd	1.00000000001454	1.45358303900908e-11	6	0	0	83	9882
SM00111	C4	1.00000000001454	1.45358303900908e-11	6	0	0	83	9882
SM00022	PLAc	1.00000000001454	1.45358303900908e-11	6	0	0	83	9882
SM00730	PSN	1.00000000001454	1.45358303900908e-11	6	0	0	83	9882
SM00742	Hr1	1.00000000001454	1.45358303900908e-11	6	0	0	83	9882
SM01137	DMAP_binding	1.00000000001454	1.45358303900908e-11	6	0	0	83	9882
SM00552	ADEAMc	1.00000000001454	1.45358303900908e-11	6	0	0	83	9882
SM00968	SMC_hinge	1.00000000001454	1.45358303900908e-11	6	0	0	83	9882
SM00952	RAP	1.00000000001454	1.45358303900908e-11	6	0	0	83	9882
SM01127	DDHD	1.00000000001454	1.45358303900908e-11	6	0	0	83	9882
SM01329	Iso_dh	1.00000000001454	1.45358303900908e-11	6	0	0	83	9882
SM00441	FF	1.00000000001454	1.45358303900908e-11	6	0	0	83	9882
SM00603	LCCL	1.00000000001454	1.45358303900908e-11	6	0	0	83	9882
SM00464	LON	1.00000000001454	1.45358303900908e-11	6	0	0	83	9882
SM00775	LNS2	1.00000000001454	1.45358303900908e-11	6	0	0	83	9882
SM00302	GED	1.00000000001454	1.45358303900908e-11	6	0	0	83	9882
SM00394	RIIa	1.00000000001454	1.45358303900908e-11	6	0	0	83	9882
SM00440	ZnF_C2C2	1.00000000001454	1.45358303900908e-11	6	0	0	83	9882
SM00259	ZnF_A20	1.00000000001454	1.45358303900908e-11	6	0	0	83	9882
SM00592	BRK	1.00000000001454	1.45358303900908e-11	6	0	0	83	9882
SM00863	tRNA_SAD	1.00000000001454	1.45358303900908e-11	6	0	0	83	9882
SM01241	Integrin_b_cyt	1.00000000001454	1.45358303900908e-11	6	0	0	83	9882
SM00710	PbH1	1.00000000001454	1.45358303900908e-11	6	0	0	83	9882
SM00155	PLDc	1.00000000001454	1.45358303900908e-11	6	0	0	83	9882
SM00432	MADS	1.00000000001454	1.45358303900908e-11	6	0	0	83	9882
SM00757	CRA	1.00000000001454	1.45358303900908e-11	6	0	0	83	9882
SM00359	PUA	1.00000000001454	1.45358303900908e-11	6	0	0	83	9882
SM00449	SPRY	1.00000000001525	1.52543016678173e-11	74	0	0	83	9882
SM00192	LDLa	1.00000000001532	1.53169904242009e-11	44	0	0	83	9882
SM01250	KAT11	1.00000000001618	1.61796860089457e-11	2	0	0	83	9882
SM00661	RPOL9	1.00000000001618	1.61796860089457e-11	2	0	0	83	9882
SM00635	BID_2	1.00000000001618	1.61796860089457e-11	2	0	0	83	9882
SM01154	DUF1704	1.00000000001618	1.61796860089457e-11	2	0	0	83	9882
SM01179	DUF862	1.00000000001618	1.61796860089457e-11	2	0	0	83	9882
SM00807	AKAP_110	1.00000000001618	1.61796860089457e-11	2	0	0	83	9882
SM00188	IL10	1.00000000001618	1.61796860089457e-11	2	0	0	83	9882
SM00732	YqgFc	1.00000000001618	1.61796860089457e-11	2	0	0	83	9882
SM01287	Rtt106	1.00000000001618	1.61796860089457e-11	2	0	0	83	9882
SM00657	RPOL4c	1.00000000001618	1.61796860089457e-11	2	0	0	83	9882
SM00435	TOPEUc	1.00000000001618	1.61796860089457e-11	2	0	0	83	9882
SM01000	Aha1_N	1.00000000001618	1.61796860089457e-11	2	0	0	83	9882
SM01267	LAG1_DNAbind	1.00000000001618	1.61796860089457e-11	2	0	0	83	9882
SM00500	SFM	1.00000000001618	1.61796860089457e-11	2	0	0	83	9882
SM01281	Med12	1.00000000001618	1.61796860089457e-11	2	0	0	83	9882
SM01301	PTPlike_phytase	1.00000000001618	1.61796860089457e-11	2	0	0	83	9882
SM00792	Agouti	1.00000000001618	1.61796860089457e-11	2	0	0	83	9882
SM01164	DUF1856	1.00000000001618	1.61796860089457e-11	2	0	0	83	9882
SM00193	PTN	1.00000000001618	1.61796860089457e-11	2	0	0	83	9882
SM01141	DRY_EERY	1.00000000001618	1.61796860089457e-11	2	0	0	83	9882
SM00714	LITAF	1.00000000001618	1.61796860089457e-11	2	0	0	83	9882
SM00551	ZnF_TAZ	1.00000000001618	1.61796860089457e-11	2	0	0	83	9882
SM00951	QLQ	1.00000000001618	1.61796860089457e-11	2	0	0	83	9882
SM01387	Ribosomal_S15	1.00000000001618	1.61796860089457e-11	2	0	0	83	9882
SM01138	DP	1.00000000001618	1.61796860089457e-11	2	0	0	83	9882
SM00581	PSP	1.00000000001618	1.61796860089457e-11	2	0	0	83	9882
SM01122	DBC1	1.00000000001618	1.61796860089457e-11	2	0	0	83	9882
SM00525	FES	1.00000000001618	1.61796860089457e-11	2	0	0	83	9882
SM01415	DUF106	1.00000000001618	1.61796860089457e-11	2	0	0	83	9882
SM01104	CTD	1.00000000001618	1.61796860089457e-11	2	0	0	83	9882
SM00967	SpoU_sub_bind	1.00000000001618	1.61796860089457e-11	2	0	0	83	9882
SM01010	AMPKBI	1.00000000001618	1.61796860089457e-11	2	0	0	83	9882
SM01011	AMP_N	1.00000000001618	1.61796860089457e-11	2	0	0	83	9882
SM00860	SMI1_KNR4	1.00000000001618	1.61796860089457e-11	2	0	0	83	9882
SM01421	DUF3480	1.00000000001618	1.61796860089457e-11	2	0	0	83	9882
SM00881	CoA_binding	1.00000000001618	1.61796860089457e-11	2	0	0	83	9882
SM01050	CactinC_cactus	1.00000000001618	1.61796860089457e-11	2	0	0	83	9882
SM00825	PKS_KS	1.00000000001618	1.61796860089457e-11	2	0	0	83	9882
SM01410	DIM1	1.00000000001618	1.61796860089457e-11	2	0	0	83	9882
SM01355	AP3B1_C	1.00000000001618	1.61796860089457e-11	2	0	0	83	9882
SM00126	IL6	1.00000000001618	1.61796860089457e-11	2	0	0	83	9882
SM00756	VKc	1.00000000001618	1.61796860089457e-11	2	0	0	83	9882
SM01097	CPSase_sm_chain	1.00000000001618	1.61796860089457e-11	2	0	0	83	9882
SM00531	TFIIE	1.00000000001618	1.61796860089457e-11	2	0	0	83	9882
SM01182	EF-1_beta_acid	1.00000000001618	1.61796860089457e-11	2	0	0	83	9882
SM00846	Gp_dh_N	1.00000000001618	1.61796860089457e-11	2	0	0	83	9882
SM01174	DUF4205	1.00000000001618	1.61796860089457e-11	2	0	0	83	9882
SM01390	Ribosomal_S4	1.00000000001618	1.61796860089457e-11	2	0	0	83	9882
SM00649	RL11	1.00000000001618	1.61796860089457e-11	2	0	0	83	9882
SM00555	GIT	1.00000000001618	1.61796860089457e-11	2	0	0	83	9882
SM00937	PCRF	1.00000000001618	1.61796860089457e-11	2	0	0	83	9882
SM00827	PKS_AT	1.00000000001618	1.61796860089457e-11	2	0	0	83	9882
SM01291	N-SET	1.00000000001618	1.61796860089457e-11	2	0	0	83	9882
SM01371	TFIIA	1.00000000001618	1.61796860089457e-11	2	0	0	83	9882
SM01237	ICA69	1.00000000001618	1.61796860089457e-11	2	0	0	83	9882
SM01070	CDC37_M	1.00000000001618	1.61796860089457e-11	2	0	0	83	9882
SM01230	Gln-synt_C	1.00000000001618	1.61796860089457e-11	2	0	0	83	9882
SM00095	TR_THY	1.00000000001618	1.61796860089457e-11	2	0	0	83	9882
SM00685	DM14	1.00000000001618	1.61796860089457e-11	2	0	0	83	9882
SM00437	TOP1Ac	1.00000000001618	1.61796860089457e-11	2	0	0	83	9882
SM00087	PTH	1.00000000001618	1.61796860089457e-11	2	0	0	83	9882
SM00080	LIF_OSM	1.00000000001618	1.61796860089457e-11	2	0	0	83	9882
SM00788	Adenylsucc_synt	1.00000000001618	1.61796860089457e-11	2	0	0	83	9882
SM01194	eRF1_1	1.00000000001618	1.61796860089457e-11	2	0	0	83	9882
SM01086	ClpB_D2-small	1.00000000001618	1.61796860089457e-11	2	0	0	83	9882
SM00039	CRF	1.00000000001618	1.61796860089457e-11	2	0	0	83	9882
SM01345	Rapamycin_bind	1.00000000001618	1.61796860089457e-11	2	0	0	83	9882
SM00956	RQC	1.00000000001618	1.61796860089457e-11	2	0	0	83	9882
SM00902	Fe_hyd_SSU	1.00000000001618	1.61796860089457e-11	2	0	0	83	9882
SM00586	ZnF_DBF	1.00000000001618	1.61796860089457e-11	2	0	0	83	9882
SM01002	AlaDh_PNT_C	1.00000000001618	1.61796860089457e-11	2	0	0	83	9882
SM00493	TOPRIM	1.00000000001618	1.61796860089457e-11	2	0	0	83	9882
SM00662	RPOLD	1.00000000001618	1.61796860089457e-11	2	0	0	83	9882
SM01258	KRBA1	1.00000000001618	1.61796860089457e-11	2	0	0	83	9882
SM00808	FABD	1.00000000001618	1.61796860089457e-11	2	0	0	83	9882
SM01233	HABP4_PAI-RBP1	1.00000000001618	1.61796860089457e-11	2	0	0	83	9882
SM01288	FISNA	1.00000000001618	1.61796860089457e-11	2	0	0	83	9882
SM01206	Fibrillarin	1.00000000001618	1.61796860089457e-11	2	0	0	83	9882
SM00029	GASTRIN	1.00000000001618	1.61796860089457e-11	2	0	0	83	9882
SM01268	BTD	1.00000000001618	1.61796860089457e-11	2	0	0	83	9882
SM01142	DSHCT	1.00000000001618	1.61796860089457e-11	2	0	0	83	9882
SM01293	DUF3402	1.00000000001618	1.61796860089457e-11	2	0	0	83	9882
SM00785	AARP2CN	1.00000000001618	1.61796860089457e-11	2	0	0	83	9882
SM00469	WIF	1.00000000001618	1.61796860089457e-11	2	0	0	83	9882
SM00873	B3_4	1.00000000001618	1.61796860089457e-11	2	0	0	83	9882
SM01177	DUF4210	1.00000000001618	1.61796860089457e-11	2	0	0	83	9882
SM00433	TOP2c	1.00000000001618	1.61796860089457e-11	2	0	0	83	9882
SM01362	DUF663	1.00000000001618	1.61796860089457e-11	2	0	0	83	9882
SM00888	EF1_GNE	1.00000000001618	1.61796860089457e-11	2	0	0	83	9882
SM01023	BAF	1.00000000001618	1.61796860089457e-11	2	0	0	83	9882
SM00993	YL1_C	1.00000000001618	1.61796860089457e-11	2	0	0	83	9882
SM01074	Cdc6_C	1.00000000001618	1.61796860089457e-11	2	0	0	83	9882
SM01130	DHDPS	1.00000000001618	1.61796860089457e-11	2	0	0	83	9882
SM00559	Ku78	1.00000000001618	1.61796860089457e-11	2	0	0	83	9882
SM00777	Mad3_BUB1_I	1.00000000001618	1.61796860089457e-11	2	0	0	83	9882
SM01319	Tankyrase_bdg_C	1.00000000001618	1.61796860089457e-11	2	0	0	83	9882
SM00494	ChtBD2	1.00000000001618	1.61796860089457e-11	2	0	0	83	9882
SM00299	CLH	1.00000000001618	1.61796860089457e-11	2	0	0	83	9882
SM00812	Alpha_L_fucos	1.00000000001618	1.61796860089457e-11	2	0	0	83	9882
SM00003	NH	1.00000000001618	1.61796860089457e-11	2	0	0	83	9882
SM00466	SRA	1.00000000001618	1.61796860089457e-11	2	0	0	83	9882
SM01165	DUF1866	1.00000000001618	1.61796860089457e-11	2	0	0	83	9882
SM01131	DHHA2	1.00000000001618	1.61796860089457e-11	2	0	0	83	9882
SM00893	ETF	1.00000000001618	1.61796860089457e-11	2	0	0	83	9882
SM00705	THEG	1.00000000001618	1.61796860089457e-11	2	0	0	83	9882
SM01374	Ribosomal_L14	1.00000000001618	1.61796860089457e-11	2	0	0	83	9882
SM01382	Ribosomal_L2_C	1.00000000001618	1.61796860089457e-11	2	0	0	83	9882
SM00852	MoCF_biosynth	1.00000000001618	1.61796860089457e-11	2	0	0	83	9882
SM01389	Spt4	1.00000000001618	1.61796860089457e-11	2	0	0	83	9882
SM00434	TOP4c	1.00000000001618	1.61796860089457e-11	2	0	0	83	9882
SM01115	cwf21	1.00000000001618	1.61796860089457e-11	2	0	0	83	9882
SM00512	Skp1	1.00000000001618	1.61796860089457e-11	2	0	0	83	9882
SM01161	DUF1767	1.00000000001618	1.61796860089457e-11	2	0	0	83	9882
SM01144	DTW	1.00000000001618	1.61796860089457e-11	2	0	0	83	9882
SM01399	Sybindin	1.00000000001618	1.61796860089457e-11	2	0	0	83	9882
SM01376	eIF-5a	1.00000000001618	1.61796860089457e-11	2	0	0	83	9882
SM01272	LsmAD	1.00000000001618	1.61796860089457e-11	2	0	0	83	9882
SM00436	TOP1Bc	1.00000000001618	1.61796860089457e-11	2	0	0	83	9882
SM01383	Ribosomal_L2	1.00000000001618	1.61796860089457e-11	2	0	0	83	9882
SM00853	MutL_C	1.00000000001618	1.61796860089457e-11	2	0	0	83	9882
SM01028	Beta-TrCP_D	1.00000000001618	1.61796860089457e-11	2	0	0	83	9882
SM01423	Milton	1.00000000001618	1.61796860089457e-11	2	0	0	83	9882
SM01022	ASCH	1.00000000001618	1.61796860089457e-11	2	0	0	83	9882
SM00976	Telo_bind	1.00000000001618	1.61796860089457e-11	2	0	0	83	9882
SM01076	CG-1	1.00000000001618	1.61796860089457e-11	2	0	0	83	9882
SM00992	YccV-like	1.00000000001618	1.61796860089457e-11	2	0	0	83	9882
SM01313	Sec3-PIP2_bind	1.00000000001618	1.61796860089457e-11	2	0	0	83	9882
SM00223	APPLE	1.00000000001618	1.61796860089457e-11	2	0	0	83	9882
SM01283	Costars	1.00000000001618	1.61796860089457e-11	2	0	0	83	9882
SM00638	LPD_N	1.00000000001618	1.61796860089457e-11	2	0	0	83	9882
SM00978	Tim44	1.00000000001618	1.61796860089457e-11	2	0	0	83	9882
SM00653	eIF2B_5	1.00000000001618	1.61796860089457e-11	2	0	0	83	9882
SM01229	GluR_Homer-bdg	1.00000000001618	1.61796860089457e-11	2	0	0	83	9882
SM01292	N1221	1.00000000001618	1.61796860089457e-11	2	0	0	83	9882
SM00896	FDX-ACB	1.00000000001618	1.61796860089457e-11	2	0	0	83	9882
SM01003	AlaDh_PNT_N	1.00000000001618	1.61796860089457e-11	2	0	0	83	9882
SM00761	HDAC_interact	1.00000000001618	1.61796860089457e-11	2	0	0	83	9882
SM01096	CPSase_L_D3	1.00000000001618	1.61796860089457e-11	2	0	0	83	9882
SM00190	IL4_13	1.00000000001618	1.61796860089457e-11	2	0	0	83	9882
SM00711	TDU	1.00000000001618	1.61796860089457e-11	2	0	0	83	9882
SM01314	SnAC	1.00000000001618	1.61796860089457e-11	2	0	0	83	9882
SM01239	IKKbetaNEMObind	1.00000000001618	1.61796860089457e-11	2	0	0	83	9882
SM01072	CDC48_2	1.00000000001618	1.61796860089457e-11	2	0	0	83	9882
SM00632	Aamy_C	1.00000000001618	1.61796860089457e-11	2	0	0	83	9882
SM01336	zf-PARP	1.00000000001618	1.61796860089457e-11	2	0	0	83	9882
SM00360	RRM	1.00000000001679	1.67940576560309e-11	199	0	0	83	9882
SM00271	DnaJ	1.00000000001687	1.68705581209848e-11	47	0	0	83	9882
SM00295	B41	1.00000000001687	1.68705581209848e-11	47	0	0	83	9882
SM00456	WW	1.00000000001687	1.68705581209848e-11	47	0	0	83	9882
SM00327	VWA	1.0000000000169	1.69042061999943e-11	71	0	0	83	9882
SM00612	Kelch	1.00000000001758	1.75804416168651e-11	55	0	0	83	9882
SM00184	RING	1.00000000001901	1.90115104851534e-11	228	0	0	83	9882
SM00431	SCAN	1.00000000001919	1.91880326471667e-11	42	0	0	83	9882
SM00312	PX	1.00000000001919	1.91880326471667e-11	42	0	0	83	9882
SM01196	FERM_C	1.00000000002049	2.04863366525884e-11	25	0	0	83	9882
SM00072	GuKc	1.00000000002049	2.04863366525884e-11	25	0	0	83	9882
SM00333	TUDOR	1.00000000002049	2.04863366525884e-11	25	0	0	83	9882
SM00082	LRRCT	1.00000000002192	2.19236804226201e-11	75	0	0	83	9882
SM00365	LRR_SD22	1.00000000002221	2.22087529907926e-11	54	0	0	83	9882
SM00049	DEP	1.0000000000225	2.25034001124072e-11	21	0	0	83	9882
SM00048	DEFSN	1.0000000000225	2.25034001124072e-11	21	0	0	83	9882
SM00467	GS	1.00000000002288	2.28818198592573e-11	7	0	0	83	9882
SM00065	GAF	1.00000000002288	2.28818198592573e-11	7	0	0	83	9882
SM00390	GoLoco	1.00000000002288	2.28818198592573e-11	7	0	0	83	9882
SM00182	CULLIN	1.00000000002288	2.28818198592573e-11	7	0	0	83	9882
SM00729	Elp3	1.00000000002288	2.28818198592573e-11	7	0	0	83	9882
SM00077	ITAM	1.00000000002288	2.28818198592573e-11	7	0	0	83	9882
SM01243	IRF-3	1.00000000002288	2.28818198592573e-11	7	0	0	83	9882
SM00510	TFS2M	1.00000000002288	2.28818198592573e-11	7	0	0	83	9882
SM00980	THAP	1.00000000002288	2.28818198592573e-11	7	0	0	83	9882
SM00546	CUE	1.00000000002288	2.28818198592573e-11	7	0	0	83	9882
SM00515	eIF5C	1.00000000002288	2.28818198592573e-11	7	0	0	83	9882
SM00250	PLEC	1.00000000002288	2.28818198592573e-11	7	0	0	83	9882
SM01337	APC10	1.00000000002288	2.28818198592573e-11	7	0	0	83	9882
SM00671	SEL1	1.00000000002288	2.28818198592573e-11	7	0	0	83	9882
SM01055	Cadherin_pro	1.00000000002288	2.28818198592573e-11	7	0	0	83	9882
SM00301	DM	1.00000000002288	2.28818198592573e-11	7	0	0	83	9882
SM00243	GAS2	1.00000000002288	2.28818198592573e-11	7	0	0	83	9882
SM01166	DUF1899	1.00000000002288	2.28818198592573e-11	7	0	0	83	9882
SM00201	SO	1.00000000002288	2.28818198592573e-11	7	0	0	83	9882
SM00455	RBD	1.00000000002288	2.28818198592573e-11	7	0	0	83	9882
SM01109	CUT	1.00000000002288	2.28818198592573e-11	7	0	0	83	9882
SM00509	TFS2N	1.00000000002288	2.28818198592573e-11	7	0	0	83	9882
SM00715	LA	1.00000000002288	2.28818198592573e-11	7	0	0	83	9882
SM00004	NL	1.00000000002288	2.28818198592573e-11	7	0	0	83	9882
SM00053	DYNc	1.00000000002288	2.28818198592573e-11	7	0	0	83	9882
SM00328	BPI1	1.00000000002288	2.28818198592573e-11	7	0	0	83	9882
SM01388	Mob1_phocein	1.00000000002288	2.28818198592573e-11	7	0	0	83	9882
SM00384	AT_hook	1.00000000002288	2.28818198592573e-11	7	0	0	83	9882
SM00582	RPR	1.00000000002288	2.28818198592573e-11	7	0	0	83	9882
SM00396	ZnF_UBR1	1.00000000002288	2.28818198592573e-11	7	0	0	83	9882
SM01062	Ca_chan_IQ	1.00000000002288	2.28818198592573e-11	7	0	0	83	9882
SM00101	14_3_3	1.00000000002288	2.28818198592573e-11	7	0	0	83	9882
SM00822	PKS_KR	1.00000000002288	2.28818198592573e-11	7	0	0	83	9882
SM01167	DUF1900	1.00000000002288	2.28818198592573e-11	7	0	0	83	9882
SM00707	RPEL	1.00000000002288	2.28818198592573e-11	7	0	0	83	9882
SM01328	zf-3CxxC	1.00000000002288	2.28818198592573e-11	7	0	0	83	9882
SM00018	PD	1.00000000002288	2.28818198592573e-11	7	0	0	83	9882
SM00692	DM3	1.00000000002288	2.28818198592573e-11	7	0	0	83	9882
SM01326	PTEN_C2	1.00000000002288	2.28818198592573e-11	7	0	0	83	9882
SM00194	PTPc	1.00000000002421	2.42139295946568e-11	37	0	0	83	9882
SM00164	TBC	1.00000000002421	2.42139295946568e-11	37	0	0	83	9882
SM00322	KH	1.00000000002421	2.42139295946568e-11	37	0	0	83	9882
SM00242	MYSc	1.00000000002471	2.47053371281257e-11	38	0	0	83	9882
SM00355	ZnF_C2H2	1.00000000002537	2.5372020277179e-11	620	0	0	83	9882
SM00064	FYVE	1.00000000002829	2.8290667297857e-11	30	0	0	83	9882
SM00298	CHROMO	1.00000000002829	2.8290667297857e-11	30	0	0	83	9882
SM00225	BTB	1.00000000002987	2.98662567450184e-11	202	0	0	83	9882
SM00330	PIPKc	1.00000000003332	3.33221243831058e-11	8	0	0	83	9882
SM00237	Calx_beta	1.00000000003332	3.33221243831058e-11	8	0	0	83	9882
SM00166	UBX	1.00000000003332	3.33221243831058e-11	8	0	0	83	9882
SM01420	TRP_2	1.00000000003332	3.33221243831058e-11	8	0	0	83	9882
SM01025	BEN	1.00000000003332	3.33221243831058e-11	8	0	0	83	9882
SM00861	Transket_pyr	1.00000000003332	3.33221243831058e-11	8	0	0	83	9882
SM00557	IG_FLMN	1.00000000003332	3.33221243831058e-11	8	0	0	83	9882
SM00511	ORANGE	1.00000000003332	3.33221243831058e-11	8	0	0	83	9882
SM00154	ZnF_AN1	1.00000000003332	3.33221243831058e-11	8	0	0	83	9882
SM01242	Integrin_B_tail	1.00000000003332	3.33221243831058e-11	8	0	0	83	9882
SM00281	LamB	1.00000000003332	3.33221243831058e-11	8	0	0	83	9882
SM00577	CPDc	1.00000000003332	3.33221243831058e-11	8	0	0	83	9882
SM00357	CSP	1.00000000003332	3.33221243831058e-11	8	0	0	83	9882
SM00200	SEA	1.00000000003332	3.33221243831058e-11	8	0	0	83	9882
SM00948	Proteasome_A_N	1.00000000003332	3.33221243831058e-11	8	0	0	83	9882
SM00139	MyTH4	1.00000000003332	3.33221243831058e-11	8	0	0	83	9882
SM00524	DWB	1.00000000003332	3.33221243831058e-11	8	0	0	83	9882
SM00329	BPI2	1.00000000003332	3.33221243831058e-11	8	0	0	83	9882
SM00468	PreSET	1.00000000003332	3.33221243831058e-11	8	0	0	83	9882
SM00746	TRASH	1.00000000003332	3.33221243831058e-11	8	0	0	83	9882
SM00125	IL1	1.00000000003332	3.33221243831058e-11	8	0	0	83	9882
SM00167	VPS9	1.00000000003332	3.33221243831058e-11	8	0	0	83	9882
SM00107	BTK	1.00000000003332	3.33221243831058e-11	8	0	0	83	9882
SM00562	NDK	1.00000000003332	3.33221243831058e-11	8	0	0	83	9882
SM00609	VIT	1.00000000003332	3.33221243831058e-11	8	0	0	83	9882
SM00288	VHS	1.00000000003332	3.33221243831058e-11	8	0	0	83	9882
SM01203	DUF3585	1.00000000003332	3.33221243831058e-11	8	0	0	83	9882
SM00142	PI3K_C2	1.00000000003332	3.33221243831058e-11	8	0	0	83	9882
SM00504	Ubox	1.00000000003332	3.33221243831058e-11	8	0	0	83	9882
SM01412	Pro-rich	1.00000000003332	3.33221243831058e-11	8	0	0	83	9882
SM00884	Cullin_Nedd8	1.00000000003332	3.33221243831058e-11	8	0	0	83	9882
SM00503	SynN	1.00000000003332	3.33221243831058e-11	8	0	0	83	9882
