TermID	Term	Enrichment	logP	Genes in Term	Target Genes in Term	Fraction of Targets in Term	Total Target Genes	Total Genes	Entrez Gene IDs	Gene Symbols
SM00034	CLECT	0.00137517029657222	-6.58917770348011	121	7	0.0514705882352941	136	9882	19074,216864,20343,26888,17064,381809,244864	Prg2,Mgl2,Sell,Clec4a2,Cd93,Clec4b2,Layn
SM00326	SH3	0.00151410925255406	-6.49292796504195	196	9	0.0661764705882353	136	9882	14270,207777,27059,235406,15162,57257,231147,71520,13860	Srgap2,Tspoap1,Sh3d19,Snx33,Hck,Vav3,Sh3tc1,Grap,Eps8
SM00409	IG	0.00208891799842216	-6.17110905116468	378	13	0.0955882352941176	136	9882	57781,12978,22329,239849,14130,74048,71740,16194,83382,243958,52118,100042150,50723	Cd200r1,Csf1r,Vcam1,Cd200r4,Fcgr2b,Vsir,Nectin4,Il6ra,Siglece,Siglecg,Pvr,Nrg2,Icosl
SM00092	RNAse_Pc	0.00369111942616085	-5.60182549941306	23	3	0.0220588235294118	136	9882	58809,13586,93719	Rnase4,Ear1,Ear6
SM00104	ANATO	0.00377368044838183	-5.57970450748555	7	2	0.0147058823529412	136	9882	12268,12266	C4b,C3
SM01419	Thiol-ester_cl	0.00498632263769987	-5.30105658724989	8	2	0.0147058823529412	136	9882	12266,12268	C3,C4b
SM01359	A2M_N_2	0.00635339169896146	-5.05876648285126	9	2	0.0147058823529412	136	9882	12268,12266	C4b,C3
SM01361	A2M_recep	0.00635339169896146	-5.05876648285126	9	2	0.0147058823529412	136	9882	12268,12266	C4b,C3
SM01360	A2M	0.00635339169896146	-5.05876648285126	9	2	0.0147058823529412	136	9882	12266,12268	C3,C4b
SM00238	BIR	0.00953323360943936	-4.65297131042747	11	2	0.0147058823529412	136	9882	17948,17951	Naip2,Naip5
SM00109	C1	0.0115323773990572	-4.46259677349649	64	4	0.0294117647058824	136	9882	18754,18751,13139,57257	Prkce,Prkcb,Dgka,Vav3
SM01189	ELM2	0.0132789505124348	-4.3215751657348	13	2	0.0147058823529412	136	9882	68703,224829	Rere,Trerf1
SM01397	Ribosomal_S3Ae	0.0137623962760336	-4.28581531367138	1	1	0.00735294117647059	136	9882	20091	Rps3a1
SM00135	LY	0.0153536916101829	-4.17639933808602	14	2	0.0147058823529412	136	9882	16971,228357	Lrp1,Lrp4
SM00046	DAGKc	0.0153536916101829	-4.17639933808602	14	2	0.0147058823529412	136	9882	13139,223753	Dgka,Cerk
SM00060	FN3	0.0168324163139574	-4.0844487092514	149	6	0.0441176470588235	136	9882	12984,12986,16161,19277,207777,12983	Csf2rb2,Csf3r,Il12rb1,Ptpro,Tspoap1,Csf2rb
SM00643	C345C	0.0198870422059969	-3.91768690476624	16	2	0.0147058823529412	136	9882	12266,12268	C3,C4b
SM00192	LDLa	0.0223950016117219	-3.79891748735494	44	3	0.0220588235294118	136	9882	241576,228357,16971	Ldlrad3,Lrp4,Lrp1
SM00174	RHO	0.0272654266366605	-3.60213580294878	123	5	0.0367647058823529	136	9882	69288,226421,64143,19332,80837	Rhobtb1,Rab7b,Ralb,Rab20,Rhoj
SM01282	DBB	0.0273367626462959	-3.59952286558642	2	1	0.00735294117647059	136	9882	83490	Pik3ap1
SM00055	FCH	0.0303829412441843	-3.49387397135319	20	2	0.0147058823529412	136	9882	14270,19201	Srgap2,Pstpip2
SM00173	RAS	0.0344664500061075	-3.3677688916854	131	5	0.0367647058823529	136	9882	64143,226421,69288,19332,80837	Ralb,Rab7b,Rhobtb1,Rab20,Rhoj
SM00186	FBG	0.0362875858823093	-3.31627958291537	22	2	0.0147058823529412	136	9882	14190,14134	Fgl2,Fcnb
SM00408	IGc2	0.0379196379824101	-3.27228614851826	228	7	0.0514705882352941	136	9882	100042150,16194,71740,12978,83382,243958,22329	Nrg2,Il6ra,Nectin4,Csf1r,Siglece,Siglecg,Vcam1
SM00255	TIR	0.0393920112595578	-3.23419224314652	23	2	0.0147058823529412	136	9882	21899,21898	Tlr6,Tlr4
SM00773	WGR	0.0407256493142718	-3.20089718074705	3	1	0.00735294117647059	136	9882	235587	Parp3
SM00143	PI3K_p85B	0.0407256493142718	-3.20089718074705	3	1	0.00735294117647059	136	9882	18707	Pik3cd
SM00006	A4_EXTRA	0.0407256493142718	-3.20089718074705	3	1	0.00735294117647059	136	9882	11820	App
SM01394	S_100	0.0425934347221835	-3.15605515208641	24	2	0.0147058823529412	136	9882	20202,20201	S100a9,S100a8
SM00054	EFh	0.0473029461088292	-3.05118269982499	143	5	0.0367647058823529	136	9882	270084,20201,13139,20202,216001	Lpcat2,S100a8,Dgka,S100a9,Micu1
SM00252	SH2	0.0519622425877758	-2.95723792822319	102	4	0.0294117647058824	136	9882	71520,15162,57257,16822	Grap,Hck,Vav3,Lcp2
SM00175	RAB	0.0533876200549111	-2.93017639407138	148	5	0.0367647058823529	136	9882	80837,19332,64143,69288,226421	Rhoj,Rab20,Ralb,Rhobtb1,Rab7b
SM00307	ILWEQ	0.0539315721496159	-2.92003921838692	4	1	0.00735294117647059	136	9882	215114	Hip1
SM00094	TR_FER	0.0539315721496159	-2.92003921838692	4	1	0.00735294117647059	136	9882	17002	Ltf
SM00314	RA	0.0599453918816319	-2.81432126649078	29	2	0.0147058823529412	136	9882	71323,17356	Rassf8,Afdn
SM01092	CO_deh_flav_C	0.0669570131476742	-2.70370446031203	5	1	0.00735294117647059	136	9882	22436	Xdh
SM00741	SapB	0.0669570131476742	-2.70370446031203	5	1	0.00735294117647059	136	9882	27052	Aoah
SM01008	Ald_Xan_dh_C	0.0669570131476742	-2.70370446031203	5	1	0.00735294117647059	136	9882	22436	Xdh
SM01241	Integrin_b_cyt	0.0798044208862761	-2.52817637648348	6	1	0.00735294117647059	136	9882	16414	Itgb2
SM00464	LON	0.0798044208862761	-2.52817637648348	6	1	0.00735294117647059	136	9882	74365	Lonrf3
SM00592	BRK	0.0798044208862761	-2.52817637648348	6	1	0.00735294117647059	136	9882	320790	Chd7
SM00111	C4	0.0798044208862761	-2.52817637648348	6	1	0.00735294117647059	136	9882	12827	Col4a2
SM01132	DIL	0.0798044208862761	-2.52817637648348	6	1	0.00735294117647059	136	9882	17356	Afdn
SM00144	PI3K_rbd	0.0798044208862761	-2.52817637648348	6	1	0.00735294117647059	136	9882	18707	Pik3cd
SM00082	LRRCT	0.0843270764391377	-2.47305227409641	75	3	0.0220588235294118	136	9882	21899,21898,76905	Tlr6,Tlr4,Lrg1
SM00179	EGF_CA	0.0875060769309077	-2.43604703739121	122	4	0.0294117647058824	136	9882	17064,16971,13733,228357	Cd93,Lrp1,Adgre1,Lrp4
SM00194	PTPc	0.0916664603815775	-2.389598720369	37	2	0.0147058823529412	136	9882	19279,19277	Ptprr,Ptpro
SM01167	DUF1900	0.0924762109598931	-2.38080384635187	7	1	0.00735294117647059	136	9882	78885	Coro7
SM01166	DUF1899	0.0924762109598931	-2.38080384635187	7	1	0.00735294117647059	136	9882	78885	Coro7
SM00018	PD	0.0924762109598931	-2.38080384635187	7	1	0.00735294117647059	136	9882	232714	Mgam
SM00258	SAND	0.0924762109598931	-2.38080384635187	7	1	0.00735294117647059	136	9882	434484	Sp140
SM00181	EGF	0.0972051162817406	-2.33093193225758	177	5	0.0367647058823529	136	9882	380713,13733,228357,17064,16971	Scarf1,Adgre1,Lrp4,Cd93,Lrp1
SM00219	TyrKc	0.100560427661426	-2.2969964619106	81	3	0.0220588235294118	136	9882	15162,17295,12978	Hck,Met,Csf1r
SM00423	PSI	0.104585223278306	-2.25775300618055	40	2	0.0147058823529412	136	9882	16414,17295	Itgb2,Met
SM00142	PI3K_C2	0.104974766433477	-2.25403527738719	8	1	0.00735294117647059	136	9882	18707	Pik3cd
SM01242	Integrin_B_tail	0.104974766433477	-2.25403527738719	8	1	0.00735294117647059	136	9882	16414	Itgb2
SM00506	A1pp	0.104974766433477	-2.25403527738719	8	1	0.00735294117647059	136	9882	547253	Parp14
SM00262	GEL	0.104974766433477	-2.25403527738719	8	1	0.00735294117647059	136	9882	22351	Vill
SM00099	btg1	0.104974766433477	-2.25403527738719	8	1	0.00735294117647059	136	9882	12226	Btg1
SM00153	VHP	0.104974766433477	-2.25403527738719	8	1	0.00735294117647059	136	9882	22351	Vill
SM00454	SAM	0.106231343040653	-2.2421360815077	83	3	0.0220588235294118	136	9882	16822,237339,19024	Lcp2,L3mbtl3,Ppfibp2
SM00368	LRR_RI	0.108996323641946	-2.21644112537734	41	2	0.0147058823529412	136	9882	107607,270151	Nod1,Nlrx1
SM00273	ENTH	0.117302438273189	-2.14299973689605	9	1	0.00735294117647059	136	9882	215114	Hip1
SM00561	MBT	0.117302438273189	-2.14299973689605	9	1	0.00735294117647059	136	9882	237339	L3mbtl3
SM00145	PI3Ka	0.117302438273189	-2.14299973689605	9	1	0.00735294117647059	136	9882	18707	Pik3cd
SM00187	INB	0.117302438273189	-2.14299973689605	9	1	0.00735294117647059	136	9882	16414	Itgb2
SM00717	SANT	0.1179625100808	-2.13738841617702	43	2	0.0147058823529412	136	9882	68703,224829	Rere,Trerf1
SM00133	S_TK_X	0.127106584043414	-2.06272930005592	45	2	0.0147058823529412	136	9882	18751,18754	Prkcb,Prkce
SM00045	DAGKa	0.12946154577927	-2.04437138572851	10	1	0.00735294117647059	136	9882	13139	Dgka
SM00636	Glyco_18	0.12946154577927	-2.04437138572851	10	1	0.00735294117647059	136	9882	12655	Chil3
SM00102	ADF	0.12946154577927	-2.04437138572851	10	1	0.00735294117647059	136	9882	72042	Cotl1
SM00399	ZnF_C4	0.136412306424951	-1.9920733145858	47	2	0.0147058823529412	136	9882	20181,22259	Rxra,Nr1h3
SM00460	TGc	0.14145437699472	-1.95577803795425	11	1	0.00735294117647059	136	9882	74145	F13a1
SM00439	BAH	0.14145437699472	-1.95577803795425	11	1	0.00735294117647059	136	9882	68703	Rere
SM00430	HOLI	0.145864181253206	-1.92507935562819	49	2	0.0147058823529412	136	9882	22259,20181	Nr1h3,Rxra
SM00335	ANX	0.153283189149607	-1.87546815893736	12	1	0.00735294117647059	136	9882	11745	Anxa3
SM00401	ZnF_GATA	0.153283189149607	-1.87546815893736	12	1	0.00735294117647059	136	9882	68703	Rere
SM00457	MACPF	0.164950209028043	-1.80211161408772	13	1	0.00735294117647059	136	9882	17476	Mpeg1
SM00198	SCP	0.176457633445506	-1.73467446855825	14	1	0.00735294117647059	136	9882	74116	Pi16
SM00829	PKS_ER	0.176457633445506	-1.73467446855825	14	1	0.00735294117647059	136	9882	67103	Ptgr1
SM00234	START	0.176457633445506	-1.73467446855825	14	1	0.00735294117647059	136	9882	236920	Stard8
SM00294	4.1m	0.176457633445506	-1.73467446855825	14	1	0.00735294117647059	136	9882	20969	Sdc1
SM00130	KR	0.187807629583258	-1.67233708692426	15	1	0.00735294117647059	136	9882	18792	Plau
SM01014	ARID	0.187807629583258	-1.67233708692426	15	1	0.00735294117647059	136	9882	214855	Arid5a
SM00501	BRIGHT	0.187807629583258	-1.67233708692426	15	1	0.00735294117647059	136	9882	214855	Arid5a
SM00336	BBOX	0.189825782828918	-1.66164855994077	58	2	0.0147058823529412	136	9882	20128,209387	Trim30a,Trim30d
SM00146	PI3Kc	0.199002335406925	-1.61443871861332	16	1	0.00735294117647059	136	9882	18707	Pik3cd
SM00404	PTPc_motif	0.204863633458863	-1.58541072382886	61	2	0.0147058823529412	136	9882	19277,19279	Ptpro,Ptprr
SM00563	PlsC	0.210043860080705	-1.5604389125452	17	1	0.00735294117647059	136	9882	270084	Lpcat2
SM00137	MAM	0.210043860080705	-1.5604389125452	17	1	0.00735294117647059	136	9882	18187	Nrp2
SM00324	RhoGAP	0.220028181440308	-1.51399964337761	64	2	0.0147058823529412	136	9882	236920,14270	Stard8,Srgap2
SM00131	KU	0.231675660759687	-1.46241689941595	19	1	0.00735294117647059	136	9882	11820	App
SM00191	Int_alpha	0.231675660759687	-1.46241689941595	19	1	0.00735294117647059	136	9882	16408	Itgal
SM00332	PP2Cc	0.242270014420819	-1.41770241275582	20	1	0.00735294117647059	136	9882	319468	Ppm1h
SM00231	FA58C	0.242270014420819	-1.41770241275582	20	1	0.00735294117647059	136	9882	18187	Nrp2
SM00240	FHA	0.263025617099254	-1.33550384812856	22	1	0.00735294117647059	136	9882	17356	Afdn
SM00449	SPRY	0.271062241452926	-1.30540681121527	74	2	0.0147058823529412	136	9882	209387,20128	Trim30d,Trim30a
SM00471	HDc	0.273190781007472	-1.29758489633703	23	1	0.00735294117647059	136	9882	18576	Pde3b
SM00043	CY	0.302858661411747	-1.19448904628857	26	1	0.00735294117647059	136	9882	18054	Ngp
SM00176	RAN	0.311892992697867	-1.16509512212327	82	2	0.0147058823529412	136	9882	226421,64143	Rab7b,Ralb
SM00429	IPT	0.312478306501839	-1.16322023140942	27	1	0.00735294117647059	136	9882	17295	Met
SM01289	PYRIN	0.312478306501839	-1.16322023140942	27	1	0.00735294117647059	136	9882	236312	Ifi209
SM00147	RasGEF	0.321966175640091	-1.13330878355129	28	1	0.00735294117647059	136	9882	78255	Ralgps2
SM00303	GPS	0.331324060769724	-1.10465834698973	29	1	0.00735294117647059	136	9882	13733	Adgre1
SM00298	CHROMO	0.340553729687003	-1.07718236940352	30	1	0.00735294117647059	136	9882	320790	Chd7
SM00630	Sema	0.349656926262442	-1.05080281589807	31	1	0.00735294117647059	136	9882	17295	Met
SM00184	RING	0.384143873790857	-0.956738125235828	228	4	0.0294117647058824	136	9882	20128,74365,209387,209200	Trim30a,Lonrf3,Trim30d,Dtx3l
SM00180	EGF_Lam	0.384839050077711	-0.95493008384855	35	1	0.00735294117647059	136	9882	380713	Scarf1
SM00050	DISIN	0.401714918621826	-0.912012599591499	37	1	0.00735294117647059	136	9882	11490	Adam15
SM00297	BROMO	0.418131138355619	-0.871960167536266	39	1	0.00735294117647059	136	9882	434484	Sp140
SM00462	PTB	0.426170777209973	-0.852915127576457	40	1	0.00735294117647059	136	9882	13860	Eps8
SM00185	ARM	0.434100138542747	-0.834480037527258	41	1	0.00735294117647059	136	9882	16480	Jup
SM00369	LRR_TYP	0.43415139509591	-0.834361969084562	175	3	0.0220588235294118	136	9882	76905,21898,21899	Lrg1,Tlr4,Tlr6
SM00312	PX	0.441920723966444	-0.816624770532908	42	1	0.00735294117647059	136	9882	235406	Snx33
SM00608	ACR	0.449634014773546	-0.799321327629288	43	1	0.00735294117647059	136	9882	11490	Adam15
SM00339	FH	0.464744537882623	-0.766267405257345	45	1	0.00735294117647059	136	9882	56458	Foxo1
SM00028	TPR	0.48534123314988	-0.722903061931553	118	2	0.0147058823529412	136	9882	74365,231147	Lonrf3,Sh3tc1
SM00239	C2	0.498611508446564	-0.695928026637666	121	2	0.0147058823529412	136	9882	18751,18754	Prkcb,Prkce
SM00042	CUB	0.500743092177759	-0.691662099483414	50	1	0.00735294117647059	136	9882	18187	Nrp2
SM00338	BRLZ	0.507649005470921	-0.677965004320994	51	1	0.00735294117647059	136	9882	14281	Fos
SM00032	CCP	0.521177627279327	-0.651664360056976	53	1	0.00735294117647059	136	9882	20343	Sell
SM00225	BTB	0.528973872710912	-0.636816238304031	202	3	0.0220588235294118	136	9882	72844,74901,69288	Kctd17,Kbtbd11,Rhobtb1
SM00612	Kelch	0.534337173730459	-0.626728227798039	55	1	0.00735294117647059	136	9882	74901	Kbtbd11
SM00364	LRR_BAC	0.540781678088992	-0.614739634100612	56	1	0.00735294117647059	136	9882	76905	Lrg1
SM00248	ANK	0.561840567500756	-0.576537157056494	212	3	0.0220588235294118	136	9882	67847,245381,12051	Sncaip,Sowahd,Bcl3
SM00209	TSP1	0.583480541328439	-0.538744176006209	63	1	0.00735294117647059	136	9882	229595	Adamtsl4
SM00033	CH	0.589249626414045	-0.528905371168567	64	1	0.00735294117647059	136	9882	57257	Vav3
SM00325	RhoGEF	0.594939385090682	-0.519295752423168	65	1	0.00735294117647059	136	9882	57257	Vav3
SM00228	PDZ	0.60784583082703	-0.4978339968884	148	2	0.0147058823529412	136	9882	16170,17356	Il16,Afdn
SM01391	Filament	0.627471703241688	-0.466056703428539	71	1	0.00735294117647059	136	9882	74127	Krt80
SM00327	VWA	0.627471703241688	-0.466056703428539	71	1	0.00735294117647059	136	9882	16408	Itgal
SM00406	IGv	0.676027440138496	-0.391521611842151	81	1	0.00735294117647059	136	9882	52118	Pvr
SM00249	PHD	0.710303990286137	-0.342062245246528	89	1	0.00735294117647059	136	9882	434484	Sp140
SM00220	S_TKc	0.733624070528276	-0.309758547061979	359	4	0.0294117647058824	136	9882	26415,74137,18751,18754	Mapk13,Nuak2,Prkcb,Prkce
SM00490	HELICc	0.771646545506537	-0.259228676407402	106	1	0.00735294117647059	136	9882	320790	Chd7
SM00487	DEXDc	0.777956205091808	-0.251085048043954	108	1	0.00735294117647059	136	9882	320790	Chd7
SM00353	HLH	0.784092768515088	-0.243227938444227	110	1	0.00735294117647059	136	9882	17173	Ascl2
SM00112	CA	0.804274531350187	-0.217814611183094	117	1	0.00735294117647059	136	9882	54216	Pcdh7
SM00382	AAA	0.852189048481326	-0.159946888877418	137	1	0.00735294117647059	136	9882	26874	Abcd2
SM00233	PH	0.865948668002486	-0.143929647000443	252	2	0.0147058823529412	136	9882	57257,78255	Vav3,Ralgps2
SM00020	Tryp_SPc	0.881975426520288	-0.125591084451582	153	1	0.00735294117647059	136	9882	18792	Plau
SM00320	WD40	0.972526929069002	-0.0278575133135271	256	1	0.00735294117647059	136	9882	78885	Coro7
SM00355	ZnF_C2H2	0.998568066106212	-0.00143296009087384	620	2	0.0147058823529412	136	9882	224829,14581	Trerf1,Gfi1
SM00832	C8	0.999999999970956	-2.90437126115134e-11	14	0	0	136	9882
SM00445	LINK	0.999999999970956	-2.90437126115134e-11	14	0	0	136	9882
SM00502	BBC	0.999999999970956	-2.90437126115134e-11	14	0	0	136	9882
SM00615	EPH_lbd	0.999999999970956	-2.90437126115134e-11	14	0	0	136	9882
SM00647	IBR	0.999999999970956	-2.90437126115134e-11	14	0	0	136	9882
SM00241	ZP	0.999999999970956	-2.90437126115134e-11	14	0	0	136	9882
SM00666	PB1	0.999999999970956	-2.90437126115134e-11	14	0	0	136	9882
SM00177	ARF	0.999999999981397	-1.86029209834174e-11	41	0	0	136	9882
SM00129	KISc	0.999999999981397	-1.86029209834174e-11	41	0	0	136	9882
SM00212	UBCc	0.999999999981397	-1.86029209834174e-11	41	0	0	136	9882
SM00558	JmjC	0.999999999981771	-1.82285156737461e-11	29	0	0	136	9882
SM00451	ZnF_U1	0.999999999981771	-1.82285156737461e-11	29	0	0	136	9882
SM00110	C1Q	0.999999999981771	-1.82285156737461e-11	29	0	0	136	9882
SM00235	ZnMc	0.999999999981771	-1.82285156737461e-11	29	0	0	136	9882
SM00093	SERPIN	0.999999999982847	-1.71530273228724e-11	62	0	0	136	9882
SM00875	BACK	0.999999999982944	-1.7055923461344e-11	57	0	0	136	9882
SM00549	TAFH	0.999999999983155	-1.68452776619417e-11	5	0	0	136	9882
SM00539	NIDO	0.999999999983155	-1.68452776619417e-11	5	0	0	136	9882
SM00678	WWE	0.999999999983155	-1.68452776619417e-11	5	0	0	136	9882
SM00642	Aamy	0.999999999983155	-1.68452776619417e-11	5	0	0	136	9882
SM00540	LEM	0.999999999983155	-1.68452776619417e-11	5	0	0	136	9882
SM00614	ZnF_BED	0.999999999983155	-1.68452776619417e-11	5	0	0	136	9882
SM01175	DUF4206	0.999999999983155	-1.68452776619417e-11	5	0	0	136	9882
SM00533	MUTSd	0.999999999983155	-1.68452776619417e-11	5	0	0	136	9882
SM00321	WSC	0.999999999983155	-1.68452776619417e-11	5	0	0	136	9882
SM00878	Biotin_carb_C	0.999999999983155	-1.68452776619417e-11	5	0	0	136	9882
SM00991	WHEP-TRS	0.999999999983155	-1.68452776619417e-11	5	0	0	136	9882
SM00266	CAD	0.999999999983155	-1.68452776619417e-11	5	0	0	136	9882
SM00580	PUG	0.999999999983155	-1.68452776619417e-11	5	0	0	136	9882
SM00331	PP2C_SIG	0.999999999983155	-1.68452776619417e-11	5	0	0	136	9882
SM00089	PKD	0.999999999983155	-1.68452776619417e-11	5	0	0	136	9882
SM01015	Arfaptin	0.999999999983155	-1.68452776619417e-11	5	0	0	136	9882
SM00160	RanBD	0.999999999983155	-1.68452776619417e-11	5	0	0	136	9882
SM00264	BAG	0.999999999983155	-1.68452776619417e-11	5	0	0	136	9882
SM00572	DZF	0.999999999983155	-1.68452776619417e-11	5	0	0	136	9882
SM00534	MUTSac	0.999999999983155	-1.68452776619417e-11	5	0	0	136	9882
SM01408	ING	0.999999999983155	-1.68452776619417e-11	5	0	0	136	9882
SM00892	Endonuclease_NS	0.999999999983155	-1.68452776619417e-11	5	0	0	136	9882
SM00739	KOW	0.999999999983155	-1.68452776619417e-11	5	0	0	136	9882
SM01202	FerI	0.999999999983155	-1.68452776619417e-11	5	0	0	136	9882
SM00446	LRRcap	0.999999999983155	-1.68452776619417e-11	5	0	0	136	9882
SM00733	Mterf	0.999999999983155	-1.68452776619417e-11	5	0	0	136	9882
SM00673	CARP	0.999999999983155	-1.68452776619417e-11	5	0	0	136	9882
SM00838	EFG_C	0.999999999983155	-1.68452776619417e-11	5	0	0	136	9882
SM00872	Alpha-mann_mid	0.999999999983155	-1.68452776619417e-11	5	0	0	136	9882
SM01163	DUF1785	0.999999999983155	-1.68452776619417e-11	5	0	0	136	9882
SM00103	ALBUMIN	0.999999999983155	-1.68452776619417e-11	5	0	0	136	9882
SM01145	DUF1041	0.999999999983155	-1.68452776619417e-11	5	0	0	136	9882
SM00584	TLDc	0.999999999983155	-1.68452776619417e-11	5	0	0	136	9882
SM00891	ERCC4	0.999999999983155	-1.68452776619417e-11	5	0	0	136	9882
SM00571	DDT	0.999999999983155	-1.68452776619417e-11	5	0	0	136	9882
SM00588	NEUZ	0.999999999983155	-1.68452776619417e-11	5	0	0	136	9882
SM00879	Brix	0.999999999983155	-1.68452776619417e-11	5	0	0	136	9882
SM00602	VPS10	0.999999999983155	-1.68452776619417e-11	5	0	0	136	9882
SM00428	H3	0.999999999983155	-1.68452776619417e-11	5	0	0	136	9882
SM01041	BRO1	0.999999999983155	-1.68452776619417e-11	5	0	0	136	9882
SM00765	MANEC	0.999999999983155	-1.68452776619417e-11	5	0	0	136	9882
SM00664	DoH	0.999999999983155	-1.68452776619417e-11	5	0	0	136	9882
SM01270	Longin	0.999999999983155	-1.68452776619417e-11	5	0	0	136	9882
SM01201	FerB	0.999999999983155	-1.68452776619417e-11	5	0	0	136	9882
SM00570	AWS	0.999999999983155	-1.68452776619417e-11	5	0	0	136	9882
SM00165	UBA	0.999999999983429	-1.65709197057288e-11	31	0	0	136	9882
SM00100	cNMP	0.999999999983429	-1.65709197057288e-11	31	0	0	136	9882
SM01418	Defensin_propep	0.999999999983429	-1.65709197057288e-11	31	0	0	136	9882
SM00431	SCAN	0.999999999983973	-1.60269379341867e-11	42	0	0	136	9882
SM00210	TSPN	0.999999999985432	-1.4568239556314e-11	22	0	0	136	9882
SM00343	ZnF_C2HC	0.999999999985432	-1.4568239556314e-11	22	0	0	136	9882
SM00442	FGF	0.999999999985432	-1.4568239556314e-11	22	0	0	136	9882
SM00513	SAP	0.999999999985432	-1.4568239556314e-11	22	0	0	136	9882
SM00667	LisH	0.999999999985432	-1.4568239556314e-11	22	0	0	136	9882
SM00178	SAR	0.999999999985505	-1.44948452495205e-11	27	0	0	136	9882
SM00119	HECTc	0.999999999985505	-1.44948452495205e-11	27	0	0	136	9882
SM00005	DEATH	0.999999999985505	-1.44948452495205e-11	27	0	0	136	9882
SM00750	KIND	0.999999999986176	-1.38243908554782e-11	4	0	0	136	9882
SM01192	Enolase_C	0.999999999986176	-1.38243908554782e-11	4	0	0	136	9882
SM00734	ZnF_Rad18	0.999999999986176	-1.38243908554782e-11	4	0	0	136	9882
SM00058	FN1	0.999999999986176	-1.38243908554782e-11	4	0	0	136	9882
SM00227	NEBU	0.999999999986176	-1.38243908554782e-11	4	0	0	136	9882
SM01375	Dynein_light	0.999999999986176	-1.38243908554782e-11	4	0	0	136	9882
SM01338	NOD	0.999999999986176	-1.38243908554782e-11	4	0	0	136	9882
SM01153	DUF1693	0.999999999986176	-1.38243908554782e-11	4	0	0	136	9882
SM00485	XPGN	0.999999999986176	-1.38243908554782e-11	4	0	0	136	9882
SM00025	Pumilio	0.999999999986176	-1.38243908554782e-11	4	0	0	136	9882
SM00554	FAS1	0.999999999986176	-1.38243908554782e-11	4	0	0	136	9882
SM00560	LamGL	0.999999999986176	-1.38243908554782e-11	4	0	0	136	9882
SM01027	Beta-Casp	0.999999999986176	-1.38243908554782e-11	4	0	0	136	9882
SM00279	HhH2	0.999999999986176	-1.38243908554782e-11	4	0	0	136	9882
SM01225	G8	0.999999999986176	-1.38243908554782e-11	4	0	0	136	9882
SM01249	KASH	0.999999999986176	-1.38243908554782e-11	4	0	0	136	9882
SM00541	FYRN	0.999999999986176	-1.38243908554782e-11	4	0	0	136	9882
SM00694	DysFC	0.999999999986176	-1.38243908554782e-11	4	0	0	136	9882
SM01263	Leuk-A4-hydro_C	0.999999999986176	-1.38243908554782e-11	4	0	0	136	9882
SM01240	IMPDH	0.999999999986176	-1.38243908554782e-11	4	0	0	136	9882
SM00197	SAA	0.999999999986176	-1.38243908554782e-11	4	0	0	136	9882
SM00753	PAM	0.999999999986176	-1.38243908554782e-11	4	0	0	136	9882
SM00737	ML	0.999999999986176	-1.38243908554782e-11	4	0	0	136	9882
SM01392	MAGE_N	0.999999999986176	-1.38243908554782e-11	4	0	0	136	9882
SM01193	Enolase_N	0.999999999986176	-1.38243908554782e-11	4	0	0	136	9882
SM01053	CaMBD	0.999999999986176	-1.38243908554782e-11	4	0	0	136	9882
SM01046	c-SKI_SMAD_bind	0.999999999986176	-1.38243908554782e-11	4	0	0	136	9882
SM00474	35EXOc	0.999999999986176	-1.38243908554782e-11	4	0	0	136	9882
SM00955	RNB	0.999999999986176	-1.38243908554782e-11	4	0	0	136	9882
SM00098	alkPPc	0.999999999986176	-1.38243908554782e-11	4	0	0	136	9882
SM00483	POLXc	0.999999999986176	-1.38243908554782e-11	4	0	0	136	9882
SM00140	NGF	0.999999999986176	-1.38243908554782e-11	4	0	0	136	9882
SM00542	FYRC	0.999999999986176	-1.38243908554782e-11	4	0	0	136	9882
SM00973	Sec63	0.999999999986176	-1.38243908554782e-11	4	0	0	136	9882
SM00889	EFG_IV	0.999999999986176	-1.38243908554782e-11	4	0	0	136	9882
SM00804	TAP_C	0.999999999986176	-1.38243908554782e-11	4	0	0	136	9882
SM01277	MAGUK_N_PEST	0.999999999986176	-1.38243908554782e-11	4	0	0	136	9882
SM00701	PGRP	0.999999999986176	-1.38243908554782e-11	4	0	0	136	9882
SM00755	Grip	0.999999999986176	-1.38243908554782e-11	4	0	0	136	9882
SM00476	DNaseIc	0.999999999986176	-1.38243908554782e-11	4	0	0	136	9882
SM00520	BASIC	0.999999999986176	-1.38243908554782e-11	4	0	0	136	9882
SM00693	DysFN	0.999999999986176	-1.38243908554782e-11	4	0	0	136	9882
SM01020	B2-adapt-app_C	0.999999999986176	-1.38243908554782e-11	4	0	0	136	9882
SM01340	DNA_mis_repair	0.999999999986176	-1.38243908554782e-11	4	0	0	136	9882
SM00679	CTNS	0.999999999986176	-1.38243908554782e-11	4	0	0	136	9882
SM01007	Aldolase_II	0.999999999986176	-1.38243908554782e-11	4	0	0	136	9882
SM00313	PXA	0.999999999986176	-1.38243908554782e-11	4	0	0	136	9882
SM01339	NODP	0.999999999986176	-1.38243908554782e-11	4	0	0	136	9882
SM00068	GHB	0.999999999986176	-1.38243908554782e-11	4	0	0	136	9882
SM00051	DSL	0.999999999986176	-1.38243908554782e-11	4	0	0	136	9882
SM01417	Solute_trans_a	0.999999999986176	-1.38243908554782e-11	4	0	0	136	9882
SM00564	PQQ	0.999999999986176	-1.38243908554782e-11	4	0	0	136	9882
SM01407	NAC	0.999999999986176	-1.38243908554782e-11	4	0	0	136	9882
SM00206	NTR	0.999999999986176	-1.38243908554782e-11	4	0	0	136	9882
SM01178	DUF4217	0.999999999986176	-1.38243908554782e-11	4	0	0	136	9882
SM00723	AMOP	0.999999999986176	-1.38243908554782e-11	4	0	0	136	9882
SM00573	HSA	0.999999999986176	-1.38243908554782e-11	4	0	0	136	9882
SM01398	Cornichon	0.999999999986176	-1.38243908554782e-11	4	0	0	136	9882
SM00392	PROF	0.999999999986176	-1.38243908554782e-11	4	0	0	136	9882
SM00491	HELICc2	0.999999999986176	-1.38243908554782e-11	4	0	0	136	9882
SM00527	HMG17	0.999999999986176	-1.38243908554782e-11	4	0	0	136	9882
SM00920	MHC_II_alpha	0.999999999986176	-1.38243908554782e-11	4	0	0	136	9882
SM00486	POLBc	0.999999999986176	-1.38243908554782e-11	4	0	0	136	9882
SM00644	Ami_2	0.999999999986176	-1.38243908554782e-11	4	0	0	136	9882
SM00484	XPGI	0.999999999986176	-1.38243908554782e-11	4	0	0	136	9882
SM00426	TEA	0.999999999986176	-1.38243908554782e-11	4	0	0	136	9882
SM00488	DEXDc2	0.999999999986176	-1.38243908554782e-11	4	0	0	136	9882
SM00317	SET	0.999999999988025	-1.19750708031042e-11	36	0	0	136	9882
SM00280	KAZAL	0.999999999988025	-1.19750708031042e-11	36	0	0	136	9882
SM00195	DSPc	0.999999999988025	-1.19750708031042e-11	36	0	0	136	9882
SM00199	SCY	0.999999999989179	-1.08212812872231e-11	35	0	0	136	9882
SM00969	SOCS_box	0.999999999989179	-1.08212812872231e-11	35	0	0	136	9882
SM00204	TGFB	0.999999999989179	-1.08212812872231e-11	35	0	0	136	9882
SM00202	SR	0.999999999990948	-9.05154886412063e-12	28	0	0	136	9882
SM00414	H2A	0.999999999990948	-9.05154886412063e-12	28	0	0	136	9882
SM00229	RasGEFN	0.999999999990948	-9.05154886412063e-12	28	0	0	136	9882
SM00150	SPEC	0.999999999990948	-9.05154886412063e-12	28	0	0	136	9882
SM01195	FA	0.999999999991147	-8.85296588253946e-12	13	0	0	136	9882
SM00698	MORN	0.999999999991147	-8.85296588253946e-12	13	0	0	136	9882
SM00569	L27	0.999999999991147	-8.85296588253946e-12	13	0	0	136	9882
SM00323	RasGAP	0.999999999991147	-8.85296588253946e-12	13	0	0	136	9882
SM00156	PP2Ac	0.999999999991147	-8.85296588253946e-12	13	0	0	136	9882
SM00059	FN2	0.999999999991147	-8.85296588253946e-12	13	0	0	136	9882
SM00036	CNH	0.999999999991147	-8.85296588253946e-12	13	0	0	136	9882
SM00526	H15	0.999999999991147	-8.85296588253946e-12	13	0	0	136	9882
SM00479	EXOIII	0.999999999991147	-8.85296588253946e-12	13	0	0	136	9882
SM00230	CysPc	0.999999999991147	-8.85296588253946e-12	13	0	0	136	9882
SM00427	H2B	0.999999999991147	-8.85296588253946e-12	13	0	0	136	9882
SM00645	Pept_C1	0.999999999991864	-8.13651074839595e-12	23	0	0	136	9882
SM00458	RICIN	0.999999999991864	-8.13651074839595e-12	23	0	0	136	9882
SM00208	TNFR	0.999999999991864	-8.13651074839595e-12	23	0	0	136	9882
SM00450	RHOD	0.999999999991864	-8.13651074839595e-12	23	0	0	136	9882
SM00105	ArfGap	0.999999999991864	-8.13651074839595e-12	23	0	0	136	9882
SM00114	CARD	0.999999999992206	-7.79431191386176e-12	9	0	0	136	9882
SM00674	CENPB	0.999999999992206	-7.79431191386176e-12	9	0	0	136	9882
SM00316	S1	0.999999999992206	-7.79431191386176e-12	9	0	0	136	9882
SM00849	Lactamase_B	0.999999999992206	-7.79431191386176e-12	9	0	0	136	9882
SM00085	PA2c	0.999999999992206	-7.79431191386176e-12	9	0	0	136	9882
SM01026	Beach	0.999999999992206	-7.79431191386176e-12	9	0	0	136	9882
SM00727	STI1	0.999999999992206	-7.79431191386176e-12	9	0	0	136	9882
SM00141	PDGF	0.999999999992206	-7.79431191386176e-12	9	0	0	136	9882
SM00545	JmjN	0.999999999992206	-7.79431191386176e-12	9	0	0	136	9882
SM00078	IlGF	0.999999999992206	-7.79431191386176e-12	9	0	0	136	9882
SM00387	HATPase_c	0.999999999992206	-7.79431191386176e-12	9	0	0	136	9882
SM00218	ZU5	0.999999999992206	-7.79431191386176e-12	9	0	0	136	9882
SM00393	R3H	0.999999999992206	-7.79431191386176e-12	9	0	0	136	9882
SM00652	eIF1a	0.999999999992206	-7.79431191386176e-12	9	0	0	136	9882
SM01349	TOG	0.999999999992206	-7.79431191386176e-12	9	0	0	136	9882
SM01139	Drf_FH3	0.999999999992206	-7.79431191386176e-12	9	0	0	136	9882
SM00537	DCX	0.999999999992206	-7.79431191386176e-12	9	0	0	136	9882
SM01140	Drf_GBD	0.999999999992206	-7.79431191386176e-12	9	0	0	136	9882
SM00351	PAX	0.999999999992206	-7.79431191386176e-12	9	0	0	136	9882
SM00263	LYZ1	0.999999999992206	-7.79431191386176e-12	9	0	0	136	9882
SM00668	CTLH	0.999999999992206	-7.79431191386176e-12	9	0	0	136	9882
SM00855	PGAM	0.999999999992206	-7.79431191386176e-12	9	0	0	136	9882
SM00809	Alpha_adaptinC2	0.999999999992206	-7.79431191386176e-12	9	0	0	136	9882
SM00348	IRF	0.999999999992206	-7.79431191386176e-12	9	0	0	136	9882
SM00350	MCM	0.999999999992206	-7.79431191386176e-12	9	0	0	136	9882
SM01381	7TM_GPCR_Srsx	0.999999999993673	-6.32716956394483e-12	186	0	0	136	9882
SM00589	PRY	0.999999999993918	-6.08173931058517e-12	34	0	0	136	9882
SM00214	VWC	0.999999999993918	-6.08173931058517e-12	34	0	0	136	9882
SM00315	RGS	0.999999999993918	-6.08173931058517e-12	34	0	0	136	9882
SM00121	IB	0.99999999999444	-5.55985219941424e-12	19	0	0	136	9882
SM00292	BRCT	0.99999999999444	-5.55985219941424e-12	19	0	0	136	9882
SM00097	WNT1	0.99999999999444	-5.55985219941424e-12	19	0	0	136	9882
SM00864	Tubulin	0.99999999999444	-5.55985219941424e-12	19	0	0	136	9882
SM00848	Inhibitor_I29	0.99999999999444	-5.55985219941424e-12	19	0	0	136	9882
SM01089	Connexin_CCC	0.99999999999444	-5.55985219941424e-12	19	0	0	136	9882
SM00651	Sm	0.99999999999444	-5.55985219941424e-12	19	0	0	136	9882
SM00367	LRR_CC	0.99999999999444	-5.55985219941424e-12	19	0	0	136	9882
SM00284	OLF	0.999999999994743	-5.25731876360122e-12	12	0	0	136	9882
SM00290	ZnF_UBP	0.999999999994743	-5.25731876360122e-12	12	0	0	136	9882
SM00116	CBS	0.999999999994743	-5.25731876360122e-12	12	0	0	136	9882
SM00523	DWA	0.999999999994743	-5.25731876360122e-12	12	0	0	136	9882
SM00244	PHB	0.999999999994743	-5.25731876360122e-12	12	0	0	136	9882
SM00246	WH2	0.999999999994743	-5.25731876360122e-12	12	0	0	136	9882
SM01265	Mab-21	0.999999999994743	-5.25731876360122e-12	12	0	0	136	9882
SM00391	MBD	0.999999999994743	-5.25731876360122e-12	12	0	0	136	9882
SM00310	PTBI	0.999999999994743	-5.25731876360122e-12	12	0	0	136	9882
SM00232	JAB_MPN	0.999999999994743	-5.25731876360122e-12	12	0	0	136	9882
SM00337	BCL	0.999999999994743	-5.25731876360122e-12	12	0	0	136	9882
SM00159	PTX	0.999999999994743	-5.25731876360122e-12	12	0	0	136	9882
SM00908	Gal-bind_lectin	0.999999999994743	-5.25731876360122e-12	12	0	0	136	9882
SM00407	IGc1	0.999999999995089	-4.91055095987711e-12	58	0	0	136	9882
SM01411	Ephrin_rec_like	0.999999999995701	-4.29915526132124e-12	24	0	0	136	9882
SM00120	HX	0.999999999995701	-4.29915526132124e-12	24	0	0	136	9882
SM00008	HormR	0.999999999995701	-4.29915526132124e-12	24	0	0	136	9882
SM00076	IFabd	0.999999999995701	-4.29915526132124e-12	24	0	0	136	9882
SM00361	RRM_1	0.999999999995701	-4.29915526132124e-12	24	0	0	136	9882
SM00516	SEC14	0.999999999995701	-4.29915526132124e-12	24	0	0	136	9882
SM00091	PAS	0.999999999995701	-4.29915526132124e-12	24	0	0	136	9882
SM00333	TUDOR	0.999999999995904	-4.09629869965749e-12	25	0	0	136	9882
SM00072	GuKc	0.999999999995904	-4.09629869965749e-12	25	0	0	136	9882
SM01196	FERM_C	0.999999999995904	-4.09629869965749e-12	25	0	0	136	9882
SM01257	KRAP_IP3R_bind	0.999999999995919	-4.08080373514119e-12	3	0	0	136	9882
SM01366	c-clamp	0.999999999995919	-4.08080373514119e-12	3	0	0	136	9882
SM01146	DUF1086	0.999999999995919	-4.08080373514119e-12	3	0	0	136	9882
SM00882	CoA_trans	0.999999999995919	-4.08080373514119e-12	3	0	0	136	9882
SM01260	LANC_like	0.999999999995919	-4.08080373514119e-12	3	0	0	136	9882
SM00306	HintN	0.999999999995919	-4.08080373514119e-12	3	0	0	136	9882
SM00482	POLAc	0.999999999995919	-4.08080373514119e-12	3	0	0	136	9882
SM01151	DUF1518	0.999999999995919	-4.08080373514119e-12	3	0	0	136	9882
SM01367	DUF3452	0.999999999995919	-4.08080373514119e-12	3	0	0	136	9882
SM01334	DUF3454	0.999999999995919	-4.08080373514119e-12	3	0	0	136	9882
SM01269	Lipid_DES	0.999999999995919	-4.08080373514119e-12	3	0	0	136	9882
SM01147	DUF1087	0.999999999995919	-4.08080373514119e-12	3	0	0	136	9882
SM00162	SAPA	0.999999999995919	-4.08080373514119e-12	3	0	0	136	9882
SM01403	Ribosomal_S10	0.999999999995919	-4.08080373514119e-12	3	0	0	136	9882
SM00183	NAT_PEP	0.999999999995919	-4.08080373514119e-12	3	0	0	136	9882
SM01401	Sds3	0.999999999995919	-4.08080373514119e-12	3	0	0	136	9882
SM01368	RB_A	0.999999999995919	-4.08080373514119e-12	3	0	0	136	9882
SM00712	PUR	0.999999999995919	-4.08080373514119e-12	3	0	0	136	9882
SM00736	CADG	0.999999999995919	-4.08080373514119e-12	3	0	0	136	9882
SM00676	DM10	0.999999999995919	-4.08080373514119e-12	3	0	0	136	9882
SM01305	RESP18	0.999999999995919	-4.08080373514119e-12	3	0	0	136	9882
SM01073	CDC48_N	0.999999999995919	-4.08080373514119e-12	3	0	0	136	9882
SM00057	FIMAC	0.999999999995919	-4.08080373514119e-12	3	0	0	136	9882
SM01084	CKS	0.999999999995919	-4.08080373514119e-12	3	0	0	136	9882
SM01424	HAP1_N	0.999999999995919	-4.08080373514119e-12	3	0	0	136	9882
SM00751	BSD	0.999999999995919	-4.08080373514119e-12	3	0	0	136	9882
SM00594	UAS	0.999999999995919	-4.08080373514119e-12	3	0	0	136	9882
SM01232	H2TH	0.999999999995919	-4.08080373514119e-12	3	0	0	136	9882
SM00682	G2F	0.999999999995919	-4.08080373514119e-12	3	0	0	136	9882
SM01274	malic	0.999999999995919	-4.08080373514119e-12	3	0	0	136	9882
SM01051	CAMSAP_CKK	0.999999999995919	-4.08080373514119e-12	3	0	0	136	9882
SM00272	END	0.999999999995919	-4.08080373514119e-12	3	0	0	136	9882
SM00576	BTP	0.999999999995919	-4.08080373514119e-12	3	0	0	136	9882
SM01300	PEHE	0.999999999995919	-4.08080373514119e-12	3	0	0	136	9882
SM00341	HRDC	0.999999999995919	-4.08080373514119e-12	3	0	0	136	9882
SM00478	ENDO3c	0.999999999995919	-4.08080373514119e-12	3	0	0	136	9882
SM00363	S4	0.999999999995919	-4.08080373514119e-12	3	0	0	136	9882
SM01276	M60-like	0.999999999995919	-4.08080373514119e-12	3	0	0	136	9882
SM00919	Malic_M	0.999999999995919	-4.08080373514119e-12	3	0	0	136	9882
SM01218	FoP_duplication	0.999999999995919	-4.08080373514119e-12	3	0	0	136	9882
SM01370	TAFII55_N	0.999999999995919	-4.08080373514119e-12	3	0	0	136	9882
SM01199	FDF	0.999999999995919	-4.08080373514119e-12	3	0	0	136	9882
SM00663	RPOLA_N	0.999999999995919	-4.08080373514119e-12	3	0	0	136	9882
SM00960	Robl_LC7	0.999999999995919	-4.08080373514119e-12	3	0	0	136	9882
SM01246	Josephin	0.999999999995919	-4.08080373514119e-12	3	0	0	136	9882
SM00722	CASH	0.999999999995919	-4.08080373514119e-12	3	0	0	136	9882
SM01212	Fib_alpha	0.999999999995919	-4.08080373514119e-12	3	0	0	136	9882
SM00836	DALR_1	0.999999999995919	-4.08080373514119e-12	3	0	0	136	9882
SM00985	UBA_e1_C	0.999999999995919	-4.08080373514119e-12	3	0	0	136	9882
SM00931	NOSIC	0.999999999995919	-4.08080373514119e-12	3	0	0	136	9882
SM00265	BH4	0.999999999995919	-4.08080373514119e-12	3	0	0	136	9882
SM01083	Cir_N	0.999999999995919	-4.08080373514119e-12	3	0	0	136	9882
SM00311	PWI	0.999999999995919	-4.08080373514119e-12	3	0	0	136	9882
SM00758	PA14	0.999999999995919	-4.08080373514119e-12	3	0	0	136	9882
SM00851	MGS	0.999999999995919	-4.08080373514119e-12	3	0	0	136	9882
SM00278	HhH1	0.999999999995919	-4.08080373514119e-12	3	0	0	136	9882
SM01275	MamL-1	0.999999999995919	-4.08080373514119e-12	3	0	0	136	9882
SM00002	PLP	0.999999999995919	-4.08080373514119e-12	3	0	0	136	9882
SM01065	CBM_2	0.999999999995919	-4.08080373514119e-12	3	0	0	136	9882
SM00309	PAH	0.999999999995919	-4.08080373514119e-12	3	0	0	136	9882
SM01369	Rb_C	0.999999999995919	-4.08080373514119e-12	3	0	0	136	9882
SM00459	Sorb	0.999999999995919	-4.08080373514119e-12	3	0	0	136	9882
SM00536	AXH	0.999999999995919	-4.08080373514119e-12	3	0	0	136	9882
SM00113	CALCITONIN	0.999999999995919	-4.08080373514119e-12	3	0	0	136	9882
SM01333	Tet_JBP	0.999999999995919	-4.08080373514119e-12	3	0	0	136	9882
SM00553	SEP	0.999999999995919	-4.08080373514119e-12	3	0	0	136	9882
SM00300	ChSh	0.999999999995919	-4.08080373514119e-12	3	0	0	136	9882
SM00444	GYF	0.999999999995919	-4.08080373514119e-12	3	0	0	136	9882
SM00438	ZnF_NFX	0.999999999995919	-4.08080373514119e-12	3	0	0	136	9882
SM00963	SRP54_N	0.999999999995919	-4.08080373514119e-12	3	0	0	136	9882
SM00916	L51_S25_CI-B8	0.999999999995919	-4.08080373514119e-12	3	0	0	136	9882
SM00996	AdoHcyase	0.999999999995919	-4.08080373514119e-12	3	0	0	136	9882
SM00305	HintC	0.999999999995919	-4.08080373514119e-12	3	0	0	136	9882
SM00981	THUMP	0.999999999995919	-4.08080373514119e-12	3	0	0	136	9882
SM00090	RIO	0.999999999995919	-4.08080373514119e-12	3	0	0	136	9882
SM01279	Matrilin_ccoil	0.999999999995919	-4.08080373514119e-12	3	0	0	136	9882
SM00997	AdoHcyase_NAD	0.999999999995919	-4.08080373514119e-12	3	0	0	136	9882
SM00704	ZnF_CDGSH	0.999999999995919	-4.08080373514119e-12	3	0	0	136	9882
SM00803	TAF	0.999999999995919	-4.08080373514119e-12	3	0	0	136	9882
SM00735	ZM	0.999999999995919	-4.08080373514119e-12	3	0	0	136	9882
SM01176	DUF4208	0.999999999995919	-4.08080373514119e-12	3	0	0	136	9882
SM01271	LSM14	0.999999999995919	-4.08080373514119e-12	3	0	0	136	9882
SM01200	FerA	0.999999999995919	-4.08080373514119e-12	3	0	0	136	9882
SM00650	rADc	0.999999999995919	-4.08080373514119e-12	3	0	0	136	9882
SM00672	CAP10	0.999999999995919	-4.08080373514119e-12	3	0	0	136	9882
SM01299	PIP49_N	0.999999999995919	-4.08080373514119e-12	3	0	0	136	9882
SM00962	SRP54	0.999999999995919	-4.08080373514119e-12	3	0	0	136	9882
SM00473	PAN_AP	0.999999999995919	-4.08080373514119e-12	3	0	0	136	9882
SM00706	TECPR	0.999999999995919	-4.08080373514119e-12	3	0	0	136	9882
SM00151	SWIB	0.999999999995919	-4.08080373514119e-12	3	0	0	136	9882
SM00015	IQ	0.999999999996658	-3.34158536360144e-12	52	0	0	136	9882
SM00213	UBQ	0.999999999996829	-3.17061452307363e-12	43	0	0	136	9882
SM00013	LRRNT	0.999999999997511	-2.4885733990395e-12	53	0	0	136	9882
SM00256	FBOX	0.999999999997511	-2.4885733990395e-12	53	0	0	136	9882
SM00242	MYSc	0.99999999999803	-1.97002781469479e-12	38	0	0	136	9882
SM00461	WH1	0.999999999998913	-1.0868617831928e-12	11	0	0	136	9882
SM00508	PostSET	0.999999999998913	-1.0868617831928e-12	11	0	0	136	9882
SM00096	UTG	0.999999999998913	-1.0868617831928e-12	11	0	0	136	9882
SM00276	GLECT	0.999999999998913	-1.0868617831928e-12	11	0	0	136	9882
SM01330	Frizzled	0.999999999998913	-1.0868617831928e-12	11	0	0	136	9882
SM00386	HAT	0.999999999998913	-1.0868617831928e-12	11	0	0	136	9882
SM00038	COLFI	0.999999999998913	-1.0868617831928e-12	11	0	0	136	9882
SM00274	FOLN	0.999999999998913	-1.0868617831928e-12	11	0	0	136	9882
SM00027	EH	0.999999999998913	-1.0868617831928e-12	11	0	0	136	9882
SM00115	CASc	0.999999999998913	-1.0868617831928e-12	11	0	0	136	9882
SM00720	calpain_III	0.999999999998913	-1.0868617831928e-12	11	0	0	136	9882
SM00322	KH	0.999999999999238	-7.62029283964142e-13	37	0	0	136	9882
SM00164	TBC	0.999999999999238	-7.62029283964142e-13	37	0	0	136	9882
SM00149	PLCYc	0.999999999999513	-4.86928515496697e-13	15	0	0	136	9882
SM00726	UIM	0.999999999999513	-4.86928515496697e-13	15	0	0	136	9882
SM00498	FH2	0.999999999999513	-4.86928515496697e-13	15	0	0	136	9882
SM00352	POU	0.999999999999513	-4.86928515496697e-13	15	0	0	136	9882
SM01244	IRS	0.999999999999513	-4.86928515496697e-13	15	0	0	136	9882
SM00217	WAP	0.999999999999513	-4.86928515496697e-13	15	0	0	136	9882
SM00721	BAR	0.999999999999513	-4.86928515496697e-13	15	0	0	136	9882
SM00088	PINT	0.999999999999513	-4.86928515496697e-13	15	0	0	136	9882
SM01117	Cyt-b5	0.999999999999513	-4.86928515496697e-13	15	0	0	136	9882
SM00800	uDENN	0.999999999999513	-4.86928515496697e-13	15	0	0	136	9882
SM00136	LamNT	0.999999999999513	-4.86928515496697e-13	15	0	0	136	9882
SM00132	LIM	1.00000000000009	8.85945187082696e-14	73	0	0	136	9882
SM00398	HMG	1.00000000000064	6.404672849935e-13	51	0	0	136	9882
SM01052	CAP_GLY	1.00000000000072	7.23701893550867e-13	10	0	0	136	9882
SM01372	E2F_TDP	1.00000000000072	7.23701893550867e-13	10	0	0	136	9882
SM00543	MIF4G	1.00000000000072	7.23701893550867e-13	10	0	0	136	9882
SM01100	CRAL_TRIO_N	1.00000000000072	7.23701893550867e-13	10	0	0	136	9882
SM00251	SAM_PNT	1.00000000000072	7.23701893550867e-13	10	0	0	136	9882
SM01190	EMP24_GP25L	1.00000000000072	7.23701893550867e-13	10	0	0	136	9882
SM01017	Arrestin_C	1.00000000000072	7.23701893550867e-13	10	0	0	136	9882
SM00128	IPPc	1.00000000000072	7.23701893550867e-13	10	0	0	136	9882
SM00472	MIR	1.00000000000072	7.23701893550867e-13	10	0	0	136	9882
SM00745	MIT	1.00000000000072	7.23701893550867e-13	10	0	0	136	9882
SM00591	RWD	1.00000000000072	7.23701893550867e-13	10	0	0	136	9882
SM01039	BRICHOS	1.00000000000072	7.23701893550867e-13	10	0	0	136	9882
SM00635	BID_2	1.0000000000018	1.7969700163642e-12	2	0	0	136	9882
SM00525	FES	1.0000000000018	1.7969700163642e-12	2	0	0	136	9882
SM01233	HABP4_PAI-RBP1	1.0000000000018	1.7969700163642e-12	2	0	0	136	9882
SM00469	WIF	1.0000000000018	1.7969700163642e-12	2	0	0	136	9882
SM00992	YccV-like	1.0000000000018	1.7969700163642e-12	2	0	0	136	9882
SM01115	cwf21	1.0000000000018	1.7969700163642e-12	2	0	0	136	9882
SM00860	SMI1_KNR4	1.0000000000018	1.7969700163642e-12	2	0	0	136	9882
SM00632	Aamy_C	1.0000000000018	1.7969700163642e-12	2	0	0	136	9882
SM00299	CLH	1.0000000000018	1.7969700163642e-12	2	0	0	136	9882
SM01003	AlaDh_PNT_N	1.0000000000018	1.7969700163642e-12	2	0	0	136	9882
SM01070	CDC37_M	1.0000000000018	1.7969700163642e-12	2	0	0	136	9882
SM01410	DIM1	1.0000000000018	1.7969700163642e-12	2	0	0	136	9882
SM00937	PCRF	1.0000000000018	1.7969700163642e-12	2	0	0	136	9882
SM00951	QLQ	1.0000000000018	1.7969700163642e-12	2	0	0	136	9882
SM01086	ClpB_D2-small	1.0000000000018	1.7969700163642e-12	2	0	0	136	9882
SM00039	CRF	1.0000000000018	1.7969700163642e-12	2	0	0	136	9882
SM00433	TOP2c	1.0000000000018	1.7969700163642e-12	2	0	0	136	9882
SM01164	DUF1856	1.0000000000018	1.7969700163642e-12	2	0	0	136	9882
SM00902	Fe_hyd_SSU	1.0000000000018	1.7969700163642e-12	2	0	0	136	9882
SM01011	AMP_N	1.0000000000018	1.7969700163642e-12	2	0	0	136	9882
SM01028	Beta-TrCP_D	1.0000000000018	1.7969700163642e-12	2	0	0	136	9882
SM00967	SpoU_sub_bind	1.0000000000018	1.7969700163642e-12	2	0	0	136	9882
SM01138	DP	1.0000000000018	1.7969700163642e-12	2	0	0	136	9882
SM01010	AMPKBI	1.0000000000018	1.7969700163642e-12	2	0	0	136	9882
SM01144	DTW	1.0000000000018	1.7969700163642e-12	2	0	0	136	9882
SM00825	PKS_KS	1.0000000000018	1.7969700163642e-12	2	0	0	136	9882
SM00531	TFIIE	1.0000000000018	1.7969700163642e-12	2	0	0	136	9882
SM01239	IKKbetaNEMObind	1.0000000000018	1.7969700163642e-12	2	0	0	136	9882
SM00792	Agouti	1.0000000000018	1.7969700163642e-12	2	0	0	136	9882
SM01000	Aha1_N	1.0000000000018	1.7969700163642e-12	2	0	0	136	9882
SM01336	zf-PARP	1.0000000000018	1.7969700163642e-12	2	0	0	136	9882
SM01258	KRBA1	1.0000000000018	1.7969700163642e-12	2	0	0	136	9882
SM00662	RPOLD	1.0000000000018	1.7969700163642e-12	2	0	0	136	9882
SM01230	Gln-synt_C	1.0000000000018	1.7969700163642e-12	2	0	0	136	9882
SM00705	THEG	1.0000000000018	1.7969700163642e-12	2	0	0	136	9882
SM00657	RPOL4c	1.0000000000018	1.7969700163642e-12	2	0	0	136	9882
SM00881	CoA_binding	1.0000000000018	1.7969700163642e-12	2	0	0	136	9882
SM00807	AKAP_110	1.0000000000018	1.7969700163642e-12	2	0	0	136	9882
SM01281	Med12	1.0000000000018	1.7969700163642e-12	2	0	0	136	9882
SM00685	DM14	1.0000000000018	1.7969700163642e-12	2	0	0	136	9882
SM01283	Costars	1.0000000000018	1.7969700163642e-12	2	0	0	136	9882
SM00896	FDX-ACB	1.0000000000018	1.7969700163642e-12	2	0	0	136	9882
SM01229	GluR_Homer-bdg	1.0000000000018	1.7969700163642e-12	2	0	0	136	9882
SM00788	Adenylsucc_synt	1.0000000000018	1.7969700163642e-12	2	0	0	136	9882
SM01002	AlaDh_PNT_C	1.0000000000018	1.7969700163642e-12	2	0	0	136	9882
SM00080	LIF_OSM	1.0000000000018	1.7969700163642e-12	2	0	0	136	9882
SM01179	DUF862	1.0000000000018	1.7969700163642e-12	2	0	0	136	9882
SM01390	Ribosomal_S4	1.0000000000018	1.7969700163642e-12	2	0	0	136	9882
SM00993	YL1_C	1.0000000000018	1.7969700163642e-12	2	0	0	136	9882
SM01319	Tankyrase_bdg_C	1.0000000000018	1.7969700163642e-12	2	0	0	136	9882
SM01371	TFIIA	1.0000000000018	1.7969700163642e-12	2	0	0	136	9882
SM01206	Fibrillarin	1.0000000000018	1.7969700163642e-12	2	0	0	136	9882
SM01399	Sybindin	1.0000000000018	1.7969700163642e-12	2	0	0	136	9882
SM00435	TOPEUc	1.0000000000018	1.7969700163642e-12	2	0	0	136	9882
SM00649	RL11	1.0000000000018	1.7969700163642e-12	2	0	0	136	9882
SM00581	PSP	1.0000000000018	1.7969700163642e-12	2	0	0	136	9882
SM00711	TDU	1.0000000000018	1.7969700163642e-12	2	0	0	136	9882
SM01355	AP3B1_C	1.0000000000018	1.7969700163642e-12	2	0	0	136	9882
SM01387	Ribosomal_S15	1.0000000000018	1.7969700163642e-12	2	0	0	136	9882
SM01301	PTPlike_phytase	1.0000000000018	1.7969700163642e-12	2	0	0	136	9882
SM01415	DUF106	1.0000000000018	1.7969700163642e-12	2	0	0	136	9882
SM01050	CactinC_cactus	1.0000000000018	1.7969700163642e-12	2	0	0	136	9882
SM00029	GASTRIN	1.0000000000018	1.7969700163642e-12	2	0	0	136	9882
SM00494	ChtBD2	1.0000000000018	1.7969700163642e-12	2	0	0	136	9882
SM00661	RPOL9	1.0000000000018	1.7969700163642e-12	2	0	0	136	9882
SM00808	FABD	1.0000000000018	1.7969700163642e-12	2	0	0	136	9882
SM01072	CDC48_2	1.0000000000018	1.7969700163642e-12	2	0	0	136	9882
SM01313	Sec3-PIP2_bind	1.0000000000018	1.7969700163642e-12	2	0	0	136	9882
SM00846	Gp_dh_N	1.0000000000018	1.7969700163642e-12	2	0	0	136	9882
SM01141	DRY_EERY	1.0000000000018	1.7969700163642e-12	2	0	0	136	9882
SM01131	DHHA2	1.0000000000018	1.7969700163642e-12	2	0	0	136	9882
SM00188	IL10	1.0000000000018	1.7969700163642e-12	2	0	0	136	9882
SM00812	Alpha_L_fucos	1.0000000000018	1.7969700163642e-12	2	0	0	136	9882
SM00437	TOP1Ac	1.0000000000018	1.7969700163642e-12	2	0	0	136	9882
SM01097	CPSase_sm_chain	1.0000000000018	1.7969700163642e-12	2	0	0	136	9882
SM00550	Zalpha	1.0000000000018	1.7969700163642e-12	2	0	0	136	9882
SM01182	EF-1_beta_acid	1.0000000000018	1.7969700163642e-12	2	0	0	136	9882
SM01292	N1221	1.0000000000018	1.7969700163642e-12	2	0	0	136	9882
SM00126	IL6	1.0000000000018	1.7969700163642e-12	2	0	0	136	9882
SM00223	APPLE	1.0000000000018	1.7969700163642e-12	2	0	0	136	9882
SM00956	RQC	1.0000000000018	1.7969700163642e-12	2	0	0	136	9882
SM01268	BTD	1.0000000000018	1.7969700163642e-12	2	0	0	136	9882
SM01096	CPSase_L_D3	1.0000000000018	1.7969700163642e-12	2	0	0	136	9882
SM01421	DUF3480	1.0000000000018	1.7969700163642e-12	2	0	0	136	9882
SM00761	HDAC_interact	1.0000000000018	1.7969700163642e-12	2	0	0	136	9882
SM01423	Milton	1.0000000000018	1.7969700163642e-12	2	0	0	136	9882
SM00190	IL4_13	1.0000000000018	1.7969700163642e-12	2	0	0	136	9882
SM01074	Cdc6_C	1.0000000000018	1.7969700163642e-12	2	0	0	136	9882
SM00559	Ku78	1.0000000000018	1.7969700163642e-12	2	0	0	136	9882
SM00853	MutL_C	1.0000000000018	1.7969700163642e-12	2	0	0	136	9882
SM00436	TOP1Bc	1.0000000000018	1.7969700163642e-12	2	0	0	136	9882
SM01237	ICA69	1.0000000000018	1.7969700163642e-12	2	0	0	136	9882
SM00785	AARP2CN	1.0000000000018	1.7969700163642e-12	2	0	0	136	9882
SM01250	KAT11	1.0000000000018	1.7969700163642e-12	2	0	0	136	9882
SM01122	DBC1	1.0000000000018	1.7969700163642e-12	2	0	0	136	9882
SM00193	PTN	1.0000000000018	1.7969700163642e-12	2	0	0	136	9882
SM01267	LAG1_DNAbind	1.0000000000018	1.7969700163642e-12	2	0	0	136	9882
SM00466	SRA	1.0000000000018	1.7969700163642e-12	2	0	0	136	9882
SM01272	LsmAD	1.0000000000018	1.7969700163642e-12	2	0	0	136	9882
SM00512	Skp1	1.0000000000018	1.7969700163642e-12	2	0	0	136	9882
SM01154	DUF1704	1.0000000000018	1.7969700163642e-12	2	0	0	136	9882
SM00434	TOP4c	1.0000000000018	1.7969700163642e-12	2	0	0	136	9882
SM01161	DUF1767	1.0000000000018	1.7969700163642e-12	2	0	0	136	9882
SM00095	TR_THY	1.0000000000018	1.7969700163642e-12	2	0	0	136	9882
SM01076	CG-1	1.0000000000018	1.7969700163642e-12	2	0	0	136	9882
SM00551	ZnF_TAZ	1.0000000000018	1.7969700163642e-12	2	0	0	136	9882
SM00756	VKc	1.0000000000018	1.7969700163642e-12	2	0	0	136	9882
SM01130	DHDPS	1.0000000000018	1.7969700163642e-12	2	0	0	136	9882
SM01023	BAF	1.0000000000018	1.7969700163642e-12	2	0	0	136	9882
SM01382	Ribosomal_L2_C	1.0000000000018	1.7969700163642e-12	2	0	0	136	9882
SM00714	LITAF	1.0000000000018	1.7969700163642e-12	2	0	0	136	9882
SM01291	N-SET	1.0000000000018	1.7969700163642e-12	2	0	0	136	9882
SM01293	DUF3402	1.0000000000018	1.7969700163642e-12	2	0	0	136	9882
SM00893	ETF	1.0000000000018	1.7969700163642e-12	2	0	0	136	9882
SM00500	SFM	1.0000000000018	1.7969700163642e-12	2	0	0	136	9882
SM01142	DSHCT	1.0000000000018	1.7969700163642e-12	2	0	0	136	9882
SM01362	DUF663	1.0000000000018	1.7969700163642e-12	2	0	0	136	9882
SM01174	DUF4205	1.0000000000018	1.7969700163642e-12	2	0	0	136	9882
SM00978	Tim44	1.0000000000018	1.7969700163642e-12	2	0	0	136	9882
SM01314	SnAC	1.0000000000018	1.7969700163642e-12	2	0	0	136	9882
SM00852	MoCF_biosynth	1.0000000000018	1.7969700163642e-12	2	0	0	136	9882
SM01376	eIF-5a	1.0000000000018	1.7969700163642e-12	2	0	0	136	9882
SM00653	eIF2B_5	1.0000000000018	1.7969700163642e-12	2	0	0	136	9882
SM01389	Spt4	1.0000000000018	1.7969700163642e-12	2	0	0	136	9882
SM00493	TOPRIM	1.0000000000018	1.7969700163642e-12	2	0	0	136	9882
SM00777	Mad3_BUB1_I	1.0000000000018	1.7969700163642e-12	2	0	0	136	9882
SM01287	Rtt106	1.0000000000018	1.7969700163642e-12	2	0	0	136	9882
SM00873	B3_4	1.0000000000018	1.7969700163642e-12	2	0	0	136	9882
SM00638	LPD_N	1.0000000000018	1.7969700163642e-12	2	0	0	136	9882
SM01288	FISNA	1.0000000000018	1.7969700163642e-12	2	0	0	136	9882
SM00888	EF1_GNE	1.0000000000018	1.7969700163642e-12	2	0	0	136	9882
SM00003	NH	1.0000000000018	1.7969700163642e-12	2	0	0	136	9882
SM01194	eRF1_1	1.0000000000018	1.7969700163642e-12	2	0	0	136	9882
SM00732	YqgFc	1.0000000000018	1.7969700163642e-12	2	0	0	136	9882
SM00087	PTH	1.0000000000018	1.7969700163642e-12	2	0	0	136	9882
SM00586	ZnF_DBF	1.0000000000018	1.7969700163642e-12	2	0	0	136	9882
SM00976	Telo_bind	1.0000000000018	1.7969700163642e-12	2	0	0	136	9882
SM01383	Ribosomal_L2	1.0000000000018	1.7969700163642e-12	2	0	0	136	9882
SM01022	ASCH	1.0000000000018	1.7969700163642e-12	2	0	0	136	9882
SM01165	DUF1866	1.0000000000018	1.7969700163642e-12	2	0	0	136	9882
SM01104	CTD	1.0000000000018	1.7969700163642e-12	2	0	0	136	9882
SM00555	GIT	1.0000000000018	1.7969700163642e-12	2	0	0	136	9882
SM00827	PKS_AT	1.0000000000018	1.7969700163642e-12	2	0	0	136	9882
SM01345	Rapamycin_bind	1.0000000000018	1.7969700163642e-12	2	0	0	136	9882
SM01177	DUF4210	1.0000000000018	1.7969700163642e-12	2	0	0	136	9882
SM01374	Ribosomal_L14	1.0000000000018	1.7969700163642e-12	2	0	0	136	9882
SM00061	MATH	1.00000000000287	2.86707772061037e-12	17	0	0	136	9882
SM00744	RINGv	1.00000000000287	2.86707772061037e-12	17	0	0	136	9882
SM00224	GGL	1.00000000000287	2.86707772061037e-12	17	0	0	136	9882
SM00211	TY	1.00000000000287	2.86707772061037e-12	17	0	0	136	9882
SM00425	TBOX	1.00000000000287	2.86707772061037e-12	17	0	0	136	9882
SM00631	Zn_pept	1.00000000000287	2.86707772061037e-12	17	0	0	136	9882
SM00247	XTALbg	1.00000000000287	2.86707772061037e-12	17	0	0	136	9882
SM00216	VWD	1.00000000000287	2.86707772061037e-12	17	0	0	136	9882
SM01224	G_gamma	1.00000000000287	2.86707772061037e-12	17	0	0	136	9882
SM00261	FU	1.00000000000287	2.86707772061037e-12	17	0	0	136	9882
SM01332	Cyclin_C	1.00000000000287	2.86707772061037e-12	17	0	0	136	9882
SM00282	LamG	1.0000000000032	3.19807558051124e-12	40	0	0	136	9882
SM00268	ACTIN	1.00000000000336	3.35601053783666e-12	26	0	0	136	9882
SM00413	ETS	1.00000000000336	3.35601053783666e-12	26	0	0	136	9882
SM00356	ZnF_C3H1	1.00000000000355	3.54529297120011e-12	46	0	0	136	9882
SM01373	MAGE	1.00000000000538	5.38467786953934e-12	32	0	0	136	9882
SM00385	CYCLIN	1.00000000000538	5.38467786953934e-12	32	0	0	136	9882
SM01243	IRF-3	1.00000000000546	5.4599523390956e-12	7	0	0	136	9882
SM01055	Cadherin_pro	1.00000000000546	5.4599523390956e-12	7	0	0	136	9882
SM00396	ZnF_UBR1	1.00000000000546	5.4599523390956e-12	7	0	0	136	9882
SM00964	STAT_int	1.00000000000546	5.4599523390956e-12	7	0	0	136	9882
SM00822	PKS_KR	1.00000000000546	5.4599523390956e-12	7	0	0	136	9882
SM00582	RPR	1.00000000000546	5.4599523390956e-12	7	0	0	136	9882
SM01337	APC10	1.00000000000546	5.4599523390956e-12	7	0	0	136	9882
SM00715	LA	1.00000000000546	5.4599523390956e-12	7	0	0	136	9882
SM00201	SO	1.00000000000546	5.4599523390956e-12	7	0	0	136	9882
SM00065	GAF	1.00000000000546	5.4599523390956e-12	7	0	0	136	9882
SM00004	NL	1.00000000000546	5.4599523390956e-12	7	0	0	136	9882
SM00250	PLEC	1.00000000000546	5.4599523390956e-12	7	0	0	136	9882
SM00077	ITAM	1.00000000000546	5.4599523390956e-12	7	0	0	136	9882
SM01388	Mob1_phocein	1.00000000000546	5.4599523390956e-12	7	0	0	136	9882
SM01326	PTEN_C2	1.00000000000546	5.4599523390956e-12	7	0	0	136	9882
SM00182	CULLIN	1.00000000000546	5.4599523390956e-12	7	0	0	136	9882
SM01109	CUT	1.00000000000546	5.4599523390956e-12	7	0	0	136	9882
SM01328	zf-3CxxC	1.00000000000546	5.4599523390956e-12	7	0	0	136	9882
SM00301	DM	1.00000000000546	5.4599523390956e-12	7	0	0	136	9882
SM00328	BPI1	1.00000000000546	5.4599523390956e-12	7	0	0	136	9882
SM00671	SEL1	1.00000000000546	5.4599523390956e-12	7	0	0	136	9882
SM00515	eIF5C	1.00000000000546	5.4599523390956e-12	7	0	0	136	9882
SM00546	CUE	1.00000000000546	5.4599523390956e-12	7	0	0	136	9882
SM00053	DYNc	1.00000000000546	5.4599523390956e-12	7	0	0	136	9882
SM01062	Ca_chan_IQ	1.00000000000546	5.4599523390956e-12	7	0	0	136	9882
SM00390	GoLoco	1.00000000000546	5.4599523390956e-12	7	0	0	136	9882
SM00467	GS	1.00000000000546	5.4599523390956e-12	7	0	0	136	9882
SM00384	AT_hook	1.00000000000546	5.4599523390956e-12	7	0	0	136	9882
SM00101	14_3_3	1.00000000000546	5.4599523390956e-12	7	0	0	136	9882
SM00455	RBD	1.00000000000546	5.4599523390956e-12	7	0	0	136	9882
SM00692	DM3	1.00000000000546	5.4599523390956e-12	7	0	0	136	9882
SM00510	TFS2M	1.00000000000546	5.4599523390956e-12	7	0	0	136	9882
SM00509	TFS2N	1.00000000000546	5.4599523390956e-12	7	0	0	136	9882
SM00243	GAS2	1.00000000000546	5.4599523390956e-12	7	0	0	136	9882
SM00707	RPEL	1.00000000000546	5.4599523390956e-12	7	0	0	136	9882
SM00729	Elp3	1.00000000000546	5.4599523390956e-12	7	0	0	136	9882
SM00980	THAP	1.00000000000546	5.4599523390956e-12	7	0	0	136	9882
SM00365	LRR_SD22	1.00000000000619	6.18559965606884e-12	54	0	0	136	9882
SM00389	HOX	1.00000000000633	6.33168778869229e-12	252	0	0	136	9882
SM00831	Cation_ATPase_N	1.00000000000663	6.63429310201696e-12	16	0	0	136	9882
SM00069	GLA	1.00000000000663	6.63429310201696e-12	16	0	0	136	9882
SM00702	P4Hc	1.00000000000663	6.63429310201696e-12	16	0	0	136	9882
SM00275	G_alpha	1.00000000000663	6.63429310201696e-12	16	0	0	136	9882
SM00913	IBN_N	1.00000000000663	6.63429310201696e-12	16	0	0	136	9882
SM00799	DENN	1.00000000000663	6.63429310201696e-12	16	0	0	136	9882
SM00724	TLC	1.00000000000663	6.63429310201696e-12	16	0	0	136	9882
SM00358	DSRM	1.00000000000663	6.63429310201696e-12	16	0	0	136	9882
SM00207	TNF	1.00000000000663	6.63429310201696e-12	16	0	0	136	9882
SM00568	GRAM	1.00000000000663	6.63429310201696e-12	16	0	0	136	9882
SM00222	Sec7	1.00000000000663	6.63429310201696e-12	16	0	0	136	9882
SM00801	dDENN	1.00000000000663	6.63429310201696e-12	16	0	0	136	9882
SM00285	PBD	1.00000000000663	6.63429310201696e-12	16	0	0	136	9882
SM00086	PAC	1.00000000000663	6.63429310201696e-12	16	0	0	136	9882
SM00360	RRM	1.00000000000696	6.96303266976691e-12	199	0	0	136	9882
SM00683	DM16	1.00000000000707	7.0692791898086e-12	1	0	0	136	9882
SM00748	HEPN	1.00000000000707	7.0692791898086e-12	1	0	0	136	9882
SM01285	FACT-Spt16_Nlob	1.00000000000707	7.0692791898086e-12	1	0	0	136	9882
SM01136	DKCLD	1.00000000000707	7.0692791898086e-12	1	0	0	136	9882
SM00738	NGN	1.00000000000707	7.0692791898086e-12	1	0	0	136	9882
SM00030	CLb	1.00000000000707	7.0692791898086e-12	1	0	0	136	9882
SM00946	ProRS-C_1	1.00000000000707	7.0692791898086e-12	1	0	0	136	9882
SM00226	LMWPc	1.00000000000707	7.0692791898086e-12	1	0	0	136	9882
SM00189	IL2	1.00000000000707	7.0692791898086e-12	1	0	0	136	9882
SM00995	AD	1.00000000000707	7.0692791898086e-12	1	0	0	136	9882
SM01001	AIRC	1.00000000000707	7.0692791898086e-12	1	0	0	136	9882
SM01087	COG6	1.00000000000707	7.0692791898086e-12	1	0	0	136	9882
SM01409	RNA_pol_Rpb6	1.00000000000707	7.0692791898086e-12	1	0	0	136	9882
SM00040	CSF2	1.00000000000707	7.0692791898086e-12	1	0	0	136	9882
SM01024	BCS1_N	1.00000000000707	7.0692791898086e-12	1	0	0	136	9882
SM01102	CRM1_C	1.00000000000707	7.0692791898086e-12	1	0	0	136	9882
SM01348	Nbs1_C	1.00000000000707	7.0692791898086e-12	1	0	0	136	9882
SM01350	6PGD	1.00000000000707	7.0692791898086e-12	1	0	0	136	9882
SM01168	DUF1907	1.00000000000707	7.0692791898086e-12	1	0	0	136	9882
SM00530	HTH_XRE	1.00000000000707	7.0692791898086e-12	1	0	0	136	9882
SM01013	APC2	1.00000000000707	7.0692791898086e-12	1	0	0	136	9882
SM01344	NUC194	1.00000000000707	7.0692791898086e-12	1	0	0	136	9882
SM01222	FTCD_N	1.00000000000707	7.0692791898086e-12	1	0	0	136	9882
SM00934	OMPdecase	1.00000000000707	7.0692791898086e-12	1	0	0	136	9882
SM01148	DUF1220	1.00000000000707	7.0692791898086e-12	1	0	0	136	9882
SM00944	Pro-kuma_activ	1.00000000000707	7.0692791898086e-12	1	0	0	136	9882
SM01302	Raptor_N	1.00000000000707	7.0692791898086e-12	1	0	0	136	9882
SM01347	Mre11_DNA_bind	1.00000000000707	7.0692791898086e-12	1	0	0	136	9882
SM00975	Telomerase_RBD	1.00000000000707	7.0692791898086e-12	1	0	0	136	9882
SM01353	AIF_C	1.00000000000707	7.0692791898086e-12	1	0	0	136	9882
SM00463	SMR	1.00000000000707	7.0692791898086e-12	1	0	0	136	9882
SM00839	ELFV_dehydrog	1.00000000000707	7.0692791898086e-12	1	0	0	136	9882
SM01364	NPP	1.00000000000707	7.0692791898086e-12	1	0	0	136	9882
SM01413	Ribosomal_S19e	1.00000000000707	7.0692791898086e-12	1	0	0	136	9882
SM01346	DUF3385	1.00000000000707	7.0692791898086e-12	1	0	0	136	9882
SM01071	CDC37_N	1.00000000000707	7.0692791898086e-12	1	0	0	136	9882
SM01159	DUF1744	1.00000000000707	7.0692791898086e-12	1	0	0	136	9882
SM01395	Tbf5	1.00000000000707	7.0692791898086e-12	1	0	0	136	9882
SM01254	KLRAQ	1.00000000000707	7.0692791898086e-12	1	0	0	136	9882
SM01261	Thymopoietin	1.00000000000707	7.0692791898086e-12	1	0	0	136	9882
SM00203	TK	1.00000000000707	7.0692791898086e-12	1	0	0	136	9882
SM00858	SAF	1.00000000000707	7.0692791898086e-12	1	0	0	136	9882
SM00318	SNc	1.00000000000707	7.0692791898086e-12	1	0	0	136	9882
SM01310	RICTOR_V	1.00000000000707	7.0692791898086e-12	1	0	0	136	9882
SM01191	ENT	1.00000000000707	7.0692791898086e-12	1	0	0	136	9882
SM01309	RICTOR_phospho	1.00000000000707	7.0692791898086e-12	1	0	0	136	9882
SM00719	Plus3	1.00000000000707	7.0692791898086e-12	1	0	0	136	9882
SM01296	N2227	1.00000000000707	7.0692791898086e-12	1	0	0	136	9882
SM00883	Cpn10	1.00000000000707	7.0692791898086e-12	1	0	0	136	9882
SM01186	eIF3_N	1.00000000000707	7.0692791898086e-12	1	0	0	136	9882
SM00521	CBF	1.00000000000707	7.0692791898086e-12	1	0	0	136	9882
SM00928	NADH_4Fe-4S	1.00000000000707	7.0692791898086e-12	1	0	0	136	9882
SM00845	GatB_Yqey	1.00000000000707	7.0692791898086e-12	1	0	0	136	9882
SM01124	DBR1	1.00000000000707	7.0692791898086e-12	1	0	0	136	9882
SM01278	MAPKK1_Int	1.00000000000707	7.0692791898086e-12	1	0	0	136	9882
SM01047	C1_4	1.00000000000707	7.0692791898086e-12	1	0	0	136	9882
SM00417	H4	1.00000000000707	7.0692791898086e-12	1	0	0	136	9882
SM00874	B5	1.00000000000707	7.0692791898086e-12	1	0	0	136	9882
SM00784	SPT2	1.00000000000707	7.0692791898086e-12	1	0	0	136	9882
SM01128	DDRGK	1.00000000000707	7.0692791898086e-12	1	0	0	136	9882
SM00986	UDG	1.00000000000707	7.0692791898086e-12	1	0	0	136	9882
SM00817	Amelin	1.00000000000707	7.0692791898086e-12	1	0	0	136	9882
SM01152	DUF167	1.00000000000707	7.0692791898086e-12	1	0	0	136	9882
SM00709	Zpr1	1.00000000000707	7.0692791898086e-12	1	0	0	136	9882
SM01220	FSA_C	1.00000000000707	7.0692791898086e-12	1	0	0	136	9882
SM00987	UreE_C	1.00000000000707	7.0692791898086e-12	1	0	0	136	9882
SM01036	BP28CT	1.00000000000707	7.0692791898086e-12	1	0	0	136	9882
SM01384	Ribosomal_L15e	1.00000000000707	7.0692791898086e-12	1	0	0	136	9882
SM01155	DUF1713	1.00000000000707	7.0692791898086e-12	1	0	0	136	9882
SM01297	KAP	1.00000000000707	7.0692791898086e-12	1	0	0	136	9882
SM00023	COLIPASE	1.00000000000707	7.0692791898086e-12	1	0	0	136	9882
SM01405	Ribosomal_S6e	1.00000000000707	7.0692791898086e-12	1	0	0	136	9882
SM00984	UDPG_MGDP_dh_C	1.00000000000707	7.0692791898086e-12	1	0	0	136	9882
SM00157	PRP	1.00000000000707	7.0692791898086e-12	1	0	0	136	9882
SM00898	Fapy_DNA_glyco	1.00000000000707	7.0692791898086e-12	1	0	0	136	9882
SM01173	DUF4187	1.00000000000707	7.0692791898086e-12	1	0	0	136	9882
SM00017	OSTEO	1.00000000000707	7.0692791898086e-12	1	0	0	136	9882
SM01352	APCDDC	1.00000000000707	7.0692791898086e-12	1	0	0	136	9882
SM01214	Fmp27_GFWDK	1.00000000000707	7.0692791898086e-12	1	0	0	136	9882
SM01221	FTCD	1.00000000000707	7.0692791898086e-12	1	0	0	136	9882
SM00535	RIBOc	1.00000000000707	7.0692791898086e-12	1	0	0	136	9882
SM00818	Amelogenin	1.00000000000707	7.0692791898086e-12	1	0	0	136	9882
SM01402	Ribosomal_S27	1.00000000000707	7.0692791898086e-12	1	0	0	136	9882
SM01223	FTO_NTD	1.00000000000707	7.0692791898086e-12	1	0	0	136	9882
SM00507	HNHc	1.00000000000707	7.0692791898086e-12	1	0	0	136	9882
SM00823	PKS_PP	1.00000000000707	7.0692791898086e-12	1	0	0	136	9882
SM00465	GIYc	1.00000000000707	7.0692791898086e-12	1	0	0	136	9882
SM01303	RasGEF_N_2	1.00000000000707	7.0692791898086e-12	1	0	0	136	9882
SM01075	CDT1	1.00000000000707	7.0692791898086e-12	1	0	0	136	9882
SM00990	VRR_NUC	1.00000000000707	7.0692791898086e-12	1	0	0	136	9882
SM01393	Ribosomal_L32e	1.00000000000707	7.0692791898086e-12	1	0	0	136	9882
SM01386	Ribosomal_S13_N	1.00000000000707	7.0692791898086e-12	1	0	0	136	9882
SM01204	FIST_C	1.00000000000707	7.0692791898086e-12	1	0	0	136	9882
SM00654	eIF6	1.00000000000707	7.0692791898086e-12	1	0	0	136	9882
SM00035	CLa	1.00000000000707	7.0692791898086e-12	1	0	0	136	9882
SM00752	HTTM	1.00000000000707	7.0692791898086e-12	1	0	0	136	9882
SM00910	HIRAN	1.00000000000707	7.0692791898086e-12	1	0	0	136	9882
SM00658	RPOL8c	1.00000000000707	7.0692791898086e-12	1	0	0	136	9882
SM01280	Mcm10	1.00000000000707	7.0692791898086e-12	1	0	0	136	9882
SM01311	RPOL_N	1.00000000000707	7.0692791898086e-12	1	0	0	136	9882
SM01379	GAGE	1.00000000000707	7.0692791898086e-12	1	0	0	136	9882
SM01262	LAMTOR	1.00000000000707	7.0692791898086e-12	1	0	0	136	9882
SM01044	Btz	1.00000000000707	7.0692791898086e-12	1	0	0	136	9882
SM00703	NRF	1.00000000000707	7.0692791898086e-12	1	0	0	136	9882
SM00567	EZ_HEAT	1.00000000000707	7.0692791898086e-12	1	0	0	136	9882
SM01133	DeoC	1.00000000000707	7.0692791898086e-12	1	0	0	136	9882
SM01354	BLVR	1.00000000000707	7.0692791898086e-12	1	0	0	136	9882
SM01295	K167R	1.00000000000707	7.0692791898086e-12	1	0	0	136	9882
SM01363	ACTH_domain	1.00000000000707	7.0692791898086e-12	1	0	0	136	9882
SM01404	CIMR	1.00000000000707	7.0692791898086e-12	1	0	0	136	9882
SM00538	POP4	1.00000000000707	7.0692791898086e-12	1	0	0	136	9882
SM00941	PYNP_C	1.00000000000707	7.0692791898086e-12	1	0	0	136	9882
SM00613	PAW	1.00000000000707	7.0692791898086e-12	1	0	0	136	9882
SM01160	DUF1751	1.00000000000707	7.0692791898086e-12	1	0	0	136	9882
SM01035	BOP1NT	1.00000000000707	7.0692791898086e-12	1	0	0	136	9882
SM00754	CHRD	1.00000000000707	7.0692791898086e-12	1	0	0	136	9882
SM00802	UME	1.00000000000707	7.0692791898086e-12	1	0	0	136	9882
SM00127	IL7	1.00000000000707	7.0692791898086e-12	1	0	0	136	9882
SM01032	BHD_3	1.00000000000707	7.0692791898086e-12	1	0	0	136	9882
SM01016	Arg_tRNA_synt_N	1.00000000000707	7.0692791898086e-12	1	0	0	136	9882
SM00277	GRAN	1.00000000000707	7.0692791898086e-12	1	0	0	136	9882
SM01414	P68HR	1.00000000000707	7.0692791898086e-12	1	0	0	136	9882
SM00805	AGTRAP	1.00000000000707	7.0692791898086e-12	1	0	0	136	9882
SM00067	GHA	1.00000000000707	7.0692791898086e-12	1	0	0	136	9882
SM01169	DUF1943	1.00000000000707	7.0692791898086e-12	1	0	0	136	9882
SM01156	DUF1716	1.00000000000707	7.0692791898086e-12	1	0	0	136	9882
SM01253	Kin17_mid	1.00000000000707	7.0692791898086e-12	1	0	0	136	9882
SM01264	M16C_associated	1.00000000000707	7.0692791898086e-12	1	0	0	136	9882
SM00245	TSPc	1.00000000000707	7.0692791898086e-12	1	0	0	136	9882
SM00731	SprT	1.00000000000707	7.0692791898086e-12	1	0	0	136	9882
SM01406	PAPA-1	1.00000000000707	7.0692791898086e-12	1	0	0	136	9882
SM00743	Agenet	1.00000000000707	7.0692791898086e-12	1	0	0	136	9882
SM01004	ALAD	1.00000000000707	7.0692791898086e-12	1	0	0	136	9882
SM01356	AP4E_app_platf	1.00000000000707	7.0692791898086e-12	1	0	0	136	9882
SM00684	DM15	1.00000000000707	7.0692791898086e-12	1	0	0	136	9882
SM01077	Cg6151-P	1.00000000000707	7.0692791898086e-12	1	0	0	136	9882
SM01125	DCP2	1.00000000000707	7.0692791898086e-12	1	0	0	136	9882
SM00859	Semialdhyde_dh	1.00000000000707	7.0692791898086e-12	1	0	0	136	9882
SM01385	DSS1_SEM1	1.00000000000707	7.0692791898086e-12	1	0	0	136	9882
SM01331	DUF3635	1.00000000000707	7.0692791898086e-12	1	0	0	136	9882
SM01098	CPSF73-100_C	1.00000000000707	7.0692791898086e-12	1	0	0	136	9882
SM01341	Tower	1.00000000000707	7.0692791898086e-12	1	0	0	136	9882
SM01416	Ribosomal_L19e	1.00000000000707	7.0692791898086e-12	1	0	0	136	9882
SM01018	B12-binding_2	1.00000000000707	7.0692791898086e-12	1	0	0	136	9882
SM01158	DUF1741	1.00000000000707	7.0692791898086e-12	1	0	0	136	9882
SM00798	AICARFT_IMPCHas	1.00000000000707	7.0692791898086e-12	1	0	0	136	9882
SM01129	DELLA	1.00000000000707	7.0692791898086e-12	1	0	0	136	9882
SM00932	Nfu_N	1.00000000000707	7.0692791898086e-12	1	0	0	136	9882
SM01181	E2_bind	1.00000000000707	7.0692791898086e-12	1	0	0	136	9882
SM01135	DIRP	1.00000000000707	7.0692791898086e-12	1	0	0	136	9882
SM01286	SPT16	1.00000000000707	7.0692791898086e-12	1	0	0	136	9882
SM01365	Op_neuropeptide	1.00000000000707	7.0692791898086e-12	1	0	0	136	9882
SM01183	EF1G	1.00000000000707	7.0692791898086e-12	1	0	0	136	9882
SM00470	ParB	1.00000000000707	7.0692791898086e-12	1	0	0	136	9882
SM00983	TPK_B1_binding	1.00000000000707	7.0692791898086e-12	1	0	0	136	9882
SM01308	RICTOR_N	1.00000000000707	7.0692791898086e-12	1	0	0	136	9882
SM01069	CDC37_C	1.00000000000707	7.0692791898086e-12	1	0	0	136	9882
SM00929	NADH-G_4Fe-4S_3	1.00000000000707	7.0692791898086e-12	1	0	0	136	9882
SM01377	Ribosomal_L40e	1.00000000000707	7.0692791898086e-12	1	0	0	136	9882
SM01380	Ribosomal_L31e	1.00000000000707	7.0692791898086e-12	1	0	0	136	9882
SM01228	GIDA_assoc_3	1.00000000000707	7.0692791898086e-12	1	0	0	136	9882
SM01211	GATase_5	1.00000000000707	7.0692791898086e-12	1	0	0	136	9882
SM00254	ShKT	1.00000000000707	7.0692791898086e-12	1	0	0	136	9882
SM01031	BHD_2	1.00000000000707	7.0692791898086e-12	1	0	0	136	9882
SM01120	Dak2	1.00000000000707	7.0692791898086e-12	1	0	0	136	9882
SM01085	CK_II_beta	1.00000000000707	7.0692791898086e-12	1	0	0	136	9882
SM01033	BING4CT	1.00000000000707	7.0692791898086e-12	1	0	0	136	9882
SM00071	Galanin	1.00000000000707	7.0692791898086e-12	1	0	0	136	9882
SM00019	SF_P	1.00000000000707	7.0692791898086e-12	1	0	0	136	9882
SM01082	CHZ	1.00000000000707	7.0692791898086e-12	1	0	0	136	9882
SM00026	EPEND	1.00000000000707	7.0692791898086e-12	1	0	0	136	9882
SM01060	Catalase	1.00000000000707	7.0692791898086e-12	1	0	0	136	9882
SM01422	SARA	1.00000000000707	7.0692791898086e-12	1	0	0	136	9882
SM00084	NMU	1.00000000000707	7.0692791898086e-12	1	0	0	136	9882
SM00762	Cog4	1.00000000000707	7.0692791898086e-12	1	0	0	136	9882
SM00870	Asparaginase	1.00000000000707	7.0692791898086e-12	1	0	0	136	9882
SM01197	FANCL_C	1.00000000000707	7.0692791898086e-12	1	0	0	136	9882
SM00780	PIG-X	1.00000000000707	7.0692791898086e-12	1	0	0	136	9882
SM01273	Mago-bind	1.00000000000707	7.0692791898086e-12	1	0	0	136	9882
SM01219	Frataxin_Cyay	1.00000000000707	7.0692791898086e-12	1	0	0	136	9882
SM01284	ECSIT_Cterm	1.00000000000707	7.0692791898086e-12	1	0	0	136	9882
SM00998	ADSL_C	1.00000000000707	7.0692791898086e-12	1	0	0	136	9882
SM01306	RFX5_DNA_bdg	1.00000000000707	7.0692791898086e-12	1	0	0	136	9882
SM01030	BHD_1	1.00000000000707	7.0692791898086e-12	1	0	0	136	9882
SM01118	CYTH	1.00000000000707	7.0692791898086e-12	1	0	0	136	9882
SM00826	PKS_DH	1.00000000000707	7.0692791898086e-12	1	0	0	136	9882
SM01123	DBP10CT	1.00000000000707	7.0692791898086e-12	1	0	0	136	9882
SM01396	BC10	1.00000000000707	7.0692791898086e-12	1	0	0	136	9882
SM01335	PADR1	1.00000000000707	7.0692791898086e-12	1	0	0	136	9882
SM01210	GARS_C	1.00000000000707	7.0692791898086e-12	1	0	0	136	9882
SM01209	GARS_A	1.00000000000707	7.0692791898086e-12	1	0	0	136	9882
SM00659	RPOLCX	1.00000000000707	7.0692791898086e-12	1	0	0	136	9882
SM01307	RICTOR_M	1.00000000000707	7.0692791898086e-12	1	0	0	136	9882
SM01378	Romo1	1.00000000000707	7.0692791898086e-12	1	0	0	136	9882
SM01180	DWNN	1.00000000000707	7.0692791898086e-12	1	0	0	136	9882
SM01162	DUF1771	1.00000000000707	7.0692791898086e-12	1	0	0	136	9882
SM00904	Flavokinase	1.00000000000707	7.0692791898086e-12	1	0	0	136	9882
SM01342	TAN	1.00000000000707	7.0692791898086e-12	1	0	0	136	9882
SM00288	VHS	1.00000000000744	7.43586819643552e-12	8	0	0	136	9882
SM00200	SEA	1.00000000000744	7.43586819643552e-12	8	0	0	136	9882
SM00329	BPI2	1.00000000000744	7.43586819643552e-12	8	0	0	136	9882
SM00107	BTK	1.00000000000744	7.43586819643552e-12	8	0	0	136	9882
SM00746	TRASH	1.00000000000744	7.43586819643552e-12	8	0	0	136	9882
SM00557	IG_FLMN	1.00000000000744	7.43586819643552e-12	8	0	0	136	9882
SM00948	Proteasome_A_N	1.00000000000744	7.43586819643552e-12	8	0	0	136	9882
SM00861	Transket_pyr	1.00000000000744	7.43586819643552e-12	8	0	0	136	9882
SM00125	IL1	1.00000000000744	7.43586819643552e-12	8	0	0	136	9882
SM00139	MyTH4	1.00000000000744	7.43586819643552e-12	8	0	0	136	9882
SM00562	NDK	1.00000000000744	7.43586819643552e-12	8	0	0	136	9882
SM00154	ZnF_AN1	1.00000000000744	7.43586819643552e-12	8	0	0	136	9882
SM00357	CSP	1.00000000000744	7.43586819643552e-12	8	0	0	136	9882
SM00577	CPDc	1.00000000000744	7.43586819643552e-12	8	0	0	136	9882
SM00504	Ubox	1.00000000000744	7.43586819643552e-12	8	0	0	136	9882
SM00330	PIPKc	1.00000000000744	7.43586819643552e-12	8	0	0	136	9882
SM01412	Pro-rich	1.00000000000744	7.43586819643552e-12	8	0	0	136	9882
SM00237	Calx_beta	1.00000000000744	7.43586819643552e-12	8	0	0	136	9882
SM00468	PreSET	1.00000000000744	7.43586819643552e-12	8	0	0	136	9882
SM00281	LamB	1.00000000000744	7.43586819643552e-12	8	0	0	136	9882
SM01420	TRP_2	1.00000000000744	7.43586819643552e-12	8	0	0	136	9882
SM00609	VIT	1.00000000000744	7.43586819643552e-12	8	0	0	136	9882
SM00167	VPS9	1.00000000000744	7.43586819643552e-12	8	0	0	136	9882
SM00166	UBX	1.00000000000744	7.43586819643552e-12	8	0	0	136	9882
SM01203	DUF3585	1.00000000000744	7.43586819643552e-12	8	0	0	136	9882
SM00511	ORANGE	1.00000000000744	7.43586819643552e-12	8	0	0	136	9882
SM00884	Cullin_Nedd8	1.00000000000744	7.43586819643552e-12	8	0	0	136	9882
SM00524	DWB	1.00000000000744	7.43586819643552e-12	8	0	0	136	9882
SM00503	SynN	1.00000000000744	7.43586819643552e-12	8	0	0	136	9882
SM01025	BEN	1.00000000000744	7.43586819643552e-12	8	0	0	136	9882
SM00349	KRAB	1.00000000000797	7.96563294622182e-12	291	0	0	136	9882
SM00063	FRI	1.00000000000925	9.24950502799273e-12	20	0	0	136	9882
SM00397	t_SNARE	1.00000000000925	9.24950502799273e-12	20	0	0	136	9882
SM00443	G_patch	1.00000000000925	9.24950502799273e-12	20	0	0	136	9882
SM00293	PWWP	1.00000000000925	9.24950502799273e-12	20	0	0	136	9882
SM00041	CT	1.00000000000925	9.24950502799273e-12	20	0	0	136	9882
SM00215	VWC_out	1.00000000000925	9.24950502799273e-12	20	0	0	136	9882
SM00253	SOCS	1.00000000000925	9.24950502799273e-12	20	0	0	136	9882
SM00044	CYCc	1.00000000000925	9.24950502799273e-12	20	0	0	136	9882
SM00547	ZnF_RBZ	1.00000000000925	9.24950502799273e-12	20	0	0	136	9882
SM00456	WW	1.00000000001006	1.00578510009399e-11	47	0	0	136	9882
SM00271	DnaJ	1.00000000001006	1.00578510009399e-11	47	0	0	136	9882
SM00295	B41	1.00000000001006	1.00578510009399e-11	47	0	0	136	9882
SM00291	ZnF_ZZ	1.00000000001039	1.03915437045007e-11	18	0	0	136	9882
SM00308	LH2	1.00000000001039	1.03915437045007e-11	18	0	0	136	9882
SM00014	acidPPc	1.00000000001039	1.03915437045007e-11	18	0	0	136	9882
SM00865	Tubulin_C	1.00000000001039	1.03915437045007e-11	18	0	0	136	9882
SM00847	HA2	1.00000000001039	1.03915437045007e-11	18	0	0	136	9882
SM00037	CNX	1.00000000001039	1.03915437045007e-11	18	0	0	136	9882
SM00148	PLCXc	1.00000000001039	1.03915437045007e-11	18	0	0	136	9882
SM01057	Carb_anhydrase	1.00000000001039	1.03915437045007e-11	18	0	0	136	9882
SM00918	Lig_chan-Glu_bd	1.00000000001039	1.03915437045007e-11	18	0	0	136	9882
SM00593	RUN	1.00000000001039	1.03915437045007e-11	18	0	0	136	9882
SM00079	PBPe	1.00000000001039	1.03915437045007e-11	18	0	0	136	9882
SM00064	FYVE	1.00000000001091	1.09101831349209e-11	30	0	0	136	9882
SM00775	LNS2	1.00000000001443	1.44307150436491e-11	6	0	0	136	9882
SM00915	Jacalin	1.00000000001443	1.44307150436491e-11	6	0	0	136	9882
SM00022	PLAc	1.00000000001443	1.44307150436491e-11	6	0	0	136	9882
SM01137	DMAP_binding	1.00000000001443	1.44307150436491e-11	6	0	0	136	9882
SM00968	SMC_hinge	1.00000000001443	1.44307150436491e-11	6	0	0	136	9882
SM00441	FF	1.00000000001443	1.44307150436491e-11	6	0	0	136	9882
SM01400	Pribosyltran_N	1.00000000001443	1.44307150436491e-11	6	0	0	136	9882
SM00440	ZnF_C2C2	1.00000000001443	1.44307150436491e-11	6	0	0	136	9882
SM00950	Piwi	1.00000000001443	1.44307150436491e-11	6	0	0	136	9882
SM00863	tRNA_SAD	1.00000000001443	1.44307150436491e-11	6	0	0	136	9882
SM00031	DED	1.00000000001443	1.44307150436491e-11	6	0	0	136	9882
SM00665	B561	1.00000000001443	1.44307150436491e-11	6	0	0	136	9882
SM00394	RIIa	1.00000000001443	1.44307150436491e-11	6	0	0	136	9882
SM00432	MADS	1.00000000001443	1.44307150436491e-11	6	0	0	136	9882
SM00710	PbH1	1.00000000001443	1.44307150436491e-11	6	0	0	136	9882
SM00259	ZnF_A20	1.00000000001443	1.44307150436491e-11	6	0	0	136	9882
SM00021	DAX	1.00000000001443	1.44307150436491e-11	6	0	0	136	9882
SM00952	RAP	1.00000000001443	1.44307150436491e-11	6	0	0	136	9882
SM00477	NUC	1.00000000001443	1.44307150436491e-11	6	0	0	136	9882
SM01184	efhand_Ca_insen	1.00000000001443	1.44307150436491e-11	6	0	0	136	9882
SM01127	DDHD	1.00000000001443	1.44307150436491e-11	6	0	0	136	9882
SM00517	PolyA	1.00000000001443	1.44307150436491e-11	6	0	0	136	9882
SM00544	MA3	1.00000000001443	1.44307150436491e-11	6	0	0	136	9882
SM00548	IRO	1.00000000001443	1.44307150436491e-11	6	0	0	136	9882
SM00415	HSF	1.00000000001443	1.44307150436491e-11	6	0	0	136	9882
SM00670	PINc	1.00000000001443	1.44307150436491e-11	6	0	0	136	9882
SM00603	LCCL	1.00000000001443	1.44307150436491e-11	6	0	0	136	9882
SM00730	PSN	1.00000000001443	1.44307150436491e-11	6	0	0	136	9882
SM00757	CRA	1.00000000001443	1.44307150436491e-11	6	0	0	136	9882
SM00949	PAZ	1.00000000001443	1.44307150436491e-11	6	0	0	136	9882
SM00152	THY	1.00000000001443	1.44307150436491e-11	6	0	0	136	9882
SM01343	FATC	1.00000000001443	1.44307150436491e-11	6	0	0	136	9882
SM00155	PLDc	1.00000000001443	1.44307150436491e-11	6	0	0	136	9882
SM00302	GED	1.00000000001443	1.44307150436491e-11	6	0	0	136	9882
SM00695	DUSP	1.00000000001443	1.44307150436491e-11	6	0	0	136	9882
SM00907	GDNF	1.00000000001443	1.44307150436491e-11	6	0	0	136	9882
SM00811	Alpha_kinase	1.00000000001443	1.44307150436491e-11	6	0	0	136	9882
SM00921	MHC_II_beta	1.00000000001443	1.44307150436491e-11	6	0	0	136	9882
SM01114	CXC	1.00000000001443	1.44307150436491e-11	6	0	0	136	9882
SM00648	SWAP	1.00000000001443	1.44307150436491e-11	6	0	0	136	9882
SM00359	PUA	1.00000000001443	1.44307150436491e-11	6	0	0	136	9882
SM01198	FBA	1.00000000001443	1.44307150436491e-11	6	0	0	136	9882
SM00257	LysM	1.00000000001443	1.44307150436491e-11	6	0	0	136	9882
SM00070	GLUCA	1.00000000001443	1.44307150436491e-11	6	0	0	136	9882
SM00742	Hr1	1.00000000001443	1.44307150436491e-11	6	0	0	136	9882
SM01329	Iso_dh	1.00000000001443	1.44307150436491e-11	6	0	0	136	9882
SM00552	ADEAMc	1.00000000001443	1.44307150436491e-11	6	0	0	136	9882
SM00049	DEP	1.00000000001559	1.55914965066107e-11	21	0	0	136	9882
SM00048	DEFSN	1.00000000001559	1.55914965066107e-11	21	0	0	136	9882
SM00134	LU	1.00000000001559	1.55914965066107e-11	21	0	0	136	9882
