TermID	Term	Enrichment	logP	Genes in Term	Target Genes in Term	Fraction of Targets in Term	Total Target Genes	Total Genes	Entrez Gene IDs	Gene Symbols
SM01092	CO_deh_flav_C	0.000114164576990024	-9.07786949283463	5	2	0.0588235294117647	34	9882	71872,213043	Aox4,Aox2
SM01008	Ald_Xan_dh_C	0.000114164576990024	-9.07786949283463	5	2	0.0588235294117647	34	9882	213043,71872	Aox2,Aox4
SM01096	CPSase_L_D3	0.00686970742148968	-4.98063376150198	2	1	0.0294117647058824	34	9882	227231	Cps1
SM01097	CPSase_sm_chain	0.00686970742148968	-4.98063376150198	2	1	0.0294117647058824	34	9882	227231	Cps1
SM00706	TECPR	0.0102873622745255	-4.576839100721	3	1	0.0294117647058824	34	9882	70381	Tecpr1
SM01260	LANC_like	0.0102873622745255	-4.576839100721	3	1	0.0294117647058824	34	9882	14768	Lancl1
SM00851	MGS	0.0102873622745255	-4.576839100721	3	1	0.0294117647058824	34	9882	227231	Cps1
SM00278	HhH1	0.0102873622745255	-4.576839100721	3	1	0.0294117647058824	34	9882	110033	Kif22
SM00693	DysFN	0.0136936007278754	-4.2908266554284	4	1	0.0294117647058824	34	9882	70381	Tecpr1
SM00694	DysFC	0.0136936007278754	-4.2908266554284	4	1	0.0294117647058824	34	9882	70381	Tecpr1
SM00592	BRK	0.0204719762557843	-3.88869833996392	6	1	0.0294117647058824	34	9882	67772	Chd8
SM00729	Elp3	0.0238441869491545	-3.73621482514376	7	1	0.0294117647058824	34	9882	74195	Elp3
SM00159	PTX	0.0405369317306368	-3.2055418258093	12	1	0.0294117647058824	34	9882	53324	Nptx2
SM00502	BBC	0.0471361625217124	-3.05471479077608	14	1	0.0294117647058824	34	9882	17318	Mid1
SM00222	Sec7	0.0536913295819918	-2.92450375080154	16	1	0.0294117647058824	34	9882	19159	Cyth3
SM00137	MAM	0.0569524784576358	-2.86553807014766	17	1	0.0294117647058824	34	9882	18187	Nrp2
SM00247	XTALbg	0.0569524784576358	-2.86553807014766	17	1	0.0294117647058824	34	9882	12969	Crygf
SM00231	FA58C	0.0666706121488549	-2.70799102062059	20	1	0.0294117647058824	34	9882	18187	Nrp2
SM00513	SAP	0.0730952930116997	-2.61599130538442	22	1	0.0294117647058824	34	9882	56215	Acin1
SM00208	TNFR	0.0762915161420726	-2.5731935376724	23	1	0.0294117647058824	34	9882	29820	Tnfrsf19
SM00119	HECTc	0.0889697715473249	-2.41945861247828	27	1	0.0294117647058824	34	9882	75788	Smurf1
SM00202	SR	0.0921128489501136	-2.38474083459261	28	1	0.0294117647058824	34	9882	71145	Scara5
SM00298	CHROMO	0.0983674604363466	-2.3190452162353	30	1	0.0294117647058824	34	9882	67772	Chd8
SM00050	DISIN	0.11993096278903	-2.12083901184586	37	1	0.0294117647058824	34	9882	23792	Adam23
SM00242	MYSc	0.122970307358249	-2.09581235634373	38	1	0.0294117647058824	34	9882	140781	Myh7
SM00129	KISc	0.132027340757374	-2.02474625089379	41	1	0.0294117647058824	34	9882	110033	Kif22
SM00608	ACR	0.138014859380784	-1.9803939229493	43	1	0.0294117647058824	34	9882	23792	Adam23
SM00295	B41	0.149869866340561	-1.89798791916148	47	1	0.0294117647058824	34	9882	19229	Ptk2b
SM00456	WW	0.149869866340561	-1.89798791916148	47	1	0.0294117647058824	34	9882	75788	Smurf1
SM00042	CUB	0.158657116478573	-1.84100990549143	50	1	0.0294117647058824	34	9882	18187	Nrp2
SM00338	BRLZ	0.161566560949694	-1.82283807912329	51	1	0.0294117647058824	34	9882	110794	Cebpe
SM00248	ANK	0.164853563679913	-1.80269769198551	212	2	0.0588235294117647	34	9882	232339,66729	Ankrd26,Ankrd61
SM00336	BBOX	0.181660991579577	-1.70561301248645	58	1	0.0294117647058824	34	9882	17318	Mid1
SM00093	SERPIN	0.192932824815754	-1.64541320861294	62	1	0.0294117647058824	34	9882	319433	Serpine3
SM00389	HOX	0.214724351297667	-1.53840016041874	252	2	0.0588235294117647	34	9882	239099,668814	Homez,Gm9376
SM00449	SPRY	0.225851603370422	-1.48787711763543	74	1	0.0294117647058824	34	9882	17318	Mid1
SM00082	LRRCT	0.228535233624774	-1.47606488524033	75	1	0.0294117647058824	34	9882	75409	Slitrk5
SM00219	TyrKc	0.244448407718784	-1.40875100370836	81	1	0.0294117647058824	34	9882	19229	Ptk2b
SM00490	HELICc	0.307391630670983	-1.17963267443246	106	1	0.0294117647058824	34	9882	67772	Chd8
SM00487	DEXDc	0.312201150885705	-1.16410758453442	108	1	0.0294117647058824	34	9882	67772	Chd8
SM00239	C2	0.342682152348336	-1.07095193097823	121	1	0.0294117647058824	34	9882	75788	Smurf1
SM00174	RHO	0.347253615225814	-1.05769988638441	123	1	0.0294117647058824	34	9882	140743	Rem2
SM00220	S_TKc	0.351715477733364	-1.04493273213001	359	2	0.0588235294117647	34	9882	15467,26559	Eif2ak1,Hunk
SM00173	RAS	0.365232836640613	-1.00722022017243	131	1	0.0294117647058824	34	9882	140743	Rem2
SM00175	RAB	0.401857004807021	-0.911658963077995	148	1	0.0294117647058824	34	9882	140743	Rem2
SM00060	FN3	0.403946265319485	-0.906473416502092	149	1	0.0294117647058824	34	9882	17318	Mid1
SM00369	LRR_TYP	0.455847507226194	-0.785596939374219	175	1	0.0294117647058824	34	9882	75409	Slitrk5
SM00360	RRM	0.499844620063337	-0.693457988729126	199	1	0.0294117647058824	34	9882	54196	Pabpn1
SM00184	RING	0.548414992169348	-0.60072299364915	228	1	0.0294117647058824	34	9882	17318	Mid1
SM00233	PH	0.585120264208461	-0.535937873035398	252	1	0.0294117647058824	34	9882	19159	Cyth3
SM00320	WD40	0.590949363692851	-0.526024944277405	256	1	0.0294117647058824	34	9882	56443	Arpc1a
SM00355	ZnF_C2H2	0.638589955707378	-0.448492727438715	620	2	0.0588235294117647	34	9882	72720,66573	Zfp248,Dzip1
SM00349	KRAB	0.638675311586199	-0.448359073324517	291	1	0.0294117647058824	34	9882	72720	Zfp248
SM00647	IBR	0.999999999972105	-2.78953633119138e-11	14	0	0	34	9882
SM00615	EPH_lbd	0.999999999972105	-2.78953633119138e-11	14	0	0	34	9882
SM00666	PB1	0.999999999972105	-2.78953633119138e-11	14	0	0	34	9882
SM00046	DAGKc	0.999999999972105	-2.78953633119138e-11	14	0	0	34	9882
SM00832	C8	0.999999999972105	-2.78953633119138e-11	14	0	0	34	9882
SM00234	START	0.999999999972105	-2.78953633119138e-11	14	0	0	34	9882
SM00135	LY	0.999999999972105	-2.78953633119138e-11	14	0	0	34	9882
SM00294	4.1m	0.999999999972105	-2.78953633119138e-11	14	0	0	34	9882
SM00445	LINK	0.999999999972105	-2.78953633119138e-11	14	0	0	34	9882
SM00241	ZP	0.999999999972105	-2.78953633119138e-11	14	0	0	34	9882
SM00198	SCP	0.999999999972105	-2.78953633119138e-11	14	0	0	34	9882
SM00829	PKS_ER	0.999999999972105	-2.78953633119138e-11	14	0	0	34	9882
SM01195	FA	0.999999999972552	-2.74482826495792e-11	13	0	0	34	9882
SM00059	FN2	0.999999999972552	-2.74482826495792e-11	13	0	0	34	9882
SM00323	RasGAP	0.999999999972552	-2.74482826495792e-11	13	0	0	34	9882
SM01189	ELM2	0.999999999972552	-2.74482826495792e-11	13	0	0	34	9882
SM00526	H15	0.999999999972552	-2.74482826495792e-11	13	0	0	34	9882
SM00036	CNH	0.999999999972552	-2.74482826495792e-11	13	0	0	34	9882
SM00479	EXOIII	0.999999999972552	-2.74482826495792e-11	13	0	0	34	9882
SM00230	CysPc	0.999999999972552	-2.74482826495792e-11	13	0	0	34	9882
SM00156	PP2Ac	0.999999999972552	-2.74482826495792e-11	13	0	0	34	9882
SM00457	MACPF	0.999999999972552	-2.74482826495792e-11	13	0	0	34	9882
SM00427	H2B	0.999999999972552	-2.74482826495792e-11	13	0	0	34	9882
SM00698	MORN	0.999999999972552	-2.74482826495792e-11	13	0	0	34	9882
SM00569	L27	0.999999999972552	-2.74482826495792e-11	13	0	0	34	9882
SM00280	KAZAL	0.999999999973433	-2.65669202575071e-11	36	0	0	34	9882
SM00195	DSPc	0.999999999973433	-2.65669202575071e-11	36	0	0	34	9882
SM00317	SET	0.999999999973433	-2.65669202575071e-11	36	0	0	34	9882
SM00199	SCY	0.999999999973852	-2.61483055390716e-11	35	0	0	34	9882
SM00969	SOCS_box	0.999999999973852	-2.61483055390716e-11	35	0	0	34	9882
SM00204	TGFB	0.999999999973852	-2.61483055390716e-11	35	0	0	34	9882
SM00180	EGF_Lam	0.999999999973852	-2.61483055390716e-11	35	0	0	34	9882
SM00404	PTPc_motif	0.999999999974686	-2.53141395510214e-11	61	0	0	34	9882
SM00431	SCAN	0.999999999974994	-2.50061858855462e-11	42	0	0	34	9882
SM00312	PX	0.999999999974994	-2.50061858855462e-11	42	0	0	34	9882
SM00034	CLECT	0.999999999977183	-2.28170284200348e-11	121	0	0	34	9882
SM00325	RhoGEF	0.999999999978236	-2.17635955320839e-11	65	0	0	34	9882
SM01381	7TM_GPCR_Srsx	0.999999999978276	-2.17240615723317e-11	186	0	0	34	9882
SM00368	LRR_RI	0.999999999978603	-2.13972269757266e-11	41	0	0	34	9882
SM00177	ARF	0.999999999978603	-2.13972269757266e-11	41	0	0	34	9882
SM00185	ARM	0.999999999978603	-2.13972269757266e-11	41	0	0	34	9882
SM00212	UBCc	0.999999999978603	-2.13972269757266e-11	41	0	0	34	9882
SM00109	C1	0.999999999978991	-2.10087281017856e-11	64	0	0	34	9882
SM00033	CH	0.999999999978991	-2.10087281017856e-11	64	0	0	34	9882
SM00324	RhoGAP	0.999999999978991	-2.10087281017856e-11	64	0	0	34	9882
SM00406	IGv	0.999999999979382	-2.06177283907763e-11	81	0	0	34	9882
SM00508	PostSET	0.999999999980716	-1.92835879170578e-11	11	0	0	34	9882
SM00386	HAT	0.999999999980716	-1.92835879170578e-11	11	0	0	34	9882
SM00461	WH1	0.999999999980716	-1.92835879170578e-11	11	0	0	34	9882
SM00115	CASc	0.999999999980716	-1.92835879170578e-11	11	0	0	34	9882
SM00274	FOLN	0.999999999980716	-1.92835879170578e-11	11	0	0	34	9882
SM00439	BAH	0.999999999980716	-1.92835879170578e-11	11	0	0	34	9882
SM00276	GLECT	0.999999999980716	-1.92835879170578e-11	11	0	0	34	9882
SM00238	BIR	0.999999999980716	-1.92835879170578e-11	11	0	0	34	9882
SM01330	Frizzled	0.999999999980716	-1.92835879170578e-11	11	0	0	34	9882
SM00027	EH	0.999999999980716	-1.92835879170578e-11	11	0	0	34	9882
SM00038	COLFI	0.999999999980716	-1.92835879170578e-11	11	0	0	34	9882
SM00096	UTG	0.999999999980716	-1.92835879170578e-11	11	0	0	34	9882
SM00720	calpain_III	0.999999999980716	-1.92835879170578e-11	11	0	0	34	9882
SM00460	TGc	0.999999999980716	-1.92835879170578e-11	11	0	0	34	9882
SM01027	Beta-Casp	0.999999999980785	-1.921505381748e-11	4	0	0	34	9882
SM00483	POLXc	0.999999999980785	-1.921505381748e-11	4	0	0	34	9882
SM01375	Dynein_light	0.999999999980785	-1.921505381748e-11	4	0	0	34	9882
SM01225	G8	0.999999999980785	-1.921505381748e-11	4	0	0	34	9882
SM00491	HELICc2	0.999999999980785	-1.921505381748e-11	4	0	0	34	9882
SM00755	Grip	0.999999999980785	-1.921505381748e-11	4	0	0	34	9882
SM00392	PROF	0.999999999980785	-1.921505381748e-11	4	0	0	34	9882
SM00426	TEA	0.999999999980785	-1.921505381748e-11	4	0	0	34	9882
SM00476	DNaseIc	0.999999999980785	-1.921505381748e-11	4	0	0	34	9882
SM00520	BASIC	0.999999999980785	-1.921505381748e-11	4	0	0	34	9882
SM00486	POLBc	0.999999999980785	-1.921505381748e-11	4	0	0	34	9882
SM00554	FAS1	0.999999999980785	-1.921505381748e-11	4	0	0	34	9882
SM00955	RNB	0.999999999980785	-1.921505381748e-11	4	0	0	34	9882
SM00279	HhH2	0.999999999980785	-1.921505381748e-11	4	0	0	34	9882
SM01192	Enolase_C	0.999999999980785	-1.921505381748e-11	4	0	0	34	9882
SM01277	MAGUK_N_PEST	0.999999999980785	-1.921505381748e-11	4	0	0	34	9882
SM00068	GHB	0.999999999980785	-1.921505381748e-11	4	0	0	34	9882
SM01417	Solute_trans_a	0.999999999980785	-1.921505381748e-11	4	0	0	34	9882
SM00098	alkPPc	0.999999999980785	-1.921505381748e-11	4	0	0	34	9882
SM00484	XPGI	0.999999999980785	-1.921505381748e-11	4	0	0	34	9882
SM01153	DUF1693	0.999999999980785	-1.921505381748e-11	4	0	0	34	9882
SM01263	Leuk-A4-hydro_C	0.999999999980785	-1.921505381748e-11	4	0	0	34	9882
SM00474	35EXOc	0.999999999980785	-1.921505381748e-11	4	0	0	34	9882
SM00307	ILWEQ	0.999999999980785	-1.921505381748e-11	4	0	0	34	9882
SM00737	ML	0.999999999980785	-1.921505381748e-11	4	0	0	34	9882
SM00573	HSA	0.999999999980785	-1.921505381748e-11	4	0	0	34	9882
SM00313	PXA	0.999999999980785	-1.921505381748e-11	4	0	0	34	9882
SM01338	NOD	0.999999999980785	-1.921505381748e-11	4	0	0	34	9882
SM00804	TAP_C	0.999999999980785	-1.921505381748e-11	4	0	0	34	9882
SM01340	DNA_mis_repair	0.999999999980785	-1.921505381748e-11	4	0	0	34	9882
SM01398	Cornichon	0.999999999980785	-1.921505381748e-11	4	0	0	34	9882
SM00889	EFG_IV	0.999999999980785	-1.921505381748e-11	4	0	0	34	9882
SM00701	PGRP	0.999999999980785	-1.921505381748e-11	4	0	0	34	9882
SM00679	CTNS	0.999999999980785	-1.921505381748e-11	4	0	0	34	9882
SM01178	DUF4217	0.999999999980785	-1.921505381748e-11	4	0	0	34	9882
SM00051	DSL	0.999999999980785	-1.921505381748e-11	4	0	0	34	9882
SM00227	NEBU	0.999999999980785	-1.921505381748e-11	4	0	0	34	9882
SM00750	KIND	0.999999999980785	-1.921505381748e-11	4	0	0	34	9882
SM00644	Ami_2	0.999999999980785	-1.921505381748e-11	4	0	0	34	9882
SM01020	B2-adapt-app_C	0.999999999980785	-1.921505381748e-11	4	0	0	34	9882
SM00541	FYRN	0.999999999980785	-1.921505381748e-11	4	0	0	34	9882
SM01339	NODP	0.999999999980785	-1.921505381748e-11	4	0	0	34	9882
SM01407	NAC	0.999999999980785	-1.921505381748e-11	4	0	0	34	9882
SM01392	MAGE_N	0.999999999980785	-1.921505381748e-11	4	0	0	34	9882
SM00094	TR_FER	0.999999999980785	-1.921505381748e-11	4	0	0	34	9882
SM01007	Aldolase_II	0.999999999980785	-1.921505381748e-11	4	0	0	34	9882
SM00197	SAA	0.999999999980785	-1.921505381748e-11	4	0	0	34	9882
SM00206	NTR	0.999999999980785	-1.921505381748e-11	4	0	0	34	9882
SM00488	DEXDc2	0.999999999980785	-1.921505381748e-11	4	0	0	34	9882
SM00025	Pumilio	0.999999999980785	-1.921505381748e-11	4	0	0	34	9882
SM00920	MHC_II_alpha	0.999999999980785	-1.921505381748e-11	4	0	0	34	9882
SM01193	Enolase_N	0.999999999980785	-1.921505381748e-11	4	0	0	34	9882
SM00560	LamGL	0.999999999980785	-1.921505381748e-11	4	0	0	34	9882
SM00058	FN1	0.999999999980785	-1.921505381748e-11	4	0	0	34	9882
SM01046	c-SKI_SMAD_bind	0.999999999980785	-1.921505381748e-11	4	0	0	34	9882
SM00564	PQQ	0.999999999980785	-1.921505381748e-11	4	0	0	34	9882
SM00485	XPGN	0.999999999980785	-1.921505381748e-11	4	0	0	34	9882
SM00734	ZnF_Rad18	0.999999999980785	-1.921505381748e-11	4	0	0	34	9882
SM01249	KASH	0.999999999980785	-1.921505381748e-11	4	0	0	34	9882
SM00723	AMOP	0.999999999980785	-1.921505381748e-11	4	0	0	34	9882
SM01053	CaMBD	0.999999999980785	-1.921505381748e-11	4	0	0	34	9882
SM00973	Sec63	0.999999999980785	-1.921505381748e-11	4	0	0	34	9882
SM00527	HMG17	0.999999999980785	-1.921505381748e-11	4	0	0	34	9882
SM00140	NGF	0.999999999980785	-1.921505381748e-11	4	0	0	34	9882
SM00753	PAM	0.999999999980785	-1.921505381748e-11	4	0	0	34	9882
SM00542	FYRC	0.999999999980785	-1.921505381748e-11	4	0	0	34	9882
SM01240	IMPDH	0.999999999980785	-1.921505381748e-11	4	0	0	34	9882
SM00314	RA	0.99999999998251	-1.74898598995434e-11	29	0	0	34	9882
SM00303	GPS	0.99999999998251	-1.74898598995434e-11	29	0	0	34	9882
SM00558	JmjC	0.99999999998251	-1.74898598995434e-11	29	0	0	34	9882
SM00451	ZnF_U1	0.99999999998251	-1.74898598995434e-11	29	0	0	34	9882
SM00110	C1Q	0.99999999998251	-1.74898598995434e-11	29	0	0	34	9882
SM00235	ZnMc	0.99999999998251	-1.74898598995434e-11	29	0	0	34	9882
SM00112	CA	0.999999999983429	-1.65710940161117e-11	117	0	0	34	9882
SM00539	NIDO	0.999999999983837	-1.61626950120422e-11	5	0	0	34	9882
SM00160	RanBD	0.999999999983837	-1.61626950120422e-11	5	0	0	34	9882
SM00549	TAFH	0.999999999983837	-1.61626950120422e-11	5	0	0	34	9882
SM00584	TLDc	0.999999999983837	-1.61626950120422e-11	5	0	0	34	9882
SM00534	MUTSac	0.999999999983837	-1.61626950120422e-11	5	0	0	34	9882
SM00580	PUG	0.999999999983837	-1.61626950120422e-11	5	0	0	34	9882
SM00570	AWS	0.999999999983837	-1.61626950120422e-11	5	0	0	34	9882
SM00540	LEM	0.999999999983837	-1.61626950120422e-11	5	0	0	34	9882
SM00446	LRRcap	0.999999999983837	-1.61626950120422e-11	5	0	0	34	9882
SM01041	BRO1	0.999999999983837	-1.61626950120422e-11	5	0	0	34	9882
SM00678	WWE	0.999999999983837	-1.61626950120422e-11	5	0	0	34	9882
SM00878	Biotin_carb_C	0.999999999983837	-1.61626950120422e-11	5	0	0	34	9882
SM00664	DoH	0.999999999983837	-1.61626950120422e-11	5	0	0	34	9882
SM00838	EFG_C	0.999999999983837	-1.61626950120422e-11	5	0	0	34	9882
SM00741	SapB	0.999999999983837	-1.61626950120422e-11	5	0	0	34	9882
SM00533	MUTSd	0.999999999983837	-1.61626950120422e-11	5	0	0	34	9882
SM00872	Alpha-mann_mid	0.999999999983837	-1.61626950120422e-11	5	0	0	34	9882
SM00103	ALBUMIN	0.999999999983837	-1.61626950120422e-11	5	0	0	34	9882
SM00642	Aamy	0.999999999983837	-1.61626950120422e-11	5	0	0	34	9882
SM00089	PKD	0.999999999983837	-1.61626950120422e-11	5	0	0	34	9882
SM01015	Arfaptin	0.999999999983837	-1.61626950120422e-11	5	0	0	34	9882
SM00266	CAD	0.999999999983837	-1.61626950120422e-11	5	0	0	34	9882
SM00879	Brix	0.999999999983837	-1.61626950120422e-11	5	0	0	34	9882
SM00331	PP2C_SIG	0.999999999983837	-1.61626950120422e-11	5	0	0	34	9882
SM00733	Mterf	0.999999999983837	-1.61626950120422e-11	5	0	0	34	9882
SM00264	BAG	0.999999999983837	-1.61626950120422e-11	5	0	0	34	9882
SM00614	ZnF_BED	0.999999999983837	-1.61626950120422e-11	5	0	0	34	9882
SM00892	Endonuclease_NS	0.999999999983837	-1.61626950120422e-11	5	0	0	34	9882
SM00765	MANEC	0.999999999983837	-1.61626950120422e-11	5	0	0	34	9882
SM01201	FerB	0.999999999983837	-1.61626950120422e-11	5	0	0	34	9882
SM00571	DDT	0.999999999983837	-1.61626950120422e-11	5	0	0	34	9882
SM00602	VPS10	0.999999999983837	-1.61626950120422e-11	5	0	0	34	9882
SM00588	NEUZ	0.999999999983837	-1.61626950120422e-11	5	0	0	34	9882
SM00428	H3	0.999999999983837	-1.61626950120422e-11	5	0	0	34	9882
SM01163	DUF1785	0.999999999983837	-1.61626950120422e-11	5	0	0	34	9882
SM00891	ERCC4	0.999999999983837	-1.61626950120422e-11	5	0	0	34	9882
SM00991	WHEP-TRS	0.999999999983837	-1.61626950120422e-11	5	0	0	34	9882
SM00321	WSC	0.999999999983837	-1.61626950120422e-11	5	0	0	34	9882
SM00739	KOW	0.999999999983837	-1.61626950120422e-11	5	0	0	34	9882
SM00673	CARP	0.999999999983837	-1.61626950120422e-11	5	0	0	34	9882
SM01202	FerI	0.999999999983837	-1.61626950120422e-11	5	0	0	34	9882
SM00572	DZF	0.999999999983837	-1.61626950120422e-11	5	0	0	34	9882
SM01408	ING	0.999999999983837	-1.61626950120422e-11	5	0	0	34	9882
SM01145	DUF1041	0.999999999983837	-1.61626950120422e-11	5	0	0	34	9882
SM01270	Longin	0.999999999983837	-1.61626950120422e-11	5	0	0	34	9882
SM01175	DUF4206	0.999999999983837	-1.61626950120422e-11	5	0	0	34	9882
SM00382	AAA	0.999999999983908	-1.60924057146417e-11	137	0	0	34	9882
SM00430	HOLI	0.999999999984633	-1.53673738373782e-11	49	0	0	34	9882
SM00192	LDLa	0.999999999984891	-1.51090228010474e-11	44	0	0	34	9882
SM00020	Tryp_SPc	0.999999999985315	-1.46846130381177e-11	153	0	0	34	9882
SM00553	SEP	0.999999999986257	-1.37425332625289e-11	3	0	0	34	9882
SM01212	Fib_alpha	0.999999999986257	-1.37425332625289e-11	3	0	0	34	9882
SM00459	Sorb	0.999999999986257	-1.37425332625289e-11	3	0	0	34	9882
SM00473	PAN_AP	0.999999999986257	-1.37425332625289e-11	3	0	0	34	9882
SM00151	SWIB	0.999999999986257	-1.37425332625289e-11	3	0	0	34	9882
SM00663	RPOLA_N	0.999999999986257	-1.37425332625289e-11	3	0	0	34	9882
SM00963	SRP54_N	0.999999999986257	-1.37425332625289e-11	3	0	0	34	9882
SM00704	ZnF_CDGSH	0.999999999986257	-1.37425332625289e-11	3	0	0	34	9882
SM00265	BH4	0.999999999986257	-1.37425332625289e-11	3	0	0	34	9882
SM00931	NOSIC	0.999999999986257	-1.37425332625289e-11	3	0	0	34	9882
SM00985	UBA_e1_C	0.999999999986257	-1.37425332625289e-11	3	0	0	34	9882
SM00981	THUMP	0.999999999986257	-1.37425332625289e-11	3	0	0	34	9882
SM01299	PIP49_N	0.999999999986257	-1.37425332625289e-11	3	0	0	34	9882
SM01269	Lipid_DES	0.999999999986257	-1.37425332625289e-11	3	0	0	34	9882
SM01051	CAMSAP_CKK	0.999999999986257	-1.37425332625289e-11	3	0	0	34	9882
SM01218	FoP_duplication	0.999999999986257	-1.37425332625289e-11	3	0	0	34	9882
SM01200	FerA	0.999999999986257	-1.37425332625289e-11	3	0	0	34	9882
SM01232	H2TH	0.999999999986257	-1.37425332625289e-11	3	0	0	34	9882
SM00751	BSD	0.999999999986257	-1.37425332625289e-11	3	0	0	34	9882
SM00803	TAF	0.999999999986257	-1.37425332625289e-11	3	0	0	34	9882
SM00536	AXH	0.999999999986257	-1.37425332625289e-11	3	0	0	34	9882
SM00576	BTP	0.999999999986257	-1.37425332625289e-11	3	0	0	34	9882
SM00712	PUR	0.999999999986257	-1.37425332625289e-11	3	0	0	34	9882
SM01257	KRAP_IP3R_bind	0.999999999986257	-1.37425332625289e-11	3	0	0	34	9882
SM01300	PEHE	0.999999999986257	-1.37425332625289e-11	3	0	0	34	9882
SM00996	AdoHcyase	0.999999999986257	-1.37425332625289e-11	3	0	0	34	9882
SM00960	Robl_LC7	0.999999999986257	-1.37425332625289e-11	3	0	0	34	9882
SM00002	PLP	0.999999999986257	-1.37425332625289e-11	3	0	0	34	9882
SM01369	Rb_C	0.999999999986257	-1.37425332625289e-11	3	0	0	34	9882
SM01403	Ribosomal_S10	0.999999999986257	-1.37425332625289e-11	3	0	0	34	9882
SM00305	HintC	0.999999999986257	-1.37425332625289e-11	3	0	0	34	9882
SM00758	PA14	0.999999999986257	-1.37425332625289e-11	3	0	0	34	9882
SM00735	ZM	0.999999999986257	-1.37425332625289e-11	3	0	0	34	9882
SM00444	GYF	0.999999999986257	-1.37425332625289e-11	3	0	0	34	9882
SM01275	MamL-1	0.999999999986257	-1.37425332625289e-11	3	0	0	34	9882
SM01176	DUF4208	0.999999999986257	-1.37425332625289e-11	3	0	0	34	9882
SM01146	DUF1086	0.999999999986257	-1.37425332625289e-11	3	0	0	34	9882
SM00882	CoA_trans	0.999999999986257	-1.37425332625289e-11	3	0	0	34	9882
SM01271	LSM14	0.999999999986257	-1.37425332625289e-11	3	0	0	34	9882
SM00682	G2F	0.999999999986257	-1.37425332625289e-11	3	0	0	34	9882
SM00722	CASH	0.999999999986257	-1.37425332625289e-11	3	0	0	34	9882
SM00672	CAP10	0.999999999986257	-1.37425332625289e-11	3	0	0	34	9882
SM01366	c-clamp	0.999999999986257	-1.37425332625289e-11	3	0	0	34	9882
SM01083	Cir_N	0.999999999986257	-1.37425332625289e-11	3	0	0	34	9882
SM01370	TAFII55_N	0.999999999986257	-1.37425332625289e-11	3	0	0	34	9882
SM01073	CDC48_N	0.999999999986257	-1.37425332625289e-11	3	0	0	34	9882
SM00482	POLAc	0.999999999986257	-1.37425332625289e-11	3	0	0	34	9882
SM00962	SRP54	0.999999999986257	-1.37425332625289e-11	3	0	0	34	9882
SM00113	CALCITONIN	0.999999999986257	-1.37425332625289e-11	3	0	0	34	9882
SM00916	L51_S25_CI-B8	0.999999999986257	-1.37425332625289e-11	3	0	0	34	9882
SM01368	RB_A	0.999999999986257	-1.37425332625289e-11	3	0	0	34	9882
SM00006	A4_EXTRA	0.999999999986257	-1.37425332625289e-11	3	0	0	34	9882
SM01401	Sds3	0.999999999986257	-1.37425332625289e-11	3	0	0	34	9882
SM01334	DUF3454	0.999999999986257	-1.37425332625289e-11	3	0	0	34	9882
SM00057	FIMAC	0.999999999986257	-1.37425332625289e-11	3	0	0	34	9882
SM00773	WGR	0.999999999986257	-1.37425332625289e-11	3	0	0	34	9882
SM00341	HRDC	0.999999999986257	-1.37425332625289e-11	3	0	0	34	9882
SM01151	DUF1518	0.999999999986257	-1.37425332625289e-11	3	0	0	34	9882
SM00836	DALR_1	0.999999999986257	-1.37425332625289e-11	3	0	0	34	9882
SM00363	S4	0.999999999986257	-1.37425332625289e-11	3	0	0	34	9882
SM00090	RIO	0.999999999986257	-1.37425332625289e-11	3	0	0	34	9882
SM01424	HAP1_N	0.999999999986257	-1.37425332625289e-11	3	0	0	34	9882
SM00919	Malic_M	0.999999999986257	-1.37425332625289e-11	3	0	0	34	9882
SM00311	PWI	0.999999999986257	-1.37425332625289e-11	3	0	0	34	9882
SM01199	FDF	0.999999999986257	-1.37425332625289e-11	3	0	0	34	9882
SM00272	END	0.999999999986257	-1.37425332625289e-11	3	0	0	34	9882
SM00676	DM10	0.999999999986257	-1.37425332625289e-11	3	0	0	34	9882
SM00438	ZnF_NFX	0.999999999986257	-1.37425332625289e-11	3	0	0	34	9882
SM00478	ENDO3c	0.999999999986257	-1.37425332625289e-11	3	0	0	34	9882
SM00143	PI3K_p85B	0.999999999986257	-1.37425332625289e-11	3	0	0	34	9882
SM01065	CBM_2	0.999999999986257	-1.37425332625289e-11	3	0	0	34	9882
SM00183	NAT_PEP	0.999999999986257	-1.37425332625289e-11	3	0	0	34	9882
SM00736	CADG	0.999999999986257	-1.37425332625289e-11	3	0	0	34	9882
SM00306	HintN	0.999999999986257	-1.37425332625289e-11	3	0	0	34	9882
SM00300	ChSh	0.999999999986257	-1.37425332625289e-11	3	0	0	34	9882
SM01147	DUF1087	0.999999999986257	-1.37425332625289e-11	3	0	0	34	9882
SM01084	CKS	0.999999999986257	-1.37425332625289e-11	3	0	0	34	9882
SM00594	UAS	0.999999999986257	-1.37425332625289e-11	3	0	0	34	9882
SM01305	RESP18	0.999999999986257	-1.37425332625289e-11	3	0	0	34	9882
SM01333	Tet_JBP	0.999999999986257	-1.37425332625289e-11	3	0	0	34	9882
SM00162	SAPA	0.999999999986257	-1.37425332625289e-11	3	0	0	34	9882
SM01279	Matrilin_ccoil	0.999999999986257	-1.37425332625289e-11	3	0	0	34	9882
SM01367	DUF3452	0.999999999986257	-1.37425332625289e-11	3	0	0	34	9882
SM00650	rADc	0.999999999986257	-1.37425332625289e-11	3	0	0	34	9882
SM00997	AdoHcyase_NAD	0.999999999986257	-1.37425332625289e-11	3	0	0	34	9882
SM01274	malic	0.999999999986257	-1.37425332625289e-11	3	0	0	34	9882
SM00309	PAH	0.999999999986257	-1.37425332625289e-11	3	0	0	34	9882
SM01276	M60-like	0.999999999986257	-1.37425332625289e-11	3	0	0	34	9882
SM01246	Josephin	0.999999999986257	-1.37425332625289e-11	3	0	0	34	9882
SM00297	BROMO	0.999999999986596	-1.34043240634902e-11	39	0	0	34	9882
SM00612	Kelch	0.99999999998702	-1.29799735298735e-11	55	0	0	34	9882
SM00364	LRR_BAC	0.999999999987829	-1.2170944260138e-11	56	0	0	34	9882
SM00210	TSPN	0.999999999987962	-1.20376865466711e-11	22	0	0	34	9882
SM00343	ZnF_C2HC	0.999999999987962	-1.20376865466711e-11	22	0	0	34	9882
SM00240	FHA	0.999999999987962	-1.20376865466711e-11	22	0	0	34	9882
SM00442	FGF	0.999999999987962	-1.20376865466711e-11	22	0	0	34	9882
SM00186	FBG	0.999999999987962	-1.20376865466711e-11	22	0	0	34	9882
SM00667	LisH	0.999999999987962	-1.20376865466711e-11	22	0	0	34	9882
SM00261	FU	0.999999999988481	-1.15188713100737e-11	17	0	0	34	9882
SM00224	GGL	0.999999999988481	-1.15188713100737e-11	17	0	0	34	9882
SM00631	Zn_pept	0.999999999988481	-1.15188713100737e-11	17	0	0	34	9882
SM00061	MATH	0.999999999988481	-1.15188713100737e-11	17	0	0	34	9882
SM00216	VWD	0.999999999988481	-1.15188713100737e-11	17	0	0	34	9882
SM01332	Cyclin_C	0.999999999988481	-1.15188713100737e-11	17	0	0	34	9882
SM01224	G_gamma	0.999999999988481	-1.15188713100737e-11	17	0	0	34	9882
SM00563	PlsC	0.999999999988481	-1.15188713100737e-11	17	0	0	34	9882
SM00425	TBOX	0.999999999988481	-1.15188713100737e-11	17	0	0	34	9882
SM00211	TY	0.999999999988481	-1.15188713100737e-11	17	0	0	34	9882
SM00744	RINGv	0.999999999988481	-1.15188713100737e-11	17	0	0	34	9882
SM00652	eIF1a	0.999999999988494	-1.15059978829547e-11	9	0	0	34	9882
SM00727	STI1	0.999999999988494	-1.15059978829547e-11	9	0	0	34	9882
SM00273	ENTH	0.999999999988494	-1.15059978829547e-11	9	0	0	34	9882
SM00316	S1	0.999999999988494	-1.15059978829547e-11	9	0	0	34	9882
SM00809	Alpha_adaptinC2	0.999999999988494	-1.15059978829547e-11	9	0	0	34	9882
SM00187	INB	0.999999999988494	-1.15059978829547e-11	9	0	0	34	9882
SM01139	Drf_FH3	0.999999999988494	-1.15059978829547e-11	9	0	0	34	9882
SM00855	PGAM	0.999999999988494	-1.15059978829547e-11	9	0	0	34	9882
SM00561	MBT	0.999999999988494	-1.15059978829547e-11	9	0	0	34	9882
SM00350	MCM	0.999999999988494	-1.15059978829547e-11	9	0	0	34	9882
SM01140	Drf_GBD	0.999999999988494	-1.15059978829547e-11	9	0	0	34	9882
SM00145	PI3Ka	0.999999999988494	-1.15059978829547e-11	9	0	0	34	9882
SM01360	A2M	0.999999999988494	-1.15059978829547e-11	9	0	0	34	9882
SM00141	PDGF	0.999999999988494	-1.15059978829547e-11	9	0	0	34	9882
SM00849	Lactamase_B	0.999999999988494	-1.15059978829547e-11	9	0	0	34	9882
SM00537	DCX	0.999999999988494	-1.15059978829547e-11	9	0	0	34	9882
SM01349	TOG	0.999999999988494	-1.15059978829547e-11	9	0	0	34	9882
SM00545	JmjN	0.999999999988494	-1.15059978829547e-11	9	0	0	34	9882
SM00078	IlGF	0.999999999988494	-1.15059978829547e-11	9	0	0	34	9882
SM00387	HATPase_c	0.999999999988494	-1.15059978829547e-11	9	0	0	34	9882
SM00674	CENPB	0.999999999988494	-1.15059978829547e-11	9	0	0	34	9882
SM01026	Beach	0.999999999988494	-1.15059978829547e-11	9	0	0	34	9882
SM00393	R3H	0.999999999988494	-1.15059978829547e-11	9	0	0	34	9882
SM00218	ZU5	0.999999999988494	-1.15059978829547e-11	9	0	0	34	9882
SM00668	CTLH	0.999999999988494	-1.15059978829547e-11	9	0	0	34	9882
SM00085	PA2c	0.999999999988494	-1.15059978829547e-11	9	0	0	34	9882
SM00114	CARD	0.999999999988494	-1.15059978829547e-11	9	0	0	34	9882
SM01359	A2M_N_2	0.999999999988494	-1.15059978829547e-11	9	0	0	34	9882
SM00263	LYZ1	0.999999999988494	-1.15059978829547e-11	9	0	0	34	9882
SM01361	A2M_recep	0.999999999988494	-1.15059978829547e-11	9	0	0	34	9882
SM00348	IRF	0.999999999988494	-1.15059978829547e-11	9	0	0	34	9882
SM00351	PAX	0.999999999988494	-1.15059978829547e-11	9	0	0	34	9882
SM00209	TSP1	0.999999999988536	-1.14638645132122e-11	63	0	0	34	9882
SM00589	PRY	0.999999999989318	-1.0682359603255e-11	34	0	0	34	9882
SM00214	VWC	0.999999999989318	-1.0682359603255e-11	34	0	0	34	9882
SM00315	RGS	0.999999999989318	-1.0682359603255e-11	34	0	0	34	9882
SM00043	CY	0.999999999989565	-1.04347809702343e-11	26	0	0	34	9882
SM00413	ETS	0.999999999989565	-1.04347809702343e-11	26	0	0	34	9882
SM00268	ACTIN	0.999999999989565	-1.04347809702343e-11	26	0	0	34	9882
SM00054	EFh	0.999999999989696	-1.03039695003047e-11	143	0	0	34	9882
SM00176	RAN	0.999999999989931	-1.00690410359799e-11	82	0	0	34	9882
SM00132	LIM	0.999999999990198	-9.80168214331934e-12	73	0	0	34	9882
SM00256	FBOX	0.999999999990569	-9.43094123228136e-12	53	0	0	34	9882
SM00013	LRRNT	0.999999999990569	-9.43094123228136e-12	53	0	0	34	9882
SM00032	CCP	0.999999999990569	-9.43094123228136e-12	53	0	0	34	9882
SM00407	IGc1	0.999999999990705	-9.29469169974117e-12	58	0	0	34	9882
SM00213	UBQ	0.999999999992543	-7.45739752493879e-12	43	0	0	34	9882
SM00717	SANT	0.999999999992543	-7.45739752493879e-12	43	0	0	34	9882
SM00409	IG	0.99999999999294	-7.06005528451695e-12	378	0	0	34	9882
SM01372	E2F_TDP	0.999999999992952	-7.04830821083567e-12	10	0	0	34	9882
SM01017	Arrestin_C	0.999999999992952	-7.04830821083567e-12	10	0	0	34	9882
SM00745	MIT	0.999999999992952	-7.04830821083567e-12	10	0	0	34	9882
SM00591	RWD	0.999999999992952	-7.04830821083567e-12	10	0	0	34	9882
SM00543	MIF4G	0.999999999992952	-7.04830821083567e-12	10	0	0	34	9882
SM00128	IPPc	0.999999999992952	-7.04830821083567e-12	10	0	0	34	9882
SM01052	CAP_GLY	0.999999999992952	-7.04830821083567e-12	10	0	0	34	9882
SM00472	MIR	0.999999999992952	-7.04830821083567e-12	10	0	0	34	9882
SM00251	SAM_PNT	0.999999999992952	-7.04830821083567e-12	10	0	0	34	9882
SM01190	EMP24_GP25L	0.999999999992952	-7.04830821083567e-12	10	0	0	34	9882
SM01100	CRAL_TRIO_N	0.999999999992952	-7.04830821083567e-12	10	0	0	34	9882
SM00636	Glyco_18	0.999999999992952	-7.04830821083567e-12	10	0	0	34	9882
SM00045	DAGKa	0.999999999992952	-7.04830821083567e-12	10	0	0	34	9882
SM00102	ADF	0.999999999992952	-7.04830821083567e-12	10	0	0	34	9882
SM01039	BRICHOS	0.999999999992952	-7.04830821083567e-12	10	0	0	34	9882
SM00327	VWA	0.999999999993474	-6.52601128345006e-12	71	0	0	34	9882
SM01391	Filament	0.999999999993474	-6.52601128345006e-12	71	0	0	34	9882
SM00194	PTPc	0.999999999993636	-6.36439114987014e-12	37	0	0	34	9882
SM00164	TBC	0.999999999993636	-6.36439114987014e-12	37	0	0	34	9882
SM00322	KH	0.999999999993636	-6.36439114987014e-12	37	0	0	34	9882
SM00875	BACK	0.999999999993654	-6.3461067337374e-12	57	0	0	34	9882
SM00326	SH3	0.999999999993755	-6.24477303347258e-12	196	0	0	34	9882
SM00721	BAR	0.999999999993855	-6.14528495593081e-12	15	0	0	34	9882
SM00498	FH2	0.999999999993855	-6.14528495593081e-12	15	0	0	34	9882
SM00800	uDENN	0.999999999993855	-6.14528495593081e-12	15	0	0	34	9882
SM00501	BRIGHT	0.999999999993855	-6.14528495593081e-12	15	0	0	34	9882
SM00352	POU	0.999999999993855	-6.14528495593081e-12	15	0	0	34	9882
SM00088	PINT	0.999999999993855	-6.14528495593081e-12	15	0	0	34	9882
SM00726	UIM	0.999999999993855	-6.14528495593081e-12	15	0	0	34	9882
SM00149	PLCYc	0.999999999993855	-6.14528495593081e-12	15	0	0	34	9882
SM00130	KR	0.999999999993855	-6.14528495593081e-12	15	0	0	34	9882
SM01244	IRS	0.999999999993855	-6.14528495593081e-12	15	0	0	34	9882
SM00136	LamNT	0.999999999993855	-6.14528495593081e-12	15	0	0	34	9882
SM00217	WAP	0.999999999993855	-6.14528495593081e-12	15	0	0	34	9882
SM01014	ARID	0.999999999993855	-6.14528495593081e-12	15	0	0	34	9882
SM01117	Cyt-b5	0.999999999993855	-6.14528495593081e-12	15	0	0	34	9882
SM00523	DWA	0.999999999994292	-5.70824938091757e-12	12	0	0	34	9882
SM00401	ZnF_GATA	0.999999999994292	-5.70824938091757e-12	12	0	0	34	9882
SM00310	PTBI	0.999999999994292	-5.70824938091757e-12	12	0	0	34	9882
SM00391	MBD	0.999999999994292	-5.70824938091757e-12	12	0	0	34	9882
SM00244	PHB	0.999999999994292	-5.70824938091757e-12	12	0	0	34	9882
SM00284	OLF	0.999999999994292	-5.70824938091757e-12	12	0	0	34	9882
SM00246	WH2	0.999999999994292	-5.70824938091757e-12	12	0	0	34	9882
SM00290	ZnF_UBP	0.999999999994292	-5.70824938091757e-12	12	0	0	34	9882
SM00908	Gal-bind_lectin	0.999999999994292	-5.70824938091757e-12	12	0	0	34	9882
SM01265	Mab-21	0.999999999994292	-5.70824938091757e-12	12	0	0	34	9882
SM00335	ANX	0.999999999994292	-5.70824938091757e-12	12	0	0	34	9882
SM00337	BCL	0.999999999994292	-5.70824938091757e-12	12	0	0	34	9882
SM00232	JAB_MPN	0.999999999994292	-5.70824938091757e-12	12	0	0	34	9882
SM00116	CBS	0.999999999994292	-5.70824938091757e-12	12	0	0	34	9882
SM00252	SH2	0.999999999994593	-5.40739658672481e-12	102	0	0	34	9882
SM00423	PSI	0.999999999995528	-4.47180120273573e-12	40	0	0	34	9882
SM00462	PTB	0.999999999995528	-4.47180120273573e-12	40	0	0	34	9882
SM00282	LamG	0.999999999995528	-4.47180120273573e-12	40	0	0	34	9882
SM00408	IGc2	0.999999999995923	-4.07737875390314e-12	228	0	0	34	9882
SM00443	G_patch	0.99999999999615	-3.85001410680206e-12	20	0	0	34	9882
SM00044	CYCc	0.99999999999615	-3.85001410680206e-12	20	0	0	34	9882
SM00253	SOCS	0.99999999999615	-3.85001410680206e-12	20	0	0	34	9882
SM00397	t_SNARE	0.99999999999615	-3.85001410680206e-12	20	0	0	34	9882
SM00547	ZnF_RBZ	0.99999999999615	-3.85001410680206e-12	20	0	0	34	9882
SM00055	FCH	0.99999999999615	-3.85001410680206e-12	20	0	0	34	9882
SM00332	PP2Cc	0.99999999999615	-3.85001410680206e-12	20	0	0	34	9882
SM00041	CT	0.99999999999615	-3.85001410680206e-12	20	0	0	34	9882
SM00293	PWWP	0.99999999999615	-3.85001410680206e-12	20	0	0	34	9882
SM00215	VWC_out	0.99999999999615	-3.85001410680206e-12	20	0	0	34	9882
SM00063	FRI	0.99999999999615	-3.85001410680206e-12	20	0	0	34	9882
SM00005	DEATH	0.999999999996923	-3.07721511737593e-12	27	0	0	34	9882
SM00178	SAR	0.999999999996923	-3.07721511737593e-12	27	0	0	34	9882
SM00429	IPT	0.999999999996923	-3.07721511737593e-12	27	0	0	34	9882
SM01289	PYRIN	0.999999999996923	-3.07721511737593e-12	27	0	0	34	9882
SM01418	Defensin_propep	0.999999999997699	-2.30140628869993e-12	31	0	0	34	9882
SM00100	cNMP	0.999999999997699	-2.30140628869993e-12	31	0	0	34	9882
SM00165	UBA	0.999999999997699	-2.30140628869993e-12	31	0	0	34	9882
SM00630	Sema	0.999999999997699	-2.30140628869993e-12	31	0	0	34	9882
SM00028	TPR	0.999999999997847	-2.15324230427305e-12	118	0	0	34	9882
SM00121	IB	0.999999999998251	-1.74923846102512e-12	19	0	0	34	9882
SM00097	WNT1	0.999999999998251	-1.74923846102512e-12	19	0	0	34	9882
SM00864	Tubulin	0.999999999998251	-1.74923846102512e-12	19	0	0	34	9882
SM00292	BRCT	0.999999999998251	-1.74923846102512e-12	19	0	0	34	9882
SM00651	Sm	0.999999999998251	-1.74923846102512e-12	19	0	0	34	9882
SM00367	LRR_CC	0.999999999998251	-1.74923846102512e-12	19	0	0	34	9882
SM00848	Inhibitor_I29	0.999999999998251	-1.74923846102512e-12	19	0	0	34	9882
SM00131	KU	0.999999999998251	-1.74923846102512e-12	19	0	0	34	9882
SM00191	Int_alpha	0.999999999998251	-1.74923846102512e-12	19	0	0	34	9882
SM01089	Connexin_CCC	0.999999999998251	-1.74923846102512e-12	19	0	0	34	9882
SM00398	HMG	0.999999999999028	-9.72363642266176e-13	51	0	0	34	9882
SM00229	RasGEFN	0.999999999999227	-7.73088685505543e-13	28	0	0	34	9882
SM00147	RasGEF	0.999999999999227	-7.73088685505543e-13	28	0	0	34	9882
SM00414	H2A	0.999999999999227	-7.73088685505543e-13	28	0	0	34	9882
SM00150	SPEC	0.999999999999227	-7.73088685505543e-13	28	0	0	34	9882
SM00450	RHOD	0.999999999999679	-3.21438199932814e-13	23	0	0	34	9882
SM00645	Pept_C1	0.999999999999679	-3.21438199932814e-13	23	0	0	34	9882
SM00092	RNAse_Pc	0.999999999999679	-3.21438199932814e-13	23	0	0	34	9882
SM00255	TIR	0.999999999999679	-3.21438199932814e-13	23	0	0	34	9882
SM00105	ArfGap	0.999999999999679	-3.21438199932814e-13	23	0	0	34	9882
SM00458	RICIN	0.999999999999679	-3.21438199932814e-13	23	0	0	34	9882
SM00471	HDc	0.999999999999679	-3.21438199932814e-13	23	0	0	34	9882
SM00353	HLH	0.999999999999837	-1.62906935321749e-13	110	0	0	34	9882
SM00015	IQ	1.00000000000012	1.24611178506668e-13	52	0	0	34	9882
SM00516	SEC14	1.00000000000031	3.06200982232687e-13	24	0	0	34	9882
SM00091	PAS	1.00000000000031	3.06200982232687e-13	24	0	0	34	9882
SM00076	IFabd	1.00000000000031	3.06200982232687e-13	24	0	0	34	9882
SM01411	Ephrin_rec_like	1.00000000000031	3.06200982232687e-13	24	0	0	34	9882
SM00008	HormR	1.00000000000031	3.06200982232687e-13	24	0	0	34	9882
SM01394	S_100	1.00000000000031	3.06200982232687e-13	24	0	0	34	9882
SM00361	RRM_1	1.00000000000031	3.06200982232687e-13	24	0	0	34	9882
SM00120	HX	1.00000000000031	3.06200982232687e-13	24	0	0	34	9882
SM00847	HA2	1.00000000000071	7.14344761161408e-13	18	0	0	34	9882
SM01057	Carb_anhydrase	1.00000000000071	7.14344761161408e-13	18	0	0	34	9882
SM00148	PLCXc	1.00000000000071	7.14344761161408e-13	18	0	0	34	9882
SM00291	ZnF_ZZ	1.00000000000071	7.14344761161408e-13	18	0	0	34	9882
SM00308	LH2	1.00000000000071	7.14344761161408e-13	18	0	0	34	9882
SM00918	Lig_chan-Glu_bd	1.00000000000071	7.14344761161408e-13	18	0	0	34	9882
SM00014	acidPPc	1.00000000000071	7.14344761161408e-13	18	0	0	34	9882
SM00079	PBPe	1.00000000000071	7.14344761161408e-13	18	0	0	34	9882
SM00593	RUN	1.00000000000071	7.14344761161408e-13	18	0	0	34	9882
SM00865	Tubulin_C	1.00000000000071	7.14344761161408e-13	18	0	0	34	9882
SM00037	CNX	1.00000000000071	7.14344761161408e-13	18	0	0	34	9882
SM01278	MAPKK1_Int	1.00000000000115	1.15257456356765e-12	1	0	0	34	9882
SM01004	ALAD	1.00000000000115	1.15257456356765e-12	1	0	0	34	9882
SM00067	GHA	1.00000000000115	1.15257456356765e-12	1	0	0	34	9882
SM01069	CDC37_C	1.00000000000115	1.15257456356765e-12	1	0	0	34	9882
SM01124	DBR1	1.00000000000115	1.15257456356765e-12	1	0	0	34	9882
SM01406	PAPA-1	1.00000000000115	1.15257456356765e-12	1	0	0	34	9882
SM01191	ENT	1.00000000000115	1.15257456356765e-12	1	0	0	34	9882
SM00254	ShKT	1.00000000000115	1.15257456356765e-12	1	0	0	34	9882
SM01156	DUF1716	1.00000000000115	1.15257456356765e-12	1	0	0	34	9882
SM00226	LMWPc	1.00000000000115	1.15257456356765e-12	1	0	0	34	9882
SM01296	N2227	1.00000000000115	1.15257456356765e-12	1	0	0	34	9882
SM01221	FTCD	1.00000000000115	1.15257456356765e-12	1	0	0	34	9882
SM01082	CHZ	1.00000000000115	1.15257456356765e-12	1	0	0	34	9882
SM01335	PADR1	1.00000000000115	1.15257456356765e-12	1	0	0	34	9882
SM01341	Tower	1.00000000000115	1.15257456356765e-12	1	0	0	34	9882
SM00987	UreE_C	1.00000000000115	1.15257456356765e-12	1	0	0	34	9882
SM01209	GARS_A	1.00000000000115	1.15257456356765e-12	1	0	0	34	9882
SM01264	M16C_associated	1.00000000000115	1.15257456356765e-12	1	0	0	34	9882
SM01385	DSS1_SEM1	1.00000000000115	1.15257456356765e-12	1	0	0	34	9882
SM01404	CIMR	1.00000000000115	1.15257456356765e-12	1	0	0	34	9882
SM01032	BHD_3	1.00000000000115	1.15257456356765e-12	1	0	0	34	9882
SM01303	RasGEF_N_2	1.00000000000115	1.15257456356765e-12	1	0	0	34	9882
SM01018	B12-binding_2	1.00000000000115	1.15257456356765e-12	1	0	0	34	9882
SM01331	DUF3635	1.00000000000115	1.15257456356765e-12	1	0	0	34	9882
SM01120	Dak2	1.00000000000115	1.15257456356765e-12	1	0	0	34	9882
SM01409	RNA_pol_Rpb6	1.00000000000115	1.15257456356765e-12	1	0	0	34	9882
SM00975	Telomerase_RBD	1.00000000000115	1.15257456356765e-12	1	0	0	34	9882
SM01393	Ribosomal_L32e	1.00000000000115	1.15257456356765e-12	1	0	0	34	9882
SM01060	Catalase	1.00000000000115	1.15257456356765e-12	1	0	0	34	9882
SM01311	RPOL_N	1.00000000000115	1.15257456356765e-12	1	0	0	34	9882
SM00658	RPOL8c	1.00000000000115	1.15257456356765e-12	1	0	0	34	9882
SM00709	Zpr1	1.00000000000115	1.15257456356765e-12	1	0	0	34	9882
SM01363	ACTH_domain	1.00000000000115	1.15257456356765e-12	1	0	0	34	9882
SM00026	EPEND	1.00000000000115	1.15257456356765e-12	1	0	0	34	9882
SM01352	APCDDC	1.00000000000115	1.15257456356765e-12	1	0	0	34	9882
SM00465	GIYc	1.00000000000115	1.15257456356765e-12	1	0	0	34	9882
SM01159	DUF1744	1.00000000000115	1.15257456356765e-12	1	0	0	34	9882
SM01377	Ribosomal_L40e	1.00000000000115	1.15257456356765e-12	1	0	0	34	9882
SM00941	PYNP_C	1.00000000000115	1.15257456356765e-12	1	0	0	34	9882
SM01347	Mre11_DNA_bind	1.00000000000115	1.15257456356765e-12	1	0	0	34	9882
SM00157	PRP	1.00000000000115	1.15257456356765e-12	1	0	0	34	9882
SM01204	FIST_C	1.00000000000115	1.15257456356765e-12	1	0	0	34	9882
SM01183	EF1G	1.00000000000115	1.15257456356765e-12	1	0	0	34	9882
SM00530	HTH_XRE	1.00000000000115	1.15257456356765e-12	1	0	0	34	9882
SM00845	GatB_Yqey	1.00000000000115	1.15257456356765e-12	1	0	0	34	9882
SM00817	Amelin	1.00000000000115	1.15257456356765e-12	1	0	0	34	9882
SM00748	HEPN	1.00000000000115	1.15257456356765e-12	1	0	0	34	9882
SM01173	DUF4187	1.00000000000115	1.15257456356765e-12	1	0	0	34	9882
SM01133	DeoC	1.00000000000115	1.15257456356765e-12	1	0	0	34	9882
SM00738	NGN	1.00000000000115	1.15257456356765e-12	1	0	0	34	9882
SM00858	SAF	1.00000000000115	1.15257456356765e-12	1	0	0	34	9882
SM01197	FANCL_C	1.00000000000115	1.15257456356765e-12	1	0	0	34	9882
SM00127	IL7	1.00000000000115	1.15257456356765e-12	1	0	0	34	9882
SM00928	NADH_4Fe-4S	1.00000000000115	1.15257456356765e-12	1	0	0	34	9882
SM01129	DELLA	1.00000000000115	1.15257456356765e-12	1	0	0	34	9882
SM01071	CDC37_N	1.00000000000115	1.15257456356765e-12	1	0	0	34	9882
SM00084	NMU	1.00000000000115	1.15257456356765e-12	1	0	0	34	9882
SM01035	BOP1NT	1.00000000000115	1.15257456356765e-12	1	0	0	34	9882
SM00470	ParB	1.00000000000115	1.15257456356765e-12	1	0	0	34	9882
SM01222	FTCD_N	1.00000000000115	1.15257456356765e-12	1	0	0	34	9882
SM01342	TAN	1.00000000000115	1.15257456356765e-12	1	0	0	34	9882
SM01085	CK_II_beta	1.00000000000115	1.15257456356765e-12	1	0	0	34	9882
SM01123	DBP10CT	1.00000000000115	1.15257456356765e-12	1	0	0	34	9882
SM00990	VRR_NUC	1.00000000000115	1.15257456356765e-12	1	0	0	34	9882
SM01075	CDT1	1.00000000000115	1.15257456356765e-12	1	0	0	34	9882
SM00019	SF_P	1.00000000000115	1.15257456356765e-12	1	0	0	34	9882
SM01031	BHD_2	1.00000000000115	1.15257456356765e-12	1	0	0	34	9882
SM01306	RFX5_DNA_bdg	1.00000000000115	1.15257456356765e-12	1	0	0	34	9882
SM00030	CLb	1.00000000000115	1.15257456356765e-12	1	0	0	34	9882
SM00703	NRF	1.00000000000115	1.15257456356765e-12	1	0	0	34	9882
SM01162	DUF1771	1.00000000000115	1.15257456356765e-12	1	0	0	34	9882
SM00731	SprT	1.00000000000115	1.15257456356765e-12	1	0	0	34	9882
SM00507	HNHc	1.00000000000115	1.15257456356765e-12	1	0	0	34	9882
SM00040	CSF2	1.00000000000115	1.15257456356765e-12	1	0	0	34	9882
SM01211	GATase_5	1.00000000000115	1.15257456356765e-12	1	0	0	34	9882
SM01186	eIF3_N	1.00000000000115	1.15257456356765e-12	1	0	0	34	9882
SM00752	HTTM	1.00000000000115	1.15257456356765e-12	1	0	0	34	9882
SM00567	EZ_HEAT	1.00000000000115	1.15257456356765e-12	1	0	0	34	9882
SM01180	DWNN	1.00000000000115	1.15257456356765e-12	1	0	0	34	9882
SM00818	Amelogenin	1.00000000000115	1.15257456356765e-12	1	0	0	34	9882
SM01285	FACT-Spt16_Nlob	1.00000000000115	1.15257456356765e-12	1	0	0	34	9882
SM01364	NPP	1.00000000000115	1.15257456356765e-12	1	0	0	34	9882
SM01309	RICTOR_phospho	1.00000000000115	1.15257456356765e-12	1	0	0	34	9882
SM01136	DKCLD	1.00000000000115	1.15257456356765e-12	1	0	0	34	9882
SM00904	Flavokinase	1.00000000000115	1.15257456356765e-12	1	0	0	34	9882
SM01168	DUF1907	1.00000000000115	1.15257456356765e-12	1	0	0	34	9882
SM01102	CRM1_C	1.00000000000115	1.15257456356765e-12	1	0	0	34	9882
SM01422	SARA	1.00000000000115	1.15257456356765e-12	1	0	0	34	9882
SM01396	BC10	1.00000000000115	1.15257456356765e-12	1	0	0	34	9882
SM00932	Nfu_N	1.00000000000115	1.15257456356765e-12	1	0	0	34	9882
SM00023	COLIPASE	1.00000000000115	1.15257456356765e-12	1	0	0	34	9882
SM01087	COG6	1.00000000000115	1.15257456356765e-12	1	0	0	34	9882
SM01348	Nbs1_C	1.00000000000115	1.15257456356765e-12	1	0	0	34	9882
SM01077	Cg6151-P	1.00000000000115	1.15257456356765e-12	1	0	0	34	9882
SM01047	C1_4	1.00000000000115	1.15257456356765e-12	1	0	0	34	9882
SM01378	Romo1	1.00000000000115	1.15257456356765e-12	1	0	0	34	9882
SM01228	GIDA_assoc_3	1.00000000000115	1.15257456356765e-12	1	0	0	34	9882
SM00823	PKS_PP	1.00000000000115	1.15257456356765e-12	1	0	0	34	9882
SM01125	DCP2	1.00000000000115	1.15257456356765e-12	1	0	0	34	9882
SM01220	FSA_C	1.00000000000115	1.15257456356765e-12	1	0	0	34	9882
SM01386	Ribosomal_S13_N	1.00000000000115	1.15257456356765e-12	1	0	0	34	9882
SM01346	DUF3385	1.00000000000115	1.15257456356765e-12	1	0	0	34	9882
SM00839	ELFV_dehydrog	1.00000000000115	1.15257456356765e-12	1	0	0	34	9882
SM01380	Ribosomal_L31e	1.00000000000115	1.15257456356765e-12	1	0	0	34	9882
SM01001	AIRC	1.00000000000115	1.15257456356765e-12	1	0	0	34	9882
SM01033	BING4CT	1.00000000000115	1.15257456356765e-12	1	0	0	34	9882
SM01254	KLRAQ	1.00000000000115	1.15257456356765e-12	1	0	0	34	9882
SM01302	Raptor_N	1.00000000000115	1.15257456356765e-12	1	0	0	34	9882
SM00910	HIRAN	1.00000000000115	1.15257456356765e-12	1	0	0	34	9882
SM01160	DUF1751	1.00000000000115	1.15257456356765e-12	1	0	0	34	9882
SM01155	DUF1713	1.00000000000115	1.15257456356765e-12	1	0	0	34	9882
SM01295	K167R	1.00000000000115	1.15257456356765e-12	1	0	0	34	9882
SM01344	NUC194	1.00000000000115	1.15257456356765e-12	1	0	0	34	9882
SM01384	Ribosomal_L15e	1.00000000000115	1.15257456356765e-12	1	0	0	34	9882
SM01148	DUF1220	1.00000000000115	1.15257456356765e-12	1	0	0	34	9882
SM00743	Agenet	1.00000000000115	1.15257456356765e-12	1	0	0	34	9882
SM01405	Ribosomal_S6e	1.00000000000115	1.15257456356765e-12	1	0	0	34	9882
SM01261	Thymopoietin	1.00000000000115	1.15257456356765e-12	1	0	0	34	9882
SM00984	UDPG_MGDP_dh_C	1.00000000000115	1.15257456356765e-12	1	0	0	34	9882
SM00898	Fapy_DNA_glyco	1.00000000000115	1.15257456356765e-12	1	0	0	34	9882
SM01379	GAGE	1.00000000000115	1.15257456356765e-12	1	0	0	34	9882
SM00944	Pro-kuma_activ	1.00000000000115	1.15257456356765e-12	1	0	0	34	9882
SM01297	KAP	1.00000000000115	1.15257456356765e-12	1	0	0	34	9882
SM00802	UME	1.00000000000115	1.15257456356765e-12	1	0	0	34	9882
SM00870	Asparaginase	1.00000000000115	1.15257456356765e-12	1	0	0	34	9882
SM00934	OMPdecase	1.00000000000115	1.15257456356765e-12	1	0	0	34	9882
SM01273	Mago-bind	1.00000000000115	1.15257456356765e-12	1	0	0	34	9882
SM01413	Ribosomal_S19e	1.00000000000115	1.15257456356765e-12	1	0	0	34	9882
SM00684	DM15	1.00000000000115	1.15257456356765e-12	1	0	0	34	9882
SM00535	RIBOc	1.00000000000115	1.15257456356765e-12	1	0	0	34	9882
SM01118	CYTH	1.00000000000115	1.15257456356765e-12	1	0	0	34	9882
SM01310	RICTOR_V	1.00000000000115	1.15257456356765e-12	1	0	0	34	9882
SM01169	DUF1943	1.00000000000115	1.15257456356765e-12	1	0	0	34	9882
SM00874	B5	1.00000000000115	1.15257456356765e-12	1	0	0	34	9882
SM01013	APC2	1.00000000000115	1.15257456356765e-12	1	0	0	34	9882
SM01308	RICTOR_N	1.00000000000115	1.15257456356765e-12	1	0	0	34	9882
SM01024	BCS1_N	1.00000000000115	1.15257456356765e-12	1	0	0	34	9882
SM00998	ADSL_C	1.00000000000115	1.15257456356765e-12	1	0	0	34	9882
SM00946	ProRS-C_1	1.00000000000115	1.15257456356765e-12	1	0	0	34	9882
SM01353	AIF_C	1.00000000000115	1.15257456356765e-12	1	0	0	34	9882
SM00754	CHRD	1.00000000000115	1.15257456356765e-12	1	0	0	34	9882
SM00986	UDG	1.00000000000115	1.15257456356765e-12	1	0	0	34	9882
SM00318	SNc	1.00000000000115	1.15257456356765e-12	1	0	0	34	9882
SM00798	AICARFT_IMPCHas	1.00000000000115	1.15257456356765e-12	1	0	0	34	9882
SM00017	OSTEO	1.00000000000115	1.15257456356765e-12	1	0	0	34	9882
SM00654	eIF6	1.00000000000115	1.15257456356765e-12	1	0	0	34	9882
SM01402	Ribosomal_S27	1.00000000000115	1.15257456356765e-12	1	0	0	34	9882
SM01253	Kin17_mid	1.00000000000115	1.15257456356765e-12	1	0	0	34	9882
SM00189	IL2	1.00000000000115	1.15257456356765e-12	1	0	0	34	9882
SM01262	LAMTOR	1.00000000000115	1.15257456356765e-12	1	0	0	34	9882
SM01152	DUF167	1.00000000000115	1.15257456356765e-12	1	0	0	34	9882
SM01044	Btz	1.00000000000115	1.15257456356765e-12	1	0	0	34	9882
SM00071	Galanin	1.00000000000115	1.15257456356765e-12	1	0	0	34	9882
SM00035	CLa	1.00000000000115	1.15257456356765e-12	1	0	0	34	9882
SM01210	GARS_C	1.00000000000115	1.15257456356765e-12	1	0	0	34	9882
SM00538	POP4	1.00000000000115	1.15257456356765e-12	1	0	0	34	9882
SM00780	PIG-X	1.00000000000115	1.15257456356765e-12	1	0	0	34	9882
SM00521	CBF	1.00000000000115	1.15257456356765e-12	1	0	0	34	9882
SM00826	PKS_DH	1.00000000000115	1.15257456356765e-12	1	0	0	34	9882
SM01214	Fmp27_GFWDK	1.00000000000115	1.15257456356765e-12	1	0	0	34	9882
SM01223	FTO_NTD	1.00000000000115	1.15257456356765e-12	1	0	0	34	9882
SM00995	AD	1.00000000000115	1.15257456356765e-12	1	0	0	34	9882
SM00784	SPT2	1.00000000000115	1.15257456356765e-12	1	0	0	34	9882
SM00613	PAW	1.00000000000115	1.15257456356765e-12	1	0	0	34	9882
SM00719	Plus3	1.00000000000115	1.15257456356765e-12	1	0	0	34	9882
SM01397	Ribosomal_S3Ae	1.00000000000115	1.15257456356765e-12	1	0	0	34	9882
SM01036	BP28CT	1.00000000000115	1.15257456356765e-12	1	0	0	34	9882
SM00417	H4	1.00000000000115	1.15257456356765e-12	1	0	0	34	9882
SM01098	CPSF73-100_C	1.00000000000115	1.15257456356765e-12	1	0	0	34	9882
SM01030	BHD_1	1.00000000000115	1.15257456356765e-12	1	0	0	34	9882
SM00277	GRAN	1.00000000000115	1.15257456356765e-12	1	0	0	34	9882
SM00683	DM16	1.00000000000115	1.15257456356765e-12	1	0	0	34	9882
SM00929	NADH-G_4Fe-4S_3	1.00000000000115	1.15257456356765e-12	1	0	0	34	9882
SM01414	P68HR	1.00000000000115	1.15257456356765e-12	1	0	0	34	9882
SM00463	SMR	1.00000000000115	1.15257456356765e-12	1	0	0	34	9882
SM01284	ECSIT_Cterm	1.00000000000115	1.15257456356765e-12	1	0	0	34	9882
SM01128	DDRGK	1.00000000000115	1.15257456356765e-12	1	0	0	34	9882
SM01307	RICTOR_M	1.00000000000115	1.15257456356765e-12	1	0	0	34	9882
SM01016	Arg_tRNA_synt_N	1.00000000000115	1.15257456356765e-12	1	0	0	34	9882
SM00859	Semialdhyde_dh	1.00000000000115	1.15257456356765e-12	1	0	0	34	9882
SM01395	Tbf5	1.00000000000115	1.15257456356765e-12	1	0	0	34	9882
SM01356	AP4E_app_platf	1.00000000000115	1.15257456356765e-12	1	0	0	34	9882
SM00245	TSPc	1.00000000000115	1.15257456356765e-12	1	0	0	34	9882
SM01365	Op_neuropeptide	1.00000000000115	1.15257456356765e-12	1	0	0	34	9882
SM00983	TPK_B1_binding	1.00000000000115	1.15257456356765e-12	1	0	0	34	9882
SM00203	TK	1.00000000000115	1.15257456356765e-12	1	0	0	34	9882
SM01219	Frataxin_Cyay	1.00000000000115	1.15257456356765e-12	1	0	0	34	9882
SM01350	6PGD	1.00000000000115	1.15257456356765e-12	1	0	0	34	9882
SM01135	DIRP	1.00000000000115	1.15257456356765e-12	1	0	0	34	9882
SM01158	DUF1741	1.00000000000115	1.15257456356765e-12	1	0	0	34	9882
SM01354	BLVR	1.00000000000115	1.15257456356765e-12	1	0	0	34	9882
SM01181	E2_bind	1.00000000000115	1.15257456356765e-12	1	0	0	34	9882
SM01280	Mcm10	1.00000000000115	1.15257456356765e-12	1	0	0	34	9882
SM00883	Cpn10	1.00000000000115	1.15257456356765e-12	1	0	0	34	9882
SM00762	Cog4	1.00000000000115	1.15257456356765e-12	1	0	0	34	9882
SM01286	SPT16	1.00000000000115	1.15257456356765e-12	1	0	0	34	9882
SM00805	AGTRAP	1.00000000000115	1.15257456356765e-12	1	0	0	34	9882
SM01416	Ribosomal_L19e	1.00000000000115	1.15257456356765e-12	1	0	0	34	9882
SM00659	RPOLCX	1.00000000000115	1.15257456356765e-12	1	0	0	34	9882
SM00179	EGF_CA	1.00000000000193	1.93151884565399e-12	122	0	0	34	9882
SM00029	GASTRIN	1.00000000000193	1.93349457673847e-12	2	0	0	34	9882
SM00732	YqgFc	1.00000000000193	1.93349457673847e-12	2	0	0	34	9882
SM01161	DUF1767	1.00000000000193	1.93349457673847e-12	2	0	0	34	9882
SM00852	MoCF_biosynth	1.00000000000193	1.93349457673847e-12	2	0	0	34	9882
SM01288	FISNA	1.00000000000193	1.93349457673847e-12	2	0	0	34	9882
SM00893	ETF	1.00000000000193	1.93349457673847e-12	2	0	0	34	9882
SM01165	DUF1866	1.00000000000193	1.93349457673847e-12	2	0	0	34	9882
SM01371	TFIIA	1.00000000000193	1.93349457673847e-12	2	0	0	34	9882
SM01072	CDC48_2	1.00000000000193	1.93349457673847e-12	2	0	0	34	9882
SM00188	IL10	1.00000000000193	1.93349457673847e-12	2	0	0	34	9882
SM01154	DUF1704	1.00000000000193	1.93349457673847e-12	2	0	0	34	9882
SM00190	IL4_13	1.00000000000193	1.93349457673847e-12	2	0	0	34	9882
SM01000	Aha1_N	1.00000000000193	1.93349457673847e-12	2	0	0	34	9882
SM00993	YL1_C	1.00000000000193	1.93349457673847e-12	2	0	0	34	9882
SM00433	TOP2c	1.00000000000193	1.93349457673847e-12	2	0	0	34	9882
SM00937	PCRF	1.00000000000193	1.93349457673847e-12	2	0	0	34	9882
SM01345	Rapamycin_bind	1.00000000000193	1.93349457673847e-12	2	0	0	34	9882
SM00635	BID_2	1.00000000000193	1.93349457673847e-12	2	0	0	34	9882
SM01421	DUF3480	1.00000000000193	1.93349457673847e-12	2	0	0	34	9882
SM00685	DM14	1.00000000000193	1.93349457673847e-12	2	0	0	34	9882
SM01387	Ribosomal_S15	1.00000000000193	1.93349457673847e-12	2	0	0	34	9882
SM01206	Fibrillarin	1.00000000000193	1.93349457673847e-12	2	0	0	34	9882
SM00788	Adenylsucc_synt	1.00000000000193	1.93349457673847e-12	2	0	0	34	9882
SM00095	TR_THY	1.00000000000193	1.93349457673847e-12	2	0	0	34	9882
SM01272	LsmAD	1.00000000000193	1.93349457673847e-12	2	0	0	34	9882
SM00586	ZnF_DBF	1.00000000000193	1.93349457673847e-12	2	0	0	34	9882
SM01282	DBB	1.00000000000193	1.93349457673847e-12	2	0	0	34	9882
SM00881	CoA_binding	1.00000000000193	1.93349457673847e-12	2	0	0	34	9882
SM00638	LPD_N	1.00000000000193	1.93349457673847e-12	2	0	0	34	9882
SM00951	QLQ	1.00000000000193	1.93349457673847e-12	2	0	0	34	9882
SM01179	DUF862	1.00000000000193	1.93349457673847e-12	2	0	0	34	9882
SM01382	Ribosomal_L2_C	1.00000000000193	1.93349457673847e-12	2	0	0	34	9882
SM00978	Tim44	1.00000000000193	1.93349457673847e-12	2	0	0	34	9882
SM00825	PKS_KS	1.00000000000193	1.93349457673847e-12	2	0	0	34	9882
SM01003	AlaDh_PNT_N	1.00000000000193	1.93349457673847e-12	2	0	0	34	9882
SM00436	TOP1Bc	1.00000000000193	1.93349457673847e-12	2	0	0	34	9882
SM00193	PTN	1.00000000000193	1.93349457673847e-12	2	0	0	34	9882
SM00888	EF1_GNE	1.00000000000193	1.93349457673847e-12	2	0	0	34	9882
SM01028	Beta-TrCP_D	1.00000000000193	1.93349457673847e-12	2	0	0	34	9882
SM00785	AARP2CN	1.00000000000193	1.93349457673847e-12	2	0	0	34	9882
SM00434	TOP4c	1.00000000000193	1.93349457673847e-12	2	0	0	34	9882
SM00550	Zalpha	1.00000000000193	1.93349457673847e-12	2	0	0	34	9882
SM01287	Rtt106	1.00000000000193	1.93349457673847e-12	2	0	0	34	9882
SM01399	Sybindin	1.00000000000193	1.93349457673847e-12	2	0	0	34	9882
SM00896	FDX-ACB	1.00000000000193	1.93349457673847e-12	2	0	0	34	9882
SM00223	APPLE	1.00000000000193	1.93349457673847e-12	2	0	0	34	9882
SM00860	SMI1_KNR4	1.00000000000193	1.93349457673847e-12	2	0	0	34	9882
SM00080	LIF_OSM	1.00000000000193	1.93349457673847e-12	2	0	0	34	9882
SM00812	Alpha_L_fucos	1.00000000000193	1.93349457673847e-12	2	0	0	34	9882
SM01237	ICA69	1.00000000000193	1.93349457673847e-12	2	0	0	34	9882
SM01293	DUF3402	1.00000000000193	1.93349457673847e-12	2	0	0	34	9882
SM00777	Mad3_BUB1_I	1.00000000000193	1.93349457673847e-12	2	0	0	34	9882
SM01415	DUF106	1.00000000000193	1.93349457673847e-12	2	0	0	34	9882
SM01022	ASCH	1.00000000000193	1.93349457673847e-12	2	0	0	34	9882
SM01281	Med12	1.00000000000193	1.93349457673847e-12	2	0	0	34	9882
SM00711	TDU	1.00000000000193	1.93349457673847e-12	2	0	0	34	9882
SM01258	KRBA1	1.00000000000193	1.93349457673847e-12	2	0	0	34	9882
SM01130	DHDPS	1.00000000000193	1.93349457673847e-12	2	0	0	34	9882
SM00559	Ku78	1.00000000000193	1.93349457673847e-12	2	0	0	34	9882
SM01355	AP3B1_C	1.00000000000193	1.93349457673847e-12	2	0	0	34	9882
SM00657	RPOL4c	1.00000000000193	1.93349457673847e-12	2	0	0	34	9882
SM00039	CRF	1.00000000000193	1.93349457673847e-12	2	0	0	34	9882
SM01011	AMP_N	1.00000000000193	1.93349457673847e-12	2	0	0	34	9882
SM01390	Ribosomal_S4	1.00000000000193	1.93349457673847e-12	2	0	0	34	9882
SM01144	DTW	1.00000000000193	1.93349457673847e-12	2	0	0	34	9882
SM00827	PKS_AT	1.00000000000193	1.93349457673847e-12	2	0	0	34	9882
SM00632	Aamy_C	1.00000000000193	1.93349457673847e-12	2	0	0	34	9882
SM01174	DUF4205	1.00000000000193	1.93349457673847e-12	2	0	0	34	9882
SM00662	RPOLD	1.00000000000193	1.93349457673847e-12	2	0	0	34	9882
SM01376	eIF-5a	1.00000000000193	1.93349457673847e-12	2	0	0	34	9882
SM00653	eIF2B_5	1.00000000000193	1.93349457673847e-12	2	0	0	34	9882
SM01336	zf-PARP	1.00000000000193	1.93349457673847e-12	2	0	0	34	9882
SM01164	DUF1856	1.00000000000193	1.93349457673847e-12	2	0	0	34	9882
SM00992	YccV-like	1.00000000000193	1.93349457673847e-12	2	0	0	34	9882
SM01194	eRF1_1	1.00000000000193	1.93349457673847e-12	2	0	0	34	9882
SM01250	KAT11	1.00000000000193	1.93349457673847e-12	2	0	0	34	9882
SM01319	Tankyrase_bdg_C	1.00000000000193	1.93349457673847e-12	2	0	0	34	9882
SM00649	RL11	1.00000000000193	1.93349457673847e-12	2	0	0	34	9882
SM00853	MutL_C	1.00000000000193	1.93349457673847e-12	2	0	0	34	9882
SM01138	DP	1.00000000000193	1.93349457673847e-12	2	0	0	34	9882
SM00469	WIF	1.00000000000193	1.93349457673847e-12	2	0	0	34	9882
SM00126	IL6	1.00000000000193	1.93349457673847e-12	2	0	0	34	9882
SM01374	Ribosomal_L14	1.00000000000193	1.93349457673847e-12	2	0	0	34	9882
SM01291	N-SET	1.00000000000193	1.93349457673847e-12	2	0	0	34	9882
SM00705	THEG	1.00000000000193	1.93349457673847e-12	2	0	0	34	9882
SM00808	FABD	1.00000000000193	1.93349457673847e-12	2	0	0	34	9882
SM00531	TFIIE	1.00000000000193	1.93349457673847e-12	2	0	0	34	9882
SM01267	LAG1_DNAbind	1.00000000000193	1.93349457673847e-12	2	0	0	34	9882
SM00756	VKc	1.00000000000193	1.93349457673847e-12	2	0	0	34	9882
SM01229	GluR_Homer-bdg	1.00000000000193	1.93349457673847e-12	2	0	0	34	9882
SM01182	EF-1_beta_acid	1.00000000000193	1.93349457673847e-12	2	0	0	34	9882
SM01142	DSHCT	1.00000000000193	1.93349457673847e-12	2	0	0	34	9882
SM01233	HABP4_PAI-RBP1	1.00000000000193	1.93349457673847e-12	2	0	0	34	9882
SM00299	CLH	1.00000000000193	1.93349457673847e-12	2	0	0	34	9882
SM01389	Spt4	1.00000000000193	1.93349457673847e-12	2	0	0	34	9882
SM00761	HDAC_interact	1.00000000000193	1.93349457673847e-12	2	0	0	34	9882
SM00581	PSP	1.00000000000193	1.93349457673847e-12	2	0	0	34	9882
SM00494	ChtBD2	1.00000000000193	1.93349457673847e-12	2	0	0	34	9882
SM01314	SnAC	1.00000000000193	1.93349457673847e-12	2	0	0	34	9882
SM00846	Gp_dh_N	1.00000000000193	1.93349457673847e-12	2	0	0	34	9882
SM01283	Costars	1.00000000000193	1.93349457673847e-12	2	0	0	34	9882
SM00466	SRA	1.00000000000193	1.93349457673847e-12	2	0	0	34	9882
SM00902	Fe_hyd_SSU	1.00000000000193	1.93349457673847e-12	2	0	0	34	9882
SM01104	CTD	1.00000000000193	1.93349457673847e-12	2	0	0	34	9882
SM01362	DUF663	1.00000000000193	1.93349457673847e-12	2	0	0	34	9882
SM00976	Telo_bind	1.00000000000193	1.93349457673847e-12	2	0	0	34	9882
SM01050	CactinC_cactus	1.00000000000193	1.93349457673847e-12	2	0	0	34	9882
SM00003	NH	1.00000000000193	1.93349457673847e-12	2	0	0	34	9882
SM00551	ZnF_TAZ	1.00000000000193	1.93349457673847e-12	2	0	0	34	9882
SM01074	Cdc6_C	1.00000000000193	1.93349457673847e-12	2	0	0	34	9882
SM00512	Skp1	1.00000000000193	1.93349457673847e-12	2	0	0	34	9882
SM01115	cwf21	1.00000000000193	1.93349457673847e-12	2	0	0	34	9882
SM00807	AKAP_110	1.00000000000193	1.93349457673847e-12	2	0	0	34	9882
SM01292	N1221	1.00000000000193	1.93349457673847e-12	2	0	0	34	9882
SM01177	DUF4210	1.00000000000193	1.93349457673847e-12	2	0	0	34	9882
SM00555	GIT	1.00000000000193	1.93349457673847e-12	2	0	0	34	9882
SM01383	Ribosomal_L2	1.00000000000193	1.93349457673847e-12	2	0	0	34	9882
SM00661	RPOL9	1.00000000000193	1.93349457673847e-12	2	0	0	34	9882
SM01086	ClpB_D2-small	1.00000000000193	1.93349457673847e-12	2	0	0	34	9882
SM01070	CDC37_M	1.00000000000193	1.93349457673847e-12	2	0	0	34	9882
SM01239	IKKbetaNEMObind	1.00000000000193	1.93349457673847e-12	2	0	0	34	9882
SM00435	TOPEUc	1.00000000000193	1.93349457673847e-12	2	0	0	34	9882
SM00956	RQC	1.00000000000193	1.93349457673847e-12	2	0	0	34	9882
SM01076	CG-1	1.00000000000193	1.93349457673847e-12	2	0	0	34	9882
SM01122	DBC1	1.00000000000193	1.93349457673847e-12	2	0	0	34	9882
SM01301	PTPlike_phytase	1.00000000000193	1.93349457673847e-12	2	0	0	34	9882
SM01002	AlaDh_PNT_C	1.00000000000193	1.93349457673847e-12	2	0	0	34	9882
SM00525	FES	1.00000000000193	1.93349457673847e-12	2	0	0	34	9882
SM00967	SpoU_sub_bind	1.00000000000193	1.93349457673847e-12	2	0	0	34	9882
SM01010	AMPKBI	1.00000000000193	1.93349457673847e-12	2	0	0	34	9882
SM01423	Milton	1.00000000000193	1.93349457673847e-12	2	0	0	34	9882
SM00714	LITAF	1.00000000000193	1.93349457673847e-12	2	0	0	34	9882
SM00437	TOP1Ac	1.00000000000193	1.93349457673847e-12	2	0	0	34	9882
SM01313	Sec3-PIP2_bind	1.00000000000193	1.93349457673847e-12	2	0	0	34	9882
SM00493	TOPRIM	1.00000000000193	1.93349457673847e-12	2	0	0	34	9882
SM01268	BTD	1.00000000000193	1.93349457673847e-12	2	0	0	34	9882
SM01141	DRY_EERY	1.00000000000193	1.93349457673847e-12	2	0	0	34	9882
SM01230	Gln-synt_C	1.00000000000193	1.93349457673847e-12	2	0	0	34	9882
SM00500	SFM	1.00000000000193	1.93349457673847e-12	2	0	0	34	9882
SM00087	PTH	1.00000000000193	1.93349457673847e-12	2	0	0	34	9882
SM00792	Agouti	1.00000000000193	1.93349457673847e-12	2	0	0	34	9882
SM01410	DIM1	1.00000000000193	1.93349457673847e-12	2	0	0	34	9882
SM01023	BAF	1.00000000000193	1.93349457673847e-12	2	0	0	34	9882
SM01131	DHHA2	1.00000000000193	1.93349457673847e-12	2	0	0	34	9882
SM00873	B3_4	1.00000000000193	1.93349457673847e-12	2	0	0	34	9882
SM00249	PHD	1.00000000000253	2.5294977114312e-12	89	0	0	34	9882
SM00049	DEP	1.00000000000257	2.57230444168664e-12	21	0	0	34	9882
SM00048	DEFSN	1.00000000000257	2.57230444168664e-12	21	0	0	34	9882
SM00134	LU	1.00000000000257	2.57230444168664e-12	21	0	0	34	9882
SM00207	TNF	1.00000000000269	2.68989676670496e-12	16	0	0	34	9882
SM00799	DENN	1.00000000000269	2.68989676670496e-12	16	0	0	34	9882
SM00568	GRAM	1.00000000000269	2.68989676670496e-12	16	0	0	34	9882
SM00831	Cation_ATPase_N	1.00000000000269	2.68989676670496e-12	16	0	0	34	9882
SM00086	PAC	1.00000000000269	2.68989676670496e-12	16	0	0	34	9882
SM00069	GLA	1.00000000000269	2.68989676670496e-12	16	0	0	34	9882
SM00358	DSRM	1.00000000000269	2.68989676670496e-12	16	0	0	34	9882
SM00724	TLC	1.00000000000269	2.68989676670496e-12	16	0	0	34	9882
SM00702	P4Hc	1.00000000000269	2.68989676670496e-12	16	0	0	34	9882
SM00913	IBN_N	1.00000000000269	2.68989676670496e-12	16	0	0	34	9882
SM00643	C345C	1.00000000000269	2.68989676670496e-12	16	0	0	34	9882
SM00146	PI3Kc	1.00000000000269	2.68989676670496e-12	16	0	0	34	9882
SM00285	PBD	1.00000000000269	2.68989676670496e-12	16	0	0	34	9882
SM00275	G_alpha	1.00000000000269	2.68989676670496e-12	16	0	0	34	9882
SM00801	dDENN	1.00000000000269	2.68989676670496e-12	16	0	0	34	9882
SM00225	BTB	1.00000000000433	4.32689253842702e-12	202	0	0	34	9882
SM00365	LRR_SD22	1.00000000000582	5.81775636501682e-12	54	0	0	34	9882
SM00356	ZnF_C3H1	1.00000000000602	6.01587589367735e-12	46	0	0	34	9882
SM00339	FH	1.0000000000068	6.80296489684948e-12	45	0	0	34	9882
SM00133	S_TK_X	1.0000000000068	6.80296489684948e-12	45	0	0	34	9882
SM00399	ZnF_C4	1.00000000000685	6.84580148326897e-12	47	0	0	34	9882
SM00271	DnaJ	1.00000000000685	6.84580148326897e-12	47	0	0	34	9882
SM00228	PDZ	1.00000000000688	6.88107434148267e-12	148	0	0	34	9882
SM00333	TUDOR	1.00000000000728	7.27622392758141e-12	25	0	0	34	9882
SM01196	FERM_C	1.00000000000728	7.27622392758141e-12	25	0	0	34	9882
SM00072	GuKc	1.00000000000728	7.27622392758141e-12	25	0	0	34	9882
SM00064	FYVE	1.00000000000752	7.52134740992018e-12	30	0	0	34	9882
SM00181	EGF	1.00000000000802	8.02167851171645e-12	177	0	0	34	9882
SM00302	GED	1.00000000000862	8.62003730754976e-12	6	0	0	34	9882
SM01400	Pribosyltran_N	1.00000000000862	8.62003730754976e-12	6	0	0	34	9882
SM00757	CRA	1.00000000000862	8.62003730754976e-12	6	0	0	34	9882
SM00811	Alpha_kinase	1.00000000000862	8.62003730754976e-12	6	0	0	34	9882
SM00742	Hr1	1.00000000000862	8.62003730754976e-12	6	0	0	34	9882
SM00863	tRNA_SAD	1.00000000000862	8.62003730754976e-12	6	0	0	34	9882
SM00915	Jacalin	1.00000000000862	8.62003730754976e-12	6	0	0	34	9882
SM00952	RAP	1.00000000000862	8.62003730754976e-12	6	0	0	34	9882
SM00155	PLDc	1.00000000000862	8.62003730754976e-12	6	0	0	34	9882
SM00544	MA3	1.00000000000862	8.62003730754976e-12	6	0	0	34	9882
SM00603	LCCL	1.00000000000862	8.62003730754976e-12	6	0	0	34	9882
SM00259	ZnF_A20	1.00000000000862	8.62003730754976e-12	6	0	0	34	9882
SM00359	PUA	1.00000000000862	8.62003730754976e-12	6	0	0	34	9882
SM00152	THY	1.00000000000862	8.62003730754976e-12	6	0	0	34	9882
SM00440	ZnF_C2C2	1.00000000000862	8.62003730754976e-12	6	0	0	34	9882
SM01114	CXC	1.00000000000862	8.62003730754976e-12	6	0	0	34	9882
SM00111	C4	1.00000000000862	8.62003730754976e-12	6	0	0	34	9882
SM00648	SWAP	1.00000000000862	8.62003730754976e-12	6	0	0	34	9882
SM00921	MHC_II_beta	1.00000000000862	8.62003730754976e-12	6	0	0	34	9882
SM00775	LNS2	1.00000000000862	8.62003730754976e-12	6	0	0	34	9882
SM00070	GLUCA	1.00000000000862	8.62003730754976e-12	6	0	0	34	9882
SM01198	FBA	1.00000000000862	8.62003730754976e-12	6	0	0	34	9882
SM01241	Integrin_b_cyt	1.00000000000862	8.62003730754976e-12	6	0	0	34	9882
SM01184	efhand_Ca_insen	1.00000000000862	8.62003730754976e-12	6	0	0	34	9882
SM00432	MADS	1.00000000000862	8.62003730754976e-12	6	0	0	34	9882
SM00552	ADEAMc	1.00000000000862	8.62003730754976e-12	6	0	0	34	9882
SM00949	PAZ	1.00000000000862	8.62003730754976e-12	6	0	0	34	9882
SM00517	PolyA	1.00000000000862	8.62003730754976e-12	6	0	0	34	9882
SM01132	DIL	1.00000000000862	8.62003730754976e-12	6	0	0	34	9882
SM00464	LON	1.00000000000862	8.62003730754976e-12	6	0	0	34	9882
SM01127	DDHD	1.00000000000862	8.62003730754976e-12	6	0	0	34	9882
SM00968	SMC_hinge	1.00000000000862	8.62003730754976e-12	6	0	0	34	9882
SM00257	LysM	1.00000000000862	8.62003730754976e-12	6	0	0	34	9882
SM00021	DAX	1.00000000000862	8.62003730754976e-12	6	0	0	34	9882
SM00670	PINc	1.00000000000862	8.62003730754976e-12	6	0	0	34	9882
SM01137	DMAP_binding	1.00000000000862	8.62003730754976e-12	6	0	0	34	9882
SM00031	DED	1.00000000000862	8.62003730754976e-12	6	0	0	34	9882
SM00548	IRO	1.00000000000862	8.62003730754976e-12	6	0	0	34	9882
SM00730	PSN	1.00000000000862	8.62003730754976e-12	6	0	0	34	9882
SM00950	Piwi	1.00000000000862	8.62003730754976e-12	6	0	0	34	9882
SM00441	FF	1.00000000000862	8.62003730754976e-12	6	0	0	34	9882
SM01343	FATC	1.00000000000862	8.62003730754976e-12	6	0	0	34	9882
SM00695	DUSP	1.00000000000862	8.62003730754976e-12	6	0	0	34	9882
SM00907	GDNF	1.00000000000862	8.62003730754976e-12	6	0	0	34	9882
SM01329	Iso_dh	1.00000000000862	8.62003730754976e-12	6	0	0	34	9882
SM00665	B561	1.00000000000862	8.62003730754976e-12	6	0	0	34	9882
SM00394	RIIa	1.00000000000862	8.62003730754976e-12	6	0	0	34	9882
SM00022	PLAc	1.00000000000862	8.62003730754976e-12	6	0	0	34	9882
SM00415	HSF	1.00000000000862	8.62003730754976e-12	6	0	0	34	9882
SM00477	NUC	1.00000000000862	8.62003730754976e-12	6	0	0	34	9882
SM00144	PI3K_rbd	1.00000000000862	8.62003730754976e-12	6	0	0	34	9882
SM00710	PbH1	1.00000000000862	8.62003730754976e-12	6	0	0	34	9882
SM00454	SAM	1.00000000000886	8.8615526651161e-12	83	0	0	34	9882
SM01328	zf-3CxxC	1.00000000000901	9.01285444195836e-12	7	0	0	34	9882
SM00510	TFS2M	1.00000000000901	9.01285444195836e-12	7	0	0	34	9882
SM00384	AT_hook	1.00000000000901	9.01285444195836e-12	7	0	0	34	9882
SM00822	PKS_KR	1.00000000000901	9.01285444195836e-12	7	0	0	34	9882
SM00467	GS	1.00000000000901	9.01285444195836e-12	7	0	0	34	9882
SM00250	PLEC	1.00000000000901	9.01285444195836e-12	7	0	0	34	9882
SM01055	Cadherin_pro	1.00000000000901	9.01285444195836e-12	7	0	0	34	9882
SM00671	SEL1	1.00000000000901	9.01285444195836e-12	7	0	0	34	9882
SM01337	APC10	1.00000000000901	9.01285444195836e-12	7	0	0	34	9882
SM00243	GAS2	1.00000000000901	9.01285444195836e-12	7	0	0	34	9882
SM00201	SO	1.00000000000901	9.01285444195836e-12	7	0	0	34	9882
SM00182	CULLIN	1.00000000000901	9.01285444195836e-12	7	0	0	34	9882
SM00065	GAF	1.00000000000901	9.01285444195836e-12	7	0	0	34	9882
SM00546	CUE	1.00000000000901	9.01285444195836e-12	7	0	0	34	9882
SM00104	ANATO	1.00000000000901	9.01285444195836e-12	7	0	0	34	9882
SM01167	DUF1900	1.00000000000901	9.01285444195836e-12	7	0	0	34	9882
SM00964	STAT_int	1.00000000000901	9.01285444195836e-12	7	0	0	34	9882
SM00301	DM	1.00000000000901	9.01285444195836e-12	7	0	0	34	9882
SM00053	DYNc	1.00000000000901	9.01285444195836e-12	7	0	0	34	9882
SM00715	LA	1.00000000000901	9.01285444195836e-12	7	0	0	34	9882
SM01388	Mob1_phocein	1.00000000000901	9.01285444195836e-12	7	0	0	34	9882
SM00692	DM3	1.00000000000901	9.01285444195836e-12	7	0	0	34	9882
SM01109	CUT	1.00000000000901	9.01285444195836e-12	7	0	0	34	9882
SM00004	NL	1.00000000000901	9.01285444195836e-12	7	0	0	34	9882
SM00328	BPI1	1.00000000000901	9.01285444195836e-12	7	0	0	34	9882
SM00515	eIF5C	1.00000000000901	9.01285444195836e-12	7	0	0	34	9882
SM00018	PD	1.00000000000901	9.01285444195836e-12	7	0	0	34	9882
SM01166	DUF1899	1.00000000000901	9.01285444195836e-12	7	0	0	34	9882
SM01243	IRF-3	1.00000000000901	9.01285444195836e-12	7	0	0	34	9882
SM00707	RPEL	1.00000000000901	9.01285444195836e-12	7	0	0	34	9882
SM00101	14_3_3	1.00000000000901	9.01285444195836e-12	7	0	0	34	9882
SM00455	RBD	1.00000000000901	9.01285444195836e-12	7	0	0	34	9882
SM00980	THAP	1.00000000000901	9.01285444195836e-12	7	0	0	34	9882
SM00509	TFS2N	1.00000000000901	9.01285444195836e-12	7	0	0	34	9882
SM00258	SAND	1.00000000000901	9.01285444195836e-12	7	0	0	34	9882
SM01062	Ca_chan_IQ	1.00000000000901	9.01285444195836e-12	7	0	0	34	9882
SM00077	ITAM	1.00000000000901	9.01285444195836e-12	7	0	0	34	9882
SM01326	PTEN_C2	1.00000000000901	9.01285444195836e-12	7	0	0	34	9882
SM00390	GoLoco	1.00000000000901	9.01285444195836e-12	7	0	0	34	9882
SM00396	ZnF_UBR1	1.00000000000901	9.01285444195836e-12	7	0	0	34	9882
SM00582	RPR	1.00000000000901	9.01285444195836e-12	7	0	0	34	9882
SM00330	PIPKc	1.00000000001247	1.24716548967578e-11	8	0	0	34	9882
SM00562	NDK	1.00000000001247	1.24716548967578e-11	8	0	0	34	9882
SM00125	IL1	1.00000000001247	1.24716548967578e-11	8	0	0	34	9882
SM00166	UBX	1.00000000001247	1.24716548967578e-11	8	0	0	34	9882
SM00142	PI3K_C2	1.00000000001247	1.24716548967578e-11	8	0	0	34	9882
SM01025	BEN	1.00000000001247	1.24716548967578e-11	8	0	0	34	9882
SM01242	Integrin_B_tail	1.00000000001247	1.24716548967578e-11	8	0	0	34	9882
SM01412	Pro-rich	1.00000000001247	1.24716548967578e-11	8	0	0	34	9882
SM00948	Proteasome_A_N	1.00000000001247	1.24716548967578e-11	8	0	0	34	9882
SM00262	GEL	1.00000000001247	1.24716548967578e-11	8	0	0	34	9882
SM00468	PreSET	1.00000000001247	1.24716548967578e-11	8	0	0	34	9882
SM00329	BPI2	1.00000000001247	1.24716548967578e-11	8	0	0	34	9882
SM00524	DWB	1.00000000001247	1.24716548967578e-11	8	0	0	34	9882
SM00609	VIT	1.00000000001247	1.24716548967578e-11	8	0	0	34	9882
SM01203	DUF3585	1.00000000001247	1.24716548967578e-11	8	0	0	34	9882
SM00288	VHS	1.00000000001247	1.24716548967578e-11	8	0	0	34	9882
SM00099	btg1	1.00000000001247	1.24716548967578e-11	8	0	0	34	9882
SM00107	BTK	1.00000000001247	1.24716548967578e-11	8	0	0	34	9882
SM00577	CPDc	1.00000000001247	1.24716548967578e-11	8	0	0	34	9882
SM00154	ZnF_AN1	1.00000000001247	1.24716548967578e-11	8	0	0	34	9882
SM00511	ORANGE	1.00000000001247	1.24716548967578e-11	8	0	0	34	9882
SM00503	SynN	1.00000000001247	1.24716548967578e-11	8	0	0	34	9882
SM00167	VPS9	1.00000000001247	1.24716548967578e-11	8	0	0	34	9882
SM00884	Cullin_Nedd8	1.00000000001247	1.24716548967578e-11	8	0	0	34	9882
SM01420	TRP_2	1.00000000001247	1.24716548967578e-11	8	0	0	34	9882
SM00200	SEA	1.00000000001247	1.24716548967578e-11	8	0	0	34	9882
SM00139	MyTH4	1.00000000001247	1.24716548967578e-11	8	0	0	34	9882
SM00861	Transket_pyr	1.00000000001247	1.24716548967578e-11	8	0	0	34	9882
SM00746	TRASH	1.00000000001247	1.24716548967578e-11	8	0	0	34	9882
SM00357	CSP	1.00000000001247	1.24716548967578e-11	8	0	0	34	9882
SM00237	Calx_beta	1.00000000001247	1.24716548967578e-11	8	0	0	34	9882
SM00153	VHP	1.00000000001247	1.24716548967578e-11	8	0	0	34	9882
SM01419	Thiol-ester_cl	1.00000000001247	1.24716548967578e-11	8	0	0	34	9882
SM00281	LamB	1.00000000001247	1.24716548967578e-11	8	0	0	34	9882
SM00504	Ubox	1.00000000001247	1.24716548967578e-11	8	0	0	34	9882
SM00506	A1pp	1.00000000001247	1.24716548967578e-11	8	0	0	34	9882
SM00557	IG_FLMN	1.00000000001247	1.24716548967578e-11	8	0	0	34	9882
SM00385	CYCLIN	1.00000000001761	1.76066489032043e-11	32	0	0	34	9882
SM01373	MAGE	1.00000000001761	1.76066489032043e-11	32	0	0	34	9882
