TermID	Term	Enrichment	logP	Genes in Term	Target Genes in Term	Fraction of Targets in Term	Total Target Genes	Total Genes	Entrez Gene IDs	Gene Symbols
SM00325	RhoGEF	0.000984516536762067	-6.92335986290878	65	6	0.0342857142857143	175	9882	71704,57257,224014,219140,213498,21844	Arhgef3,Vav3,Fgd4,Spata13,Arhgef11,Tiam1
SM00409	IG	0.00108101092816097	-6.82985863106907	378	16	0.0914285714285714	175	9882	14131,26365,52118,16194,233186,14130,50723,57781,12489,22329,19273,71740,12978,11658,100042150,74048	Fcgr3,Ceacam1,Pvr,Il6ra,Siglecf,Fcgr2b,Icosl,Cd200r1,Cd33,Vcam1,Ptpru,Nectin4,Csf1r,Alcam,Nrg2,Vsir
SM00034	CLECT	0.00135552307464702	-6.60356786619219	121	8	0.0457142857142857	175	9882	216864,20343,17076,17064,11990,226255,108078,26888	Mgl2,Sell,Ly75,Cd93,Atrn,Atrnl1,Olr1,Clec4a2
SM00059	FN2	0.00137000538984935	-6.59294060495323	13	3	0.0171428571428571	175	9882	17390,17076,14268	Mmp2,Ly75,Fn1
SM00314	RA	0.00159683141859488	-6.43973397662689	29	4	0.0228571428571429	175	9882	71323,17356,19731,76089	Rassf8,Afdn,Rgl1,Rapgef2
SM00046	DAGKc	0.00172106019510358	-6.36481478554653	14	3	0.0171428571428571	175	9882	13139,110197,223753	Dgka,Dgkg,Cerk
SM00233	PH	0.00172558127031472	-6.36219131696149	252	12	0.0685714285714286	175	9882	71302,213498,21844,57257,71704,219140,20650,69601,14389,105445,224014,18805	Arhgap26,Arhgef11,Tiam1,Vav3,Arhgef3,Spata13,Sntb2,Dab2ip,Gab2,Dock9,Fgd4,Pld1
SM00326	SH3	0.00252092833035661	-5.98312806023378	196	10	0.0571428571428571	175	9882	214459,12361,13860,18003,71302,235406,17921,57257,27059,219140	Fnbp1l,Cask,Eps8,Nedd9,Arhgap26,Snx33,Myo7a,Vav3,Sh3d19,Spata13
SM00180	EGF_Lam	0.00324167005270643	-5.7316666336096	35	4	0.0228571428571429	175	9882	11990,171171,12614,226255	Atrn,Ntng2,Celsr1,Atrnl1
SM00423	PSI	0.00528350467442388	-5.24316563736249	40	4	0.0228571428571429	175	9882	67784,16414,11990,226255	Plxnd1,Itgb2,Atrn,Atrnl1
SM00109	C1	0.00539834358220812	-5.22166311650302	64	5	0.0285714285714286	175	9882	110197,18754,13139,18751,57257	Dgkg,Prkce,Dgka,Prkcb,Vav3
SM00312	PX	0.00629645354058412	-5.06776873415528	42	4	0.0228571428571429	175	9882	235406,18805,18704,74478	Snx33,Pld1,Pik3c2a,Snx29
SM00133	S_TK_X	0.00804519849162071	-4.82267982617333	45	4	0.0228571428571429	175	9882	20393,18751,20112,18754	Sgk1,Prkcb,Rps6ka2,Prkce
SM00045	DAGKa	0.0127808643365308	-4.35980620035327	10	2	0.0114285714285714	175	9882	110197,13139	Dgkg,Dgka
SM00181	EGF	0.0133560482311713	-4.31578594570844	177	8	0.0457142857142857	175	9882	228357,18189,17064,16971,11990,226255,171171,12614	Lrp4,Nrxn1,Cd93,Lrp1,Atrn,Atrnl1,Ntng2,Celsr1
SM00054	EFh	0.0135210389801068	-4.30350836367891	143	7	0.04	175	9882	110197,20201,227960,20202,53322,270084,13139	Dgkg,S100a8,Gca,S100a9,Nucb2,Lpcat2,Dgka
SM00238	BIR	0.0154407691438022	-4.17074392061314	11	2	0.0114285714285714	175	9882	17948,17951	Naip2,Naip5
SM00175	RAB	0.016072388697362	-4.13065246700821	148	7	0.04	175	9882	19332,14579,226421,80837,64143,66725,69288	Rab20,Gem,Rab7b,Rhoj,Ralb,Lrrk2,Rhobtb1
SM00228	PDZ	0.016072388697362	-4.13065246700821	148	7	0.04	175	9882	217692,76089,12361,17356,20650,213498,21844	Sipa1l1,Rapgef2,Cask,Afdn,Sntb2,Arhgef11,Tiam1
SM00060	FN3	0.0166210192194671	-4.09708716655745	149	7	0.04	175	9882	12986,19273,19277,14268,12983,72007,319448	Csf3r,Ptpru,Ptpro,Fn1,Csf2rb,Fndc3b,Fndc3a
SM00239	C2	0.0204187010575586	-3.89130407955398	121	6	0.0342857142857143	175	9882	18796,18754,69601,18751,18704,78771	Plcb2,Prkce,Dab2ip,Prkcb,Pik3c2a,Mctp1
SM01189	ELM2	0.0213963630381527	-3.84453432288591	13	2	0.0114285714285714	175	9882	68703,224829	Rere,Trerf1
SM00174	RHO	0.0219401749749825	-3.81943584900813	123	6	0.0342857142857143	175	9882	14579,19332,226421,64143,80837,69288	Gem,Rab20,Rab7b,Ralb,Rhoj,Rhobtb1
SM00135	LY	0.0246755801775846	-3.70194118116962	14	2	0.0114285714285714	175	9882	228357,16971	Lrp4,Lrp1
SM00294	4.1m	0.0246755801775846	-3.70194118116962	14	2	0.0114285714285714	175	9882	18189,20969	Nrxn1,Sdc1
SM00194	PTPc	0.0273055598572279	-3.60066493975274	37	3	0.0171428571428571	175	9882	19279,19277,19273	Ptprr,Ptpro,Ptpru
SM00173	RAS	0.0287888719298237	-3.54776635783416	131	6	0.0342857142857143	175	9882	14579,19332,226421,64143,80837,69288	Gem,Rab20,Rab7b,Ralb,Rhoj,Rhobtb1
SM01002	AlaDh_PNT_C	0.0351060846080691	-3.34938081287657	2	1	0.00571428571428571	175	9882	18115	Nnt
SM01288	FISNA	0.0351060846080691	-3.34938081287657	2	1	0.00571428571428571	175	9882	378425	Nlrp12
SM01282	DBB	0.0351060846080691	-3.34938081287657	2	1	0.00571428571428571	175	9882	83490	Pik3ap1
SM00494	ChtBD2	0.0351060846080691	-3.34938081287657	2	1	0.00571428571428571	175	9882	71884	Chit1
SM01003	AlaDh_PNT_N	0.0351060846080691	-3.34938081287657	2	1	0.00571428571428571	175	9882	18115	Nnt
SM00368	LRR_RI	0.0355999139472161	-3.3354120583401	41	3	0.0171428571428571	175	9882	378425,107607,195046	Nlrp12,Nod1,Nlrp1a
SM00563	PlsC	0.0356247041405648	-3.33471594525406	17	2	0.0114285714285714	175	9882	270084,226856	Lpcat2,Lpgat1
SM00192	LDLa	0.0425757209920534	-3.15647111794252	44	3	0.0171428571428571	175	9882	16971,228357,241576	Lrp1,Lrp4,Ldlrad3
SM00191	Int_alpha	0.0437760593095867	-3.12866820214044	19	2	0.0114285714285714	175	9882	16403,16409	Itga6,Itgam
SM00055	FCH	0.0480860931022039	-3.03476226836933	20	2	0.0114285714285714	175	9882	19201,214459	Pstpip2,Fnbp1l
SM00473	PAN_AP	0.0521968169141214	-2.9527337646095	3	1	0.00571428571428571	175	9882	15234	Hgf
SM00985	UBA_e1_C	0.0521968169141214	-2.9527337646095	3	1	0.00571428571428571	175	9882	74153	Uba7
SM00736	CADG	0.0521968169141214	-2.9527337646095	3	1	0.00571428571428571	175	9882	20392	Sgce
SM00006	A4_EXTRA	0.0521968169141214	-2.9527337646095	3	1	0.00571428571428571	175	9882	11820	App
SM00255	TIR	0.0618739177244561	-2.78265654956818	23	2	0.0114285714285714	175	9882	21898,21899	Tlr4,Tlr6
SM00092	RNAse_Pc	0.0618739177244561	-2.78265654956818	23	2	0.0114285714285714	175	9882	58809,75019	Rnase4,Rnase10
SM01394	S_100	0.066734698361797	-2.70703024600634	24	2	0.0114285714285714	175	9882	20201,20202	S100a8,S100a9
SM00120	HX	0.066734698361797	-2.70703024600634	24	2	0.0114285714285714	175	9882	17390,58223	Mmp2,Mmp19
SM00701	PGRP	0.0689865281228485	-2.67384403804398	4	1	0.00571428571428571	175	9882	21946	Pglyrp1
SM00058	FN1	0.0689865281228485	-2.67384403804398	4	1	0.00571428571428571	175	9882	14268	Fn1
SM00307	ILWEQ	0.0689865281228485	-2.67384403804398	4	1	0.00571428571428571	175	9882	215114	Hip1
SM00644	Ami_2	0.0689865281228485	-2.67384403804398	4	1	0.00571428571428571	175	9882	21946	Pglyrp1
SM01289	PYRIN	0.0820279663980906	-2.5006950362282	27	2	0.0114285714285714	175	9882	54483,378425	Mefv,Nlrp12
SM01175	DUF4206	0.0854804902185932	-2.45946711365534	5	1	0.00571428571428571	175	9882	271221	Rubcnl
SM01008	Ald_Xan_dh_C	0.0854804902185932	-2.45946711365534	5	1	0.00571428571428571	175	9882	22436	Xdh
SM00765	MANEC	0.0854804902185932	-2.45946711365534	5	1	0.00571428571428571	175	9882	67729	Mansc1
SM01092	CO_deh_flav_C	0.0854804902185932	-2.45946711365534	5	1	0.00571428571428571	175	9882	22436	Xdh
SM00602	VPS10	0.0854804902185932	-2.45946711365534	5	1	0.00571428571428571	175	9882	20661	Sort1
SM00741	SapB	0.0854804902185932	-2.45946711365534	5	1	0.00571428571428571	175	9882	27052	Aoah
SM00642	Aamy	0.0854804902185932	-2.45946711365534	5	1	0.00571428571428571	175	9882	74185	Gbe1
SM00147	RasGEF	0.087343911320683	-2.43790194923127	28	2	0.0114285714285714	175	9882	19731,76089	Rgl1,Rapgef2
SM00229	RasGEFN	0.087343911320683	-2.43790194923127	28	2	0.0114285714285714	175	9882	19731,76089	Rgl1,Rapgef2
SM00235	ZnMc	0.0927599580367304	-2.37774021898031	29	2	0.0114285714285714	175	9882	58223,17390	Mmp19,Mmp2
SM00404	PTPc_motif	0.0934239524168038	-2.37060751676627	61	3	0.0171428571428571	175	9882	19273,19277,19279	Ptpru,Ptpro,Ptprr
SM00144	PI3K_rbd	0.101683883378669	-2.28588646067181	6	1	0.00571428571428571	175	9882	18704	Pik3c2a
SM00592	BRK	0.101683883378669	-2.28588646067181	6	1	0.00571428571428571	175	9882	320790	Chd7
SM00155	PLDc	0.101683883378669	-2.28588646067181	6	1	0.00571428571428571	175	9882	18805	Pld1
SM00111	C4	0.101683883378669	-2.28588646067181	6	1	0.00571428571428571	175	9882	12827	Col4a2
SM01241	Integrin_b_cyt	0.101683883378669	-2.28588646067181	6	1	0.00571428571428571	175	9882	16414	Itgb2
SM00464	LON	0.101683883378669	-2.28588646067181	6	1	0.00571428571428571	175	9882	74365	Lonrf3
SM01132	DIL	0.101683883378669	-2.28588646067181	6	1	0.00571428571428571	175	9882	17356	Afdn
SM00220	S_TKc	0.104827560329159	-2.25543856142837	359	10	0.0571428571428571	175	9882	26415,18751,20112,74137,20393,26406,213452,18754,108058,66725	Mapk13,Prkcb,Rps6ka2,Nuak2,Sgk1,Map3k3,Dstyk,Prkce,Camk2d,Lrrk2
SM00408	IGc2	0.110314246597718	-2.20442219879942	228	7	0.04	175	9882	22329,100042150,16194,26365,71740,12978,233186	Vcam1,Nrg2,Il6ra,Ceacam1,Nectin4,Csf1r,Siglecf
SM00018	PD	0.117601797553852	-2.14045095831256	7	1	0.00571428571428571	175	9882	232714	Mgam
SM00104	ANATO	0.117601797553852	-2.14045095831256	7	1	0.00571428571428571	175	9882	12266	C3
SM00258	SAND	0.117601797553852	-2.14045095831256	7	1	0.00571428571428571	175	9882	434484	Sp140
SM00455	RBD	0.117601797553852	-2.14045095831256	7	1	0.00571428571428571	175	9882	21844	Tiam1
SM00262	GEL	0.133239234054436	-2.01560901428894	8	1	0.00571428571428571	175	9882	22351	Vill
SM00139	MyTH4	0.133239234054436	-2.01560901428894	8	1	0.00571428571428571	175	9882	17921	Myo7a
SM00142	PI3K_C2	0.133239234054436	-2.01560901428894	8	1	0.00571428571428571	175	9882	18704	Pik3c2a
SM00153	VHP	0.133239234054436	-2.01560901428894	8	1	0.00571428571428571	175	9882	22351	Vill
SM00557	IG_FLMN	0.133239234054436	-2.01560901428894	8	1	0.00571428571428571	175	9882	286940	Flnb
SM01419	Thiol-ester_cl	0.133239234054436	-2.01560901428894	8	1	0.00571428571428571	175	9882	12266	C3
SM00099	btg1	0.133239234054436	-2.01560901428894	8	1	0.00571428571428571	175	9882	12226	Btg1
SM01242	Integrin_B_tail	0.133239234054436	-2.01560901428894	8	1	0.00571428571428571	175	9882	16414	Itgb2
SM00082	LRRCT	0.147389337501777	-1.91467763900905	75	3	0.0171428571428571	175	9882	21898,76905,21899	Tlr4,Lrg1,Tlr6
SM00855	PGAM	0.14860110705536	-1.90648969682475	9	1	0.00571428571428571	175	9882	170768	Pfkfb3
SM01140	Drf_GBD	0.14860110705536	-1.90648969682475	9	1	0.00571428571428571	175	9882	71409	Fmnl2
SM01026	Beach	0.14860110705536	-1.90648969682475	9	1	0.00571428571428571	175	9882	17101	Lyst
SM01359	A2M_N_2	0.14860110705536	-1.90648969682475	9	1	0.00571428571428571	175	9882	12266	C3
SM01360	A2M	0.14860110705536	-1.90648969682475	9	1	0.00571428571428571	175	9882	12266	C3
SM00273	ENTH	0.14860110705536	-1.90648969682475	9	1	0.00571428571428571	175	9882	215114	Hip1
SM01139	Drf_FH3	0.14860110705536	-1.90648969682475	9	1	0.00571428571428571	175	9882	71409	Fmnl2
SM00187	INB	0.14860110705536	-1.90648969682475	9	1	0.00571428571428571	175	9882	16414	Itgb2
SM00145	PI3Ka	0.14860110705536	-1.90648969682475	9	1	0.00571428571428571	175	9882	18704	Pik3c2a
SM01361	A2M_recep	0.14860110705536	-1.90648969682475	9	1	0.00571428571428571	175	9882	12266	C3
SM00282	LamG	0.15756890613668	-1.84789241711085	40	2	0.0114285714285714	175	9882	12614,18189	Celsr1,Nrxn1
SM01052	CAP_GLY	0.163692245136034	-1.8097671681399	10	1	0.00571428571428571	175	9882	16554	Kif13b
SM00636	Glyco_18	0.163692245136034	-1.8097671681399	10	1	0.00571428571428571	175	9882	71884	Chit1
SM00251	SAM_PNT	0.163692245136034	-1.8097671681399	10	1	0.00571428571428571	175	9882	13876	Erg
SM00179	EGF_CA	0.170430595396322	-1.76942713025628	122	4	0.0228571428571429	175	9882	17064,16971,12614,228357	Cd93,Lrp1,Celsr1,Lrp4
SM00717	SANT	0.176460881405828	-1.73465606226793	43	2	0.0114285714285714	175	9882	224829,68703	Trerf1,Rere
SM00439	BAH	0.178517392733822	-1.72306924422453	11	1	0.00571428571428571	175	9882	68703	Rere
SM00401	ZnF_GATA	0.19308121163065	-1.64464439293167	12	1	0.00571428571428571	175	9882	68703	Rere
SM01265	Mab-21	0.19308121163065	-1.64464439293167	12	1	0.00571428571428571	175	9882	319622	Itpripl2
SM00295	B41	0.202151551123676	-1.59873760979258	47	2	0.0114285714285714	175	9882	218203,17921	Mylip,Myo7a
SM00399	ZnF_C4	0.202151551123676	-1.59873760979258	47	2	0.0114285714285714	175	9882	20181,13982	Rxra,Esr1
SM00323	RasGAP	0.207388282337226	-1.57316248267465	13	1	0.00571428571428571	175	9882	69601	Dab2ip
SM00698	MORN	0.207388282337226	-1.57316248267465	13	1	0.00571428571428571	175	9882	226123	Morn4
SM00569	L27	0.207388282337226	-1.57316248267465	13	1	0.00571428571428571	175	9882	12361	Cask
SM00430	HOLI	0.215155228517075	-1.53639551826344	49	2	0.0114285714285714	175	9882	20181,13982	Rxra,Esr1
SM00234	START	0.221443105579172	-1.50758958217876	14	1	0.00571428571428571	175	9882	236920	Stard8
SM00198	SCP	0.221443105579172	-1.50758958217876	14	1	0.00571428571428571	175	9882	74116	Pi16
SM00666	PB1	0.221443105579172	-1.50758958217876	14	1	0.00571428571428571	175	9882	26406	Map3k3
SM00042	CUB	0.221686521362562	-1.50649096094888	50	2	0.0114285714285714	175	9882	11990,226255	Atrn,Atrnl1
SM00136	LamNT	0.235250103614076	-1.44710606007434	15	1	0.00571428571428571	175	9882	171171	Ntng2
SM00498	FH2	0.235250103614076	-1.44710606007434	15	1	0.00571428571428571	175	9882	71409	Fmnl2
SM00149	PLCYc	0.235250103614076	-1.44710606007434	15	1	0.00571428571428571	175	9882	18796	Plcb2
SM01014	ARID	0.235250103614076	-1.44710606007434	15	1	0.00571428571428571	175	9882	214855	Arid5a
SM00501	BRIGHT	0.235250103614076	-1.44710606007434	15	1	0.00571428571428571	175	9882	214855	Arid5a
SM00130	KR	0.235250103614076	-1.44710606007434	15	1	0.00571428571428571	175	9882	15234	Hgf
SM00217	WAP	0.235250103614076	-1.44710606007434	15	1	0.00571428571428571	175	9882	20568	Slpi
SM00146	PI3Kc	0.24881362158663	-1.39105117047339	16	1	0.00571428571428571	175	9882	18704	Pik3c2a
SM00643	C345C	0.24881362158663	-1.39105117047339	16	1	0.00571428571428571	175	9882	12266	C3
SM00364	LRR_BAC	0.261122822294821	-1.34276439884407	56	2	0.0114285714285714	175	9882	66725,76905	Lrrk2,Lrg1
SM00137	MAM	0.262137928929891	-1.33888446744798	17	1	0.00571428571428571	175	9882	19273	Ptpru
SM00631	Zn_pept	0.262137928929891	-1.33888446744798	17	1	0.00571428571428571	175	9882	12874	Cpd
SM01332	Cyclin_C	0.262137928929891	-1.33888446744798	17	1	0.00571428571428571	175	9882	218630	Ccno
SM00336	BBOX	0.274306067901714	-1.29351075987708	58	2	0.0114285714285714	175	9882	54483,209387	Mefv,Trim30d
SM00148	PLCXc	0.275227220610012	-1.29015826571409	18	1	0.00571428571428571	175	9882	18796	Plcb2
SM00593	RUN	0.275227220610012	-1.29015826571409	18	1	0.00571428571428571	175	9882	74478	Snx29
SM00131	KU	0.288085618455242	-1.24449755672408	19	1	0.00571428571428571	175	9882	11820	App
SM00332	PP2Cc	0.300717172426394	-1.20158508244935	20	1	0.00571428571428571	175	9882	320472	Ppm1e
SM00033	CH	0.313736087206887	-1.15920313308306	64	2	0.0114285714285714	175	9882	57257,286940	Vav3,Flnb
SM00324	RhoGAP	0.313736087206887	-1.15920313308306	64	2	0.0114285714285714	175	9882	71302,236920	Arhgap26,Stard8
SM00240	FHA	0.3253155965448	-1.12295950154057	22	1	0.00571428571428571	175	9882	17356	Afdn
SM00186	FBG	0.3253155965448	-1.12295950154057	22	1	0.00571428571428571	175	9882	14190	Fgl2
SM00458	RICIN	0.337290218315867	-1.086811537288	23	1	0.00571428571428571	175	9882	17076	Ly75
SM00471	HDc	0.337290218315867	-1.086811537288	23	1	0.00571428571428571	175	9882	18576	Pde3b
SM00008	HormR	0.349053501788659	-1.05253006827496	24	1	0.00571428571428571	175	9882	12614	Celsr1
SM00327	VWA	0.359118953284941	-1.02410159917928	71	2	0.0114285714285714	175	9882	16409,12722	Itgam,Clca3a1
SM01196	FERM_C	0.360609155801424	-1.01996057807096	25	1	0.00571428571428571	175	9882	218203	Mylip
SM00072	GuKc	0.360609155801424	-1.01996057807096	25	1	0.00571428571428571	175	9882	12361	Cask
SM00413	ETS	0.371960824435061	-0.988966740912985	26	1	0.00571428571428571	175	9882	13876	Erg
SM00369	LRR_TYP	0.375304101787923	-0.980018643543246	175	4	0.0228571428571429	175	9882	76905,21898,21899,66725	Lrg1,Tlr4,Tlr6,Lrrk2
SM00178	SAR	0.383112088200975	-0.959427674129448	27	1	0.00571428571428571	175	9882	219144	Arl11
SM00429	IPT	0.383112088200975	-0.959427674129448	27	1	0.00571428571428571	175	9882	67784	Plxnd1
SM00303	GPS	0.404827411800836	-0.904294446402268	29	1	0.00571428571428571	175	9882	12614	Celsr1
SM00064	FYVE	0.415398324522363	-0.878517400956148	30	1	0.00571428571428571	175	9882	224014	Fgd4
SM00298	CHROMO	0.415398324522363	-0.878517400956148	30	1	0.00571428571428571	175	9882	320790	Chd7
SM00630	Sema	0.425782540223611	-0.853826532005061	31	1	0.00571428571428571	175	9882	67784	Plxnd1
SM00100	cNMP	0.425782540223611	-0.853826532005061	31	1	0.00571428571428571	175	9882	76089	Rapgef2
SM00176	RAN	0.428021501015234	-0.848581848645225	82	2	0.0114285714285714	175	9882	64143,226421	Ralb,Rab7b
SM00385	CYCLIN	0.435983337665503	-0.830151252726891	32	1	0.00571428571428571	175	9882	218630	Ccno
SM01373	MAGE	0.435983337665503	-0.830151252726891	32	1	0.00571428571428571	175	9882	75625	Mageh1
SM00382	AAA	0.438838689833329	-0.823623382559752	137	3	0.0171428571428571	175	9882	11307,268379,26874	Abcg1,Abca13,Abcd2
SM00315	RGS	0.4558475072221	-0.785596939383199	34	1	0.00571428571428571	175	9882	213498	Arhgef11
SM00164	TBC	0.484346852891742	-0.724953990721971	37	1	0.00571428571428571	175	9882	67581	Tbc1d23
SM00242	MYSc	0.493512856020463	-0.706206369747889	38	1	0.00571428571428571	175	9882	17921	Myo7a
SM00297	BROMO	0.50251684323328	-0.688126120738452	39	1	0.00571428571428571	175	9882	434484	Sp140
SM00462	PTB	0.511361662128179	-0.670678185442456	40	1	0.00571428571428571	175	9882	13860	Eps8
SM00185	ARM	0.520050110521264	-0.65383010566256	41	1	0.00571428571428571	175	9882	16480	Jup
SM00177	ARF	0.520050110521264	-0.65383010566256	41	1	0.00571428571428571	175	9882	219144	Arl11
SM00129	KISc	0.520050110521264	-0.65383010566256	41	1	0.00571428571428571	175	9882	16554	Kif13b
SM00252	SH2	0.542402683776727	-0.611746594402251	102	2	0.0114285714285714	175	9882	16822,57257	Lcp2,Vav3
SM00339	FH	0.553294461681657	-0.591864938740213	45	1	0.00571428571428571	175	9882	56458	Foxo1
SM00015	IQ	0.606055474675658	-0.500783754733497	52	1	0.00571428571428571	175	9882	17921	Myo7a
SM00032	CCP	0.61306872919469	-0.489278229926775	53	1	0.00571428571428571	175	9882	20343	Sell
SM00112	CA	0.617269365024094	-0.482449778184422	117	2	0.0114285714285714	175	9882	12614,54216	Celsr1,Pcdh7
SM01391	Filament	0.720053909563384	-0.328429195381395	71	1	0.00571428571428571	175	9882	74127	Krt80
SM00248	ANK	0.729348807096894	-0.315603188021425	212	3	0.0171428571428571	175	9882	245381,67847,12051	Sowahd,Sncaip,Bcl3
SM00449	SPRY	0.734770063419896	-0.308197667598088	74	1	0.00571428571428571	175	9882	209387	Trim30d
SM00406	IGv	0.766184464932455	-0.266332322394312	81	1	0.00571428571428571	175	9882	52118	Pvr
SM00219	TyrKc	0.766184464932455	-0.266332322394312	81	1	0.00571428571428571	175	9882	12978	Csf1r
SM00454	SAM	0.774460042849453	-0.25558921135413	83	1	0.00571428571428571	175	9882	16822	Lcp2
SM00249	PHD	0.797579478034932	-0.226173790310793	89	1	0.00571428571428571	175	9882	434484	Sp140
SM00490	HELICc	0.851057723723106	-0.16127532224721	106	1	0.00571428571428571	175	9882	320790	Chd7
SM00487	DEXDc	0.856342689764722	-0.155084644444286	108	1	0.00571428571428571	175	9882	320790	Chd7
SM00353	HLH	0.861441161401965	-0.149148523196859	110	1	0.00571428571428571	175	9882	17173	Ascl2
SM00225	BTB	0.876964500036813	-0.131288766292629	202	2	0.0114285714285714	175	9882	69288,72844	Rhobtb1,Kctd17
SM00028	TPR	0.880097614582566	-0.127722451999674	118	1	0.00571428571428571	175	9882	74365	Lonrf3
SM00184	RING	0.915534884782109	-0.0882468109708048	228	2	0.0114285714285714	175	9882	74365,209387	Lonrf3,Trim30d
SM00020	Tryp_SPc	0.936402820118273	-0.0657095317100776	153	1	0.00571428571428571	175	9882	15234	Hgf
SM00320	WD40	0.944273914712461	-0.0573389910357175	256	2	0.0114285714285714	175	9882	319555,17101	Nwd1,Lyst
SM00355	ZnF_C2H2	0.999103084141949	-0.000897318327751891	620	3	0.0171428571428571	175	9882	224829,14581,329003	Trerf1,Gfi1,Zfp516
SM00210	TSPN	0.999999999967738	-3.22615202249165e-11	22	0	0	175	9882
SM00513	SAP	0.999999999967738	-3.22615202249165e-11	22	0	0	175	9882
SM00343	ZnF_C2HC	0.999999999967738	-3.22615202249165e-11	22	0	0	175	9882
SM00667	LisH	0.999999999967738	-3.22615202249165e-11	22	0	0	175	9882
SM00442	FGF	0.999999999967738	-3.22615202249165e-11	22	0	0	175	9882
SM00272	END	0.99999999996839	-3.1610177960032e-11	3	0	0	175	9882
SM00341	HRDC	0.99999999996839	-3.1610177960032e-11	3	0	0	175	9882
SM00162	SAPA	0.99999999996839	-3.1610177960032e-11	3	0	0	175	9882
SM00758	PA14	0.99999999996839	-3.1610177960032e-11	3	0	0	175	9882
SM00803	TAF	0.99999999996839	-3.1610177960032e-11	3	0	0	175	9882
SM01257	KRAP_IP3R_bind	0.99999999996839	-3.1610177960032e-11	3	0	0	175	9882
SM01151	DUF1518	0.99999999996839	-3.1610177960032e-11	3	0	0	175	9882
SM01084	CKS	0.99999999996839	-3.1610177960032e-11	3	0	0	175	9882
SM00300	ChSh	0.99999999996839	-3.1610177960032e-11	3	0	0	175	9882
SM00183	NAT_PEP	0.99999999996839	-3.1610177960032e-11	3	0	0	175	9882
SM00663	RPOLA_N	0.99999999996839	-3.1610177960032e-11	3	0	0	175	9882
SM00682	G2F	0.99999999996839	-3.1610177960032e-11	3	0	0	175	9882
SM01275	MamL-1	0.99999999996839	-3.1610177960032e-11	3	0	0	175	9882
SM00735	ZM	0.99999999996839	-3.1610177960032e-11	3	0	0	175	9882
SM00712	PUR	0.99999999996839	-3.1610177960032e-11	3	0	0	175	9882
SM00278	HhH1	0.99999999996839	-3.1610177960032e-11	3	0	0	175	9882
SM00594	UAS	0.99999999996839	-3.1610177960032e-11	3	0	0	175	9882
SM00090	RIO	0.99999999996839	-3.1610177960032e-11	3	0	0	175	9882
SM00482	POLAc	0.99999999996839	-3.1610177960032e-11	3	0	0	175	9882
SM00459	Sorb	0.99999999996839	-3.1610177960032e-11	3	0	0	175	9882
SM00773	WGR	0.99999999996839	-3.1610177960032e-11	3	0	0	175	9882
SM00931	NOSIC	0.99999999996839	-3.1610177960032e-11	3	0	0	175	9882
SM01370	TAFII55_N	0.99999999996839	-3.1610177960032e-11	3	0	0	175	9882
SM00704	ZnF_CDGSH	0.99999999996839	-3.1610177960032e-11	3	0	0	175	9882
SM01333	Tet_JBP	0.99999999996839	-3.1610177960032e-11	3	0	0	175	9882
SM01199	FDF	0.99999999996839	-3.1610177960032e-11	3	0	0	175	9882
SM01260	LANC_like	0.99999999996839	-3.1610177960032e-11	3	0	0	175	9882
SM01051	CAMSAP_CKK	0.99999999996839	-3.1610177960032e-11	3	0	0	175	9882
SM01212	Fib_alpha	0.99999999996839	-3.1610177960032e-11	3	0	0	175	9882
SM01299	PIP49_N	0.99999999996839	-3.1610177960032e-11	3	0	0	175	9882
SM00706	TECPR	0.99999999996839	-3.1610177960032e-11	3	0	0	175	9882
SM00722	CASH	0.99999999996839	-3.1610177960032e-11	3	0	0	175	9882
SM00962	SRP54	0.99999999996839	-3.1610177960032e-11	3	0	0	175	9882
SM00113	CALCITONIN	0.99999999996839	-3.1610177960032e-11	3	0	0	175	9882
SM01073	CDC48_N	0.99999999996839	-3.1610177960032e-11	3	0	0	175	9882
SM00836	DALR_1	0.99999999996839	-3.1610177960032e-11	3	0	0	175	9882
SM01065	CBM_2	0.99999999996839	-3.1610177960032e-11	3	0	0	175	9882
SM01218	FoP_duplication	0.99999999996839	-3.1610177960032e-11	3	0	0	175	9882
SM01403	Ribosomal_S10	0.99999999996839	-3.1610177960032e-11	3	0	0	175	9882
SM00751	BSD	0.99999999996839	-3.1610177960032e-11	3	0	0	175	9882
SM00305	HintC	0.99999999996839	-3.1610177960032e-11	3	0	0	175	9882
SM00478	ENDO3c	0.99999999996839	-3.1610177960032e-11	3	0	0	175	9882
SM00265	BH4	0.99999999996839	-3.1610177960032e-11	3	0	0	175	9882
SM01146	DUF1086	0.99999999996839	-3.1610177960032e-11	3	0	0	175	9882
SM00363	S4	0.99999999996839	-3.1610177960032e-11	3	0	0	175	9882
SM00672	CAP10	0.99999999996839	-3.1610177960032e-11	3	0	0	175	9882
SM00444	GYF	0.99999999996839	-3.1610177960032e-11	3	0	0	175	9882
SM01246	Josephin	0.99999999996839	-3.1610177960032e-11	3	0	0	175	9882
SM00650	rADc	0.99999999996839	-3.1610177960032e-11	3	0	0	175	9882
SM00996	AdoHcyase	0.99999999996839	-3.1610177960032e-11	3	0	0	175	9882
SM01368	RB_A	0.99999999996839	-3.1610177960032e-11	3	0	0	175	9882
SM00309	PAH	0.99999999996839	-3.1610177960032e-11	3	0	0	175	9882
SM00960	Robl_LC7	0.99999999996839	-3.1610177960032e-11	3	0	0	175	9882
SM00306	HintN	0.99999999996839	-3.1610177960032e-11	3	0	0	175	9882
SM00553	SEP	0.99999999996839	-3.1610177960032e-11	3	0	0	175	9882
SM00997	AdoHcyase_NAD	0.99999999996839	-3.1610177960032e-11	3	0	0	175	9882
SM00576	BTP	0.99999999996839	-3.1610177960032e-11	3	0	0	175	9882
SM01334	DUF3454	0.99999999996839	-3.1610177960032e-11	3	0	0	175	9882
SM00151	SWIB	0.99999999996839	-3.1610177960032e-11	3	0	0	175	9882
SM01300	PEHE	0.99999999996839	-3.1610177960032e-11	3	0	0	175	9882
SM00981	THUMP	0.99999999996839	-3.1610177960032e-11	3	0	0	175	9882
SM01147	DUF1087	0.99999999996839	-3.1610177960032e-11	3	0	0	175	9882
SM00002	PLP	0.99999999996839	-3.1610177960032e-11	3	0	0	175	9882
SM01200	FerA	0.99999999996839	-3.1610177960032e-11	3	0	0	175	9882
SM00311	PWI	0.99999999996839	-3.1610177960032e-11	3	0	0	175	9882
SM01401	Sds3	0.99999999996839	-3.1610177960032e-11	3	0	0	175	9882
SM01176	DUF4208	0.99999999996839	-3.1610177960032e-11	3	0	0	175	9882
SM01269	Lipid_DES	0.99999999996839	-3.1610177960032e-11	3	0	0	175	9882
SM01274	malic	0.99999999996839	-3.1610177960032e-11	3	0	0	175	9882
SM01276	M60-like	0.99999999996839	-3.1610177960032e-11	3	0	0	175	9882
SM01279	Matrilin_ccoil	0.99999999996839	-3.1610177960032e-11	3	0	0	175	9882
SM01366	c-clamp	0.99999999996839	-3.1610177960032e-11	3	0	0	175	9882
SM01232	H2TH	0.99999999996839	-3.1610177960032e-11	3	0	0	175	9882
SM00536	AXH	0.99999999996839	-3.1610177960032e-11	3	0	0	175	9882
SM01369	Rb_C	0.99999999996839	-3.1610177960032e-11	3	0	0	175	9882
SM00851	MGS	0.99999999996839	-3.1610177960032e-11	3	0	0	175	9882
SM01305	RESP18	0.99999999996839	-3.1610177960032e-11	3	0	0	175	9882
SM00143	PI3K_p85B	0.99999999996839	-3.1610177960032e-11	3	0	0	175	9882
SM00676	DM10	0.99999999996839	-3.1610177960032e-11	3	0	0	175	9882
SM01367	DUF3452	0.99999999996839	-3.1610177960032e-11	3	0	0	175	9882
SM01424	HAP1_N	0.99999999996839	-3.1610177960032e-11	3	0	0	175	9882
SM00882	CoA_trans	0.99999999996839	-3.1610177960032e-11	3	0	0	175	9882
SM00057	FIMAC	0.99999999996839	-3.1610177960032e-11	3	0	0	175	9882
SM00963	SRP54_N	0.99999999996839	-3.1610177960032e-11	3	0	0	175	9882
SM00438	ZnF_NFX	0.99999999996839	-3.1610177960032e-11	3	0	0	175	9882
SM01083	Cir_N	0.99999999996839	-3.1610177960032e-11	3	0	0	175	9882
SM01271	LSM14	0.99999999996839	-3.1610177960032e-11	3	0	0	175	9882
SM00916	L51_S25_CI-B8	0.99999999996839	-3.1610177960032e-11	3	0	0	175	9882
SM00919	Malic_M	0.99999999996839	-3.1610177960032e-11	3	0	0	175	9882
SM00005	DEATH	0.99999999996871	-3.12904237548949e-11	27	0	0	175	9882
SM00119	HECTc	0.99999999996871	-3.12904237548949e-11	27	0	0	175	9882
SM00451	ZnF_U1	0.99999999996887	-3.1129812160581e-11	29	0	0	175	9882
SM00110	C1Q	0.99999999996887	-3.1129812160581e-11	29	0	0	175	9882
SM00558	JmjC	0.99999999996887	-3.1129812160581e-11	29	0	0	175	9882
SM00832	C8	0.999999999971414	-2.85861085249717e-11	14	0	0	175	9882
SM00241	ZP	0.999999999971414	-2.85861085249717e-11	14	0	0	175	9882
SM00502	BBC	0.999999999971414	-2.85861085249717e-11	14	0	0	175	9882
SM00445	LINK	0.999999999971414	-2.85861085249717e-11	14	0	0	175	9882
SM00647	IBR	0.999999999971414	-2.85861085249717e-11	14	0	0	175	9882
SM00829	PKS_ER	0.999999999971414	-2.85861085249717e-11	14	0	0	175	9882
SM00615	EPH_lbd	0.999999999971414	-2.85861085249717e-11	14	0	0	175	9882
SM00976	Telo_bind	0.999999999975384	-2.46163932337076e-11	2	0	0	175	9882
SM01301	PTPlike_phytase	0.999999999975384	-2.46163932337076e-11	2	0	0	175	9882
SM01086	ClpB_D2-small	0.999999999975384	-2.46163932337076e-11	2	0	0	175	9882
SM00193	PTN	0.999999999975384	-2.46163932337076e-11	2	0	0	175	9882
SM01410	DIM1	0.999999999975384	-2.46163932337076e-11	2	0	0	175	9882
SM01070	CDC37_M	0.999999999975384	-2.46163932337076e-11	2	0	0	175	9882
SM00581	PSP	0.999999999975384	-2.46163932337076e-11	2	0	0	175	9882
SM01096	CPSase_L_D3	0.999999999975384	-2.46163932337076e-11	2	0	0	175	9882
SM01423	Milton	0.999999999975384	-2.46163932337076e-11	2	0	0	175	9882
SM00853	MutL_C	0.999999999975384	-2.46163932337076e-11	2	0	0	175	9882
SM00223	APPLE	0.999999999975384	-2.46163932337076e-11	2	0	0	175	9882
SM00003	NH	0.999999999975384	-2.46163932337076e-11	2	0	0	175	9882
SM01122	DBC1	0.999999999975384	-2.46163932337076e-11	2	0	0	175	9882
SM01382	Ribosomal_L2_C	0.999999999975384	-2.46163932337076e-11	2	0	0	175	9882
SM01319	Tankyrase_bdg_C	0.999999999975384	-2.46163932337076e-11	2	0	0	175	9882
SM01130	DHDPS	0.999999999975384	-2.46163932337076e-11	2	0	0	175	9882
SM01104	CTD	0.999999999975384	-2.46163932337076e-11	2	0	0	175	9882
SM01165	DUF1866	0.999999999975384	-2.46163932337076e-11	2	0	0	175	9882
SM01230	Gln-synt_C	0.999999999975384	-2.46163932337076e-11	2	0	0	175	9882
SM01206	Fibrillarin	0.999999999975384	-2.46163932337076e-11	2	0	0	175	9882
SM00657	RPOL4c	0.999999999975384	-2.46163932337076e-11	2	0	0	175	9882
SM01314	SnAC	0.999999999975384	-2.46163932337076e-11	2	0	0	175	9882
SM00586	ZnF_DBF	0.999999999975384	-2.46163932337076e-11	2	0	0	175	9882
SM01292	N1221	0.999999999975384	-2.46163932337076e-11	2	0	0	175	9882
SM01154	DUF1704	0.999999999975384	-2.46163932337076e-11	2	0	0	175	9882
SM00512	Skp1	0.999999999975384	-2.46163932337076e-11	2	0	0	175	9882
SM01097	CPSase_sm_chain	0.999999999975384	-2.46163932337076e-11	2	0	0	175	9882
SM01182	EF-1_beta_acid	0.999999999975384	-2.46163932337076e-11	2	0	0	175	9882
SM00967	SpoU_sub_bind	0.999999999975384	-2.46163932337076e-11	2	0	0	175	9882
SM00080	LIF_OSM	0.999999999975384	-2.46163932337076e-11	2	0	0	175	9882
SM00792	Agouti	0.999999999975384	-2.46163932337076e-11	2	0	0	175	9882
SM01233	HABP4_PAI-RBP1	0.999999999975384	-2.46163932337076e-11	2	0	0	175	9882
SM00756	VKc	0.999999999975384	-2.46163932337076e-11	2	0	0	175	9882
SM01229	GluR_Homer-bdg	0.999999999975384	-2.46163932337076e-11	2	0	0	175	9882
SM00978	Tim44	0.999999999975384	-2.46163932337076e-11	2	0	0	175	9882
SM00937	PCRF	0.999999999975384	-2.46163932337076e-11	2	0	0	175	9882
SM01389	Spt4	0.999999999975384	-2.46163932337076e-11	2	0	0	175	9882
SM00039	CRF	0.999999999975384	-2.46163932337076e-11	2	0	0	175	9882
SM00714	LITAF	0.999999999975384	-2.46163932337076e-11	2	0	0	175	9882
SM00095	TR_THY	0.999999999975384	-2.46163932337076e-11	2	0	0	175	9882
SM00433	TOP2c	0.999999999975384	-2.46163932337076e-11	2	0	0	175	9882
SM01399	Sybindin	0.999999999975384	-2.46163932337076e-11	2	0	0	175	9882
SM01028	Beta-TrCP_D	0.999999999975384	-2.46163932337076e-11	2	0	0	175	9882
SM00435	TOPEUc	0.999999999975384	-2.46163932337076e-11	2	0	0	175	9882
SM01011	AMP_N	0.999999999975384	-2.46163932337076e-11	2	0	0	175	9882
SM00559	Ku78	0.999999999975384	-2.46163932337076e-11	2	0	0	175	9882
SM01194	eRF1_1	0.999999999975384	-2.46163932337076e-11	2	0	0	175	9882
SM00846	Gp_dh_N	0.999999999975384	-2.46163932337076e-11	2	0	0	175	9882
SM01281	Med12	0.999999999975384	-2.46163932337076e-11	2	0	0	175	9882
SM00551	ZnF_TAZ	0.999999999975384	-2.46163932337076e-11	2	0	0	175	9882
SM00190	IL4_13	0.999999999975384	-2.46163932337076e-11	2	0	0	175	9882
SM01291	N-SET	0.999999999975384	-2.46163932337076e-11	2	0	0	175	9882
SM00993	YL1_C	0.999999999975384	-2.46163932337076e-11	2	0	0	175	9882
SM01287	Rtt106	0.999999999975384	-2.46163932337076e-11	2	0	0	175	9882
SM00788	Adenylsucc_synt	0.999999999975384	-2.46163932337076e-11	2	0	0	175	9882
SM00635	BID_2	0.999999999975384	-2.46163932337076e-11	2	0	0	175	9882
SM00893	ETF	0.999999999975384	-2.46163932337076e-11	2	0	0	175	9882
SM01258	KRBA1	0.999999999975384	-2.46163932337076e-11	2	0	0	175	9882
SM00825	PKS_KS	0.999999999975384	-2.46163932337076e-11	2	0	0	175	9882
SM01022	ASCH	0.999999999975384	-2.46163932337076e-11	2	0	0	175	9882
SM01387	Ribosomal_S15	0.999999999975384	-2.46163932337076e-11	2	0	0	175	9882
SM01345	Rapamycin_bind	0.999999999975384	-2.46163932337076e-11	2	0	0	175	9882
SM00711	TDU	0.999999999975384	-2.46163932337076e-11	2	0	0	175	9882
SM01415	DUF106	0.999999999975384	-2.46163932337076e-11	2	0	0	175	9882
SM00662	RPOLD	0.999999999975384	-2.46163932337076e-11	2	0	0	175	9882
SM00437	TOP1Ac	0.999999999975384	-2.46163932337076e-11	2	0	0	175	9882
SM01268	BTD	0.999999999975384	-2.46163932337076e-11	2	0	0	175	9882
SM00860	SMI1_KNR4	0.999999999975384	-2.46163932337076e-11	2	0	0	175	9882
SM01144	DTW	0.999999999975384	-2.46163932337076e-11	2	0	0	175	9882
SM00852	MoCF_biosynth	0.999999999975384	-2.46163932337076e-11	2	0	0	175	9882
SM00896	FDX-ACB	0.999999999975384	-2.46163932337076e-11	2	0	0	175	9882
SM00812	Alpha_L_fucos	0.999999999975384	-2.46163932337076e-11	2	0	0	175	9882
SM01237	ICA69	0.999999999975384	-2.46163932337076e-11	2	0	0	175	9882
SM01131	DHHA2	0.999999999975384	-2.46163932337076e-11	2	0	0	175	9882
SM00761	HDAC_interact	0.999999999975384	-2.46163932337076e-11	2	0	0	175	9882
SM00777	Mad3_BUB1_I	0.999999999975384	-2.46163932337076e-11	2	0	0	175	9882
SM00902	Fe_hyd_SSU	0.999999999975384	-2.46163932337076e-11	2	0	0	175	9882
SM01074	Cdc6_C	0.999999999975384	-2.46163932337076e-11	2	0	0	175	9882
SM00685	DM14	0.999999999975384	-2.46163932337076e-11	2	0	0	175	9882
SM01076	CG-1	0.999999999975384	-2.46163932337076e-11	2	0	0	175	9882
SM00087	PTH	0.999999999975384	-2.46163932337076e-11	2	0	0	175	9882
SM00649	RL11	0.999999999975384	-2.46163932337076e-11	2	0	0	175	9882
SM00827	PKS_AT	0.999999999975384	-2.46163932337076e-11	2	0	0	175	9882
SM00732	YqgFc	0.999999999975384	-2.46163932337076e-11	2	0	0	175	9882
SM01272	LsmAD	0.999999999975384	-2.46163932337076e-11	2	0	0	175	9882
SM01293	DUF3402	0.999999999975384	-2.46163932337076e-11	2	0	0	175	9882
SM01283	Costars	0.999999999975384	-2.46163932337076e-11	2	0	0	175	9882
SM01250	KAT11	0.999999999975384	-2.46163932337076e-11	2	0	0	175	9882
SM01336	zf-PARP	0.999999999975384	-2.46163932337076e-11	2	0	0	175	9882
SM00493	TOPRIM	0.999999999975384	-2.46163932337076e-11	2	0	0	175	9882
SM00188	IL10	0.999999999975384	-2.46163932337076e-11	2	0	0	175	9882
SM00881	CoA_binding	0.999999999975384	-2.46163932337076e-11	2	0	0	175	9882
SM00029	GASTRIN	0.999999999975384	-2.46163932337076e-11	2	0	0	175	9882
SM00436	TOP1Bc	0.999999999975384	-2.46163932337076e-11	2	0	0	175	9882
SM01383	Ribosomal_L2	0.999999999975384	-2.46163932337076e-11	2	0	0	175	9882
SM00808	FABD	0.999999999975384	-2.46163932337076e-11	2	0	0	175	9882
SM00434	TOP4c	0.999999999975384	-2.46163932337076e-11	2	0	0	175	9882
SM01141	DRY_EERY	0.999999999975384	-2.46163932337076e-11	2	0	0	175	9882
SM01362	DUF663	0.999999999975384	-2.46163932337076e-11	2	0	0	175	9882
SM00555	GIT	0.999999999975384	-2.46163932337076e-11	2	0	0	175	9882
SM00705	THEG	0.999999999975384	-2.46163932337076e-11	2	0	0	175	9882
SM01239	IKKbetaNEMObind	0.999999999975384	-2.46163932337076e-11	2	0	0	175	9882
SM01355	AP3B1_C	0.999999999975384	-2.46163932337076e-11	2	0	0	175	9882
SM01179	DUF862	0.999999999975384	-2.46163932337076e-11	2	0	0	175	9882
SM01164	DUF1856	0.999999999975384	-2.46163932337076e-11	2	0	0	175	9882
SM00951	QLQ	0.999999999975384	-2.46163932337076e-11	2	0	0	175	9882
SM00550	Zalpha	0.999999999975384	-2.46163932337076e-11	2	0	0	175	9882
SM00888	EF1_GNE	0.999999999975384	-2.46163932337076e-11	2	0	0	175	9882
SM00469	WIF	0.999999999975384	-2.46163932337076e-11	2	0	0	175	9882
SM00807	AKAP_110	0.999999999975384	-2.46163932337076e-11	2	0	0	175	9882
SM00525	FES	0.999999999975384	-2.46163932337076e-11	2	0	0	175	9882
SM00785	AARP2CN	0.999999999975384	-2.46163932337076e-11	2	0	0	175	9882
SM01174	DUF4205	0.999999999975384	-2.46163932337076e-11	2	0	0	175	9882
SM00466	SRA	0.999999999975384	-2.46163932337076e-11	2	0	0	175	9882
SM00500	SFM	0.999999999975384	-2.46163932337076e-11	2	0	0	175	9882
SM00661	RPOL9	0.999999999975384	-2.46163932337076e-11	2	0	0	175	9882
SM01421	DUF3480	0.999999999975384	-2.46163932337076e-11	2	0	0	175	9882
SM00638	LPD_N	0.999999999975384	-2.46163932337076e-11	2	0	0	175	9882
SM01374	Ribosomal_L14	0.999999999975384	-2.46163932337076e-11	2	0	0	175	9882
SM01376	eIF-5a	0.999999999975384	-2.46163932337076e-11	2	0	0	175	9882
SM01115	cwf21	0.999999999975384	-2.46163932337076e-11	2	0	0	175	9882
SM01313	Sec3-PIP2_bind	0.999999999975384	-2.46163932337076e-11	2	0	0	175	9882
SM01390	Ribosomal_S4	0.999999999975384	-2.46163932337076e-11	2	0	0	175	9882
SM00873	B3_4	0.999999999975384	-2.46163932337076e-11	2	0	0	175	9882
SM00653	eIF2B_5	0.999999999975384	-2.46163932337076e-11	2	0	0	175	9882
SM01371	TFIIA	0.999999999975384	-2.46163932337076e-11	2	0	0	175	9882
SM00531	TFIIE	0.999999999975384	-2.46163932337076e-11	2	0	0	175	9882
SM01023	BAF	0.999999999975384	-2.46163932337076e-11	2	0	0	175	9882
SM00126	IL6	0.999999999975384	-2.46163932337076e-11	2	0	0	175	9882
SM01000	Aha1_N	0.999999999975384	-2.46163932337076e-11	2	0	0	175	9882
SM01142	DSHCT	0.999999999975384	-2.46163932337076e-11	2	0	0	175	9882
SM01050	CactinC_cactus	0.999999999975384	-2.46163932337076e-11	2	0	0	175	9882
SM01010	AMPKBI	0.999999999975384	-2.46163932337076e-11	2	0	0	175	9882
SM01072	CDC48_2	0.999999999975384	-2.46163932337076e-11	2	0	0	175	9882
SM01138	DP	0.999999999975384	-2.46163932337076e-11	2	0	0	175	9882
SM01267	LAG1_DNAbind	0.999999999975384	-2.46163932337076e-11	2	0	0	175	9882
SM01161	DUF1767	0.999999999975384	-2.46163932337076e-11	2	0	0	175	9882
SM01177	DUF4210	0.999999999975384	-2.46163932337076e-11	2	0	0	175	9882
SM00992	YccV-like	0.999999999975384	-2.46163932337076e-11	2	0	0	175	9882
SM00632	Aamy_C	0.999999999975384	-2.46163932337076e-11	2	0	0	175	9882
SM00956	RQC	0.999999999975384	-2.46163932337076e-11	2	0	0	175	9882
SM00299	CLH	0.999999999975384	-2.46163932337076e-11	2	0	0	175	9882
SM00457	MACPF	0.99999999997575	-2.42499081703698e-11	13	0	0	175	9882
SM00526	H15	0.99999999997575	-2.42499081703698e-11	13	0	0	175	9882
SM00036	CNH	0.99999999997575	-2.42499081703698e-11	13	0	0	175	9882
SM00427	H2B	0.99999999997575	-2.42499081703698e-11	13	0	0	175	9882
SM00230	CysPc	0.99999999997575	-2.42499081703698e-11	13	0	0	175	9882
SM00156	PP2Ac	0.99999999997575	-2.42499081703698e-11	13	0	0	175	9882
SM01195	FA	0.99999999997575	-2.42499081703698e-11	13	0	0	175	9882
SM00479	EXOIII	0.99999999997575	-2.42499081703698e-11	13	0	0	175	9882
SM00875	BACK	0.999999999976161	-2.38391127456026e-11	57	0	0	175	9882
SM00195	DSPc	0.999999999978094	-2.1905816059131e-11	36	0	0	175	9882
SM00280	KAZAL	0.999999999978094	-2.1905816059131e-11	36	0	0	175	9882
SM00317	SET	0.999999999978094	-2.1905816059131e-11	36	0	0	175	9882
SM00645	Pept_C1	0.999999999979012	-2.09879138737829e-11	23	0	0	175	9882
SM00105	ArfGap	0.999999999979012	-2.09879138737829e-11	23	0	0	175	9882
SM00450	RHOD	0.999999999979012	-2.09879138737829e-11	23	0	0	175	9882
SM00208	TNFR	0.999999999979012	-2.09879138737829e-11	23	0	0	175	9882
SM00212	UBCc	0.999999999979293	-2.07067104557488e-11	41	0	0	175	9882
SM00165	UBA	0.999999999979359	-2.06414809585639e-11	31	0	0	175	9882
SM01418	Defensin_propep	0.999999999979359	-2.06414809585639e-11	31	0	0	175	9882
SM00150	SPEC	0.999999999979731	-2.02690411744238e-11	28	0	0	175	9882
SM00414	H2A	0.999999999979731	-2.02690411744238e-11	28	0	0	175	9882
SM00202	SR	0.999999999979731	-2.02690411744238e-11	28	0	0	175	9882
SM01340	DNA_mis_repair	0.999999999980804	-1.91960672786537e-11	4	0	0	175	9882
SM01398	Cornichon	0.999999999980804	-1.91960672786537e-11	4	0	0	175	9882
SM00488	DEXDc2	0.999999999980804	-1.91960672786537e-11	4	0	0	175	9882
SM00955	RNB	0.999999999980804	-1.91960672786537e-11	4	0	0	175	9882
SM01240	IMPDH	0.999999999980804	-1.91960672786537e-11	4	0	0	175	9882
SM00920	MHC_II_alpha	0.999999999980804	-1.91960672786537e-11	4	0	0	175	9882
SM00527	HMG17	0.999999999980804	-1.91960672786537e-11	4	0	0	175	9882
SM01392	MAGE_N	0.999999999980804	-1.91960672786537e-11	4	0	0	175	9882
SM01027	Beta-Casp	0.999999999980804	-1.91960672786537e-11	4	0	0	175	9882
SM00560	LamGL	0.999999999980804	-1.91960672786537e-11	4	0	0	175	9882
SM01375	Dynein_light	0.999999999980804	-1.91960672786537e-11	4	0	0	175	9882
SM01192	Enolase_C	0.999999999980804	-1.91960672786537e-11	4	0	0	175	9882
SM01263	Leuk-A4-hydro_C	0.999999999980804	-1.91960672786537e-11	4	0	0	175	9882
SM00426	TEA	0.999999999980804	-1.91960672786537e-11	4	0	0	175	9882
SM01007	Aldolase_II	0.999999999980804	-1.91960672786537e-11	4	0	0	175	9882
SM00486	POLBc	0.999999999980804	-1.91960672786537e-11	4	0	0	175	9882
SM00554	FAS1	0.999999999980804	-1.91960672786537e-11	4	0	0	175	9882
SM00025	Pumilio	0.999999999980804	-1.91960672786537e-11	4	0	0	175	9882
SM00573	HSA	0.999999999980804	-1.91960672786537e-11	4	0	0	175	9882
SM00484	XPGI	0.999999999980804	-1.91960672786537e-11	4	0	0	175	9882
SM00491	HELICc2	0.999999999980804	-1.91960672786537e-11	4	0	0	175	9882
SM00279	HhH2	0.999999999980804	-1.91960672786537e-11	4	0	0	175	9882
SM00068	GHB	0.999999999980804	-1.91960672786537e-11	4	0	0	175	9882
SM00313	PXA	0.999999999980804	-1.91960672786537e-11	4	0	0	175	9882
SM00694	DysFC	0.999999999980804	-1.91960672786537e-11	4	0	0	175	9882
SM00392	PROF	0.999999999980804	-1.91960672786537e-11	4	0	0	175	9882
SM01178	DUF4217	0.999999999980804	-1.91960672786537e-11	4	0	0	175	9882
SM01020	B2-adapt-app_C	0.999999999980804	-1.91960672786537e-11	4	0	0	175	9882
SM01249	KASH	0.999999999980804	-1.91960672786537e-11	4	0	0	175	9882
SM00542	FYRC	0.999999999980804	-1.91960672786537e-11	4	0	0	175	9882
SM00889	EFG_IV	0.999999999980804	-1.91960672786537e-11	4	0	0	175	9882
SM00693	DysFN	0.999999999980804	-1.91960672786537e-11	4	0	0	175	9882
SM00206	NTR	0.999999999980804	-1.91960672786537e-11	4	0	0	175	9882
SM01053	CaMBD	0.999999999980804	-1.91960672786537e-11	4	0	0	175	9882
SM00564	PQQ	0.999999999980804	-1.91960672786537e-11	4	0	0	175	9882
SM00094	TR_FER	0.999999999980804	-1.91960672786537e-11	4	0	0	175	9882
SM00755	Grip	0.999999999980804	-1.91960672786537e-11	4	0	0	175	9882
SM01225	G8	0.999999999980804	-1.91960672786537e-11	4	0	0	175	9882
SM01193	Enolase_N	0.999999999980804	-1.91960672786537e-11	4	0	0	175	9882
SM01417	Solute_trans_a	0.999999999980804	-1.91960672786537e-11	4	0	0	175	9882
SM00483	POLXc	0.999999999980804	-1.91960672786537e-11	4	0	0	175	9882
SM01339	NODP	0.999999999980804	-1.91960672786537e-11	4	0	0	175	9882
SM00140	NGF	0.999999999980804	-1.91960672786537e-11	4	0	0	175	9882
SM00485	XPGN	0.999999999980804	-1.91960672786537e-11	4	0	0	175	9882
SM01407	NAC	0.999999999980804	-1.91960672786537e-11	4	0	0	175	9882
SM00753	PAM	0.999999999980804	-1.91960672786537e-11	4	0	0	175	9882
SM00520	BASIC	0.999999999980804	-1.91960672786537e-11	4	0	0	175	9882
SM01153	DUF1693	0.999999999980804	-1.91960672786537e-11	4	0	0	175	9882
SM00197	SAA	0.999999999980804	-1.91960672786537e-11	4	0	0	175	9882
SM00734	ZnF_Rad18	0.999999999980804	-1.91960672786537e-11	4	0	0	175	9882
SM00476	DNaseIc	0.999999999980804	-1.91960672786537e-11	4	0	0	175	9882
SM00474	35EXOc	0.999999999980804	-1.91960672786537e-11	4	0	0	175	9882
SM00723	AMOP	0.999999999980804	-1.91960672786537e-11	4	0	0	175	9882
SM00227	NEBU	0.999999999980804	-1.91960672786537e-11	4	0	0	175	9882
SM00750	KIND	0.999999999980804	-1.91960672786537e-11	4	0	0	175	9882
SM01046	c-SKI_SMAD_bind	0.999999999980804	-1.91960672786537e-11	4	0	0	175	9882
SM00541	FYRN	0.999999999980804	-1.91960672786537e-11	4	0	0	175	9882
SM00679	CTNS	0.999999999980804	-1.91960672786537e-11	4	0	0	175	9882
SM00098	alkPPc	0.999999999980804	-1.91960672786537e-11	4	0	0	175	9882
SM01338	NOD	0.999999999980804	-1.91960672786537e-11	4	0	0	175	9882
SM00804	TAP_C	0.999999999980804	-1.91960672786537e-11	4	0	0	175	9882
SM00973	Sec63	0.999999999980804	-1.91960672786537e-11	4	0	0	175	9882
SM00051	DSL	0.999999999980804	-1.91960672786537e-11	4	0	0	175	9882
SM01277	MAGUK_N_PEST	0.999999999980804	-1.91960672786537e-11	4	0	0	175	9882
SM00737	ML	0.999999999980804	-1.91960672786537e-11	4	0	0	175	9882
SM00589	PRY	0.999999999981092	-1.89076432813774e-11	34	0	0	175	9882
SM00214	VWC	0.999999999981092	-1.89076432813774e-11	34	0	0	175	9882
SM00428	H3	0.999999999981166	-1.88342398900343e-11	5	0	0	175	9882
SM01201	FerB	0.999999999981166	-1.88342398900343e-11	5	0	0	175	9882
SM00614	ZnF_BED	0.999999999981166	-1.88342398900343e-11	5	0	0	175	9882
SM00673	CARP	0.999999999981166	-1.88342398900343e-11	5	0	0	175	9882
SM00879	Brix	0.999999999981166	-1.88342398900343e-11	5	0	0	175	9882
SM00533	MUTSd	0.999999999981166	-1.88342398900343e-11	5	0	0	175	9882
SM00838	EFG_C	0.999999999981166	-1.88342398900343e-11	5	0	0	175	9882
SM00733	Mterf	0.999999999981166	-1.88342398900343e-11	5	0	0	175	9882
SM01163	DUF1785	0.999999999981166	-1.88342398900343e-11	5	0	0	175	9882
SM00570	AWS	0.999999999981166	-1.88342398900343e-11	5	0	0	175	9882
SM00331	PP2C_SIG	0.999999999981166	-1.88342398900343e-11	5	0	0	175	9882
SM00584	TLDc	0.999999999981166	-1.88342398900343e-11	5	0	0	175	9882
SM01202	FerI	0.999999999981166	-1.88342398900343e-11	5	0	0	175	9882
SM01270	Longin	0.999999999981166	-1.88342398900343e-11	5	0	0	175	9882
SM00878	Biotin_carb_C	0.999999999981166	-1.88342398900343e-11	5	0	0	175	9882
SM00266	CAD	0.999999999981166	-1.88342398900343e-11	5	0	0	175	9882
SM01145	DUF1041	0.999999999981166	-1.88342398900343e-11	5	0	0	175	9882
SM00264	BAG	0.999999999981166	-1.88342398900343e-11	5	0	0	175	9882
SM00872	Alpha-mann_mid	0.999999999981166	-1.88342398900343e-11	5	0	0	175	9882
SM00588	NEUZ	0.999999999981166	-1.88342398900343e-11	5	0	0	175	9882
SM00540	LEM	0.999999999981166	-1.88342398900343e-11	5	0	0	175	9882
SM00103	ALBUMIN	0.999999999981166	-1.88342398900343e-11	5	0	0	175	9882
SM00446	LRRcap	0.999999999981166	-1.88342398900343e-11	5	0	0	175	9882
SM01015	Arfaptin	0.999999999981166	-1.88342398900343e-11	5	0	0	175	9882
SM00571	DDT	0.999999999981166	-1.88342398900343e-11	5	0	0	175	9882
SM00678	WWE	0.999999999981166	-1.88342398900343e-11	5	0	0	175	9882
SM00580	PUG	0.999999999981166	-1.88342398900343e-11	5	0	0	175	9882
SM00089	PKD	0.999999999981166	-1.88342398900343e-11	5	0	0	175	9882
SM00991	WHEP-TRS	0.999999999981166	-1.88342398900343e-11	5	0	0	175	9882
SM00891	ERCC4	0.999999999981166	-1.88342398900343e-11	5	0	0	175	9882
SM01408	ING	0.999999999981166	-1.88342398900343e-11	5	0	0	175	9882
SM00321	WSC	0.999999999981166	-1.88342398900343e-11	5	0	0	175	9882
SM00572	DZF	0.999999999981166	-1.88342398900343e-11	5	0	0	175	9882
SM00739	KOW	0.999999999981166	-1.88342398900343e-11	5	0	0	175	9882
SM00539	NIDO	0.999999999981166	-1.88342398900343e-11	5	0	0	175	9882
SM00534	MUTSac	0.999999999981166	-1.88342398900343e-11	5	0	0	175	9882
SM00892	Endonuclease_NS	0.999999999981166	-1.88342398900343e-11	5	0	0	175	9882
SM01041	BRO1	0.999999999981166	-1.88342398900343e-11	5	0	0	175	9882
SM00549	TAFH	0.999999999981166	-1.88342398900343e-11	5	0	0	175	9882
SM00664	DoH	0.999999999981166	-1.88342398900343e-11	5	0	0	175	9882
SM00160	RanBD	0.999999999981166	-1.88342398900343e-11	5	0	0	175	9882
SM00727	STI1	0.999999999982905	-1.70945651744336e-11	9	0	0	175	9882
SM00545	JmjN	0.999999999982905	-1.70945651744336e-11	9	0	0	175	9882
SM00393	R3H	0.999999999982905	-1.70945651744336e-11	9	0	0	175	9882
SM00350	MCM	0.999999999982905	-1.70945651744336e-11	9	0	0	175	9882
SM00141	PDGF	0.999999999982905	-1.70945651744336e-11	9	0	0	175	9882
SM00085	PA2c	0.999999999982905	-1.70945651744336e-11	9	0	0	175	9882
SM00849	Lactamase_B	0.999999999982905	-1.70945651744336e-11	9	0	0	175	9882
SM00652	eIF1a	0.999999999982905	-1.70945651744336e-11	9	0	0	175	9882
SM00078	IlGF	0.999999999982905	-1.70945651744336e-11	9	0	0	175	9882
SM00348	IRF	0.999999999982905	-1.70945651744336e-11	9	0	0	175	9882
SM00316	S1	0.999999999982905	-1.70945651744336e-11	9	0	0	175	9882
SM00561	MBT	0.999999999982905	-1.70945651744336e-11	9	0	0	175	9882
SM00114	CARD	0.999999999982905	-1.70945651744336e-11	9	0	0	175	9882
SM00263	LYZ1	0.999999999982905	-1.70945651744336e-11	9	0	0	175	9882
SM01349	TOG	0.999999999982905	-1.70945651744336e-11	9	0	0	175	9882
SM00668	CTLH	0.999999999982905	-1.70945651744336e-11	9	0	0	175	9882
SM00351	PAX	0.999999999982905	-1.70945651744336e-11	9	0	0	175	9882
SM00218	ZU5	0.999999999982905	-1.70945651744336e-11	9	0	0	175	9882
SM00387	HATPase_c	0.999999999982905	-1.70945651744336e-11	9	0	0	175	9882
SM00537	DCX	0.999999999982905	-1.70945651744336e-11	9	0	0	175	9882
SM00674	CENPB	0.999999999982905	-1.70945651744336e-11	9	0	0	175	9882
SM00809	Alpha_adaptinC2	0.999999999982905	-1.70945651744336e-11	9	0	0	175	9882
SM01089	Connexin_CCC	0.999999999983302	-1.66978110316254e-11	19	0	0	175	9882
SM00848	Inhibitor_I29	0.999999999983302	-1.66978110316254e-11	19	0	0	175	9882
SM00864	Tubulin	0.999999999983302	-1.66978110316254e-11	19	0	0	175	9882
SM00651	Sm	0.999999999983302	-1.66978110316254e-11	19	0	0	175	9882
SM00367	LRR_CC	0.999999999983302	-1.66978110316254e-11	19	0	0	175	9882
SM00292	BRCT	0.999999999983302	-1.66978110316254e-11	19	0	0	175	9882
SM00097	WNT1	0.999999999983302	-1.66978110316254e-11	19	0	0	175	9882
SM00121	IB	0.999999999983302	-1.66978110316254e-11	19	0	0	175	9882
SM01381	7TM_GPCR_Srsx	0.999999999984085	-1.59152996863212e-11	186	0	0	175	9882
SM00969	SOCS_box	0.99999999998421	-1.57899959768611e-11	35	0	0	175	9882
SM00204	TGFB	0.99999999998421	-1.57899959768611e-11	35	0	0	175	9882
SM00199	SCY	0.99999999998421	-1.57899959768611e-11	35	0	0	175	9882
SM00076	IFabd	0.999999999984315	-1.56847282690011e-11	24	0	0	175	9882
SM00361	RRM_1	0.999999999984315	-1.56847282690011e-11	24	0	0	175	9882
SM00516	SEC14	0.999999999984315	-1.56847282690011e-11	24	0	0	175	9882
SM00091	PAS	0.999999999984315	-1.56847282690011e-11	24	0	0	175	9882
SM01411	Ephrin_rec_like	0.999999999984315	-1.56847282690011e-11	24	0	0	175	9882
SM00061	MATH	0.999999999984408	-1.55924346088784e-11	17	0	0	175	9882
SM00247	XTALbg	0.999999999984408	-1.55924346088784e-11	17	0	0	175	9882
SM01224	G_gamma	0.999999999984408	-1.55924346088784e-11	17	0	0	175	9882
SM00261	FU	0.999999999984408	-1.55924346088784e-11	17	0	0	175	9882
SM00216	VWD	0.999999999984408	-1.55924346088784e-11	17	0	0	175	9882
SM00425	TBOX	0.999999999984408	-1.55924346088784e-11	17	0	0	175	9882
SM00211	TY	0.999999999984408	-1.55924346088784e-11	17	0	0	175	9882
SM00224	GGL	0.999999999984408	-1.55924346088784e-11	17	0	0	175	9882
SM00744	RINGv	0.999999999984408	-1.55924346088784e-11	17	0	0	175	9882
SM00093	SERPIN	0.99999999998518	-1.48199682534919e-11	62	0	0	175	9882
SM00310	PTBI	0.999999999988099	-1.19006640943101e-11	12	0	0	175	9882
SM00244	PHB	0.999999999988099	-1.19006640943101e-11	12	0	0	175	9882
SM00246	WH2	0.999999999988099	-1.19006640943101e-11	12	0	0	175	9882
SM00337	BCL	0.999999999988099	-1.19006640943101e-11	12	0	0	175	9882
SM00290	ZnF_UBP	0.999999999988099	-1.19006640943101e-11	12	0	0	175	9882
SM00232	JAB_MPN	0.999999999988099	-1.19006640943101e-11	12	0	0	175	9882
SM00116	CBS	0.999999999988099	-1.19006640943101e-11	12	0	0	175	9882
SM00159	PTX	0.999999999988099	-1.19006640943101e-11	12	0	0	175	9882
SM00908	Gal-bind_lectin	0.999999999988099	-1.19006640943101e-11	12	0	0	175	9882
SM00523	DWA	0.999999999988099	-1.19006640943101e-11	12	0	0	175	9882
SM00391	MBD	0.999999999988099	-1.19006640943101e-11	12	0	0	175	9882
SM00335	ANX	0.999999999988099	-1.19006640943101e-11	12	0	0	175	9882
SM00284	OLF	0.999999999988099	-1.19006640943101e-11	12	0	0	175	9882
SM00612	Kelch	0.999999999988481	-1.15189365162e-11	55	0	0	175	9882
SM00407	IGc1	0.999999999988614	-1.13860182112059e-11	58	0	0	175	9882
SM00508	PostSET	0.999999999989116	-1.08842013451745e-11	11	0	0	175	9882
SM00038	COLFI	0.999999999989116	-1.08842013451745e-11	11	0	0	175	9882
SM01330	Frizzled	0.999999999989116	-1.08842013451745e-11	11	0	0	175	9882
SM00460	TGc	0.999999999989116	-1.08842013451745e-11	11	0	0	175	9882
SM00274	FOLN	0.999999999989116	-1.08842013451745e-11	11	0	0	175	9882
SM00276	GLECT	0.999999999989116	-1.08842013451745e-11	11	0	0	175	9882
SM00115	CASc	0.999999999989116	-1.08842013451745e-11	11	0	0	175	9882
SM00027	EH	0.999999999989116	-1.08842013451745e-11	11	0	0	175	9882
SM00720	calpain_III	0.999999999989116	-1.08842013451745e-11	11	0	0	175	9882
SM00096	UTG	0.999999999989116	-1.08842013451745e-11	11	0	0	175	9882
SM00386	HAT	0.999999999989116	-1.08842013451745e-11	11	0	0	175	9882
SM00461	WH1	0.999999999989116	-1.08842013451745e-11	11	0	0	175	9882
SM00608	ACR	0.999999999990659	-9.34144709541773e-12	43	0	0	175	9882
SM00213	UBQ	0.999999999990659	-9.34144709541773e-12	43	0	0	175	9882
SM00431	SCAN	0.999999999991162	-8.83788599056564e-12	42	0	0	175	9882
SM00209	TSP1	0.99999999999176	-8.23955967620604e-12	63	0	0	175	9882
SM00913	IBN_N	0.999999999992029	-7.97111619513192e-12	16	0	0	175	9882
SM00285	PBD	0.999999999992029	-7.97111619513192e-12	16	0	0	175	9882
SM00799	DENN	0.999999999992029	-7.97111619513192e-12	16	0	0	175	9882
SM00069	GLA	0.999999999992029	-7.97111619513192e-12	16	0	0	175	9882
SM00702	P4Hc	0.999999999992029	-7.97111619513192e-12	16	0	0	175	9882
SM00724	TLC	0.999999999992029	-7.97111619513192e-12	16	0	0	175	9882
SM00831	Cation_ATPase_N	0.999999999992029	-7.97111619513192e-12	16	0	0	175	9882
SM00275	G_alpha	0.999999999992029	-7.97111619513192e-12	16	0	0	175	9882
SM00222	Sec7	0.999999999992029	-7.97111619513192e-12	16	0	0	175	9882
SM00086	PAC	0.999999999992029	-7.97111619513192e-12	16	0	0	175	9882
SM00207	TNF	0.999999999992029	-7.97111619513192e-12	16	0	0	175	9882
SM00801	dDENN	0.999999999992029	-7.97111619513192e-12	16	0	0	175	9882
SM00358	DSRM	0.999999999992029	-7.97111619513192e-12	16	0	0	175	9882
SM00568	GRAM	0.999999999992029	-7.97111619513192e-12	16	0	0	175	9882
SM00365	LRR_SD22	0.999999999992193	-7.80654349630693e-12	54	0	0	175	9882
SM00333	TUDOR	0.999999999992765	-7.23514063187662e-12	25	0	0	175	9882
SM00079	PBPe	0.999999999992964	-7.03638525228019e-12	18	0	0	175	9882
SM01057	Carb_anhydrase	0.999999999992964	-7.03638525228019e-12	18	0	0	175	9882
SM00847	HA2	0.999999999992964	-7.03638525228019e-12	18	0	0	175	9882
SM00037	CNX	0.999999999992964	-7.03638525228019e-12	18	0	0	175	9882
SM00918	Lig_chan-Glu_bd	0.999999999992964	-7.03638525228019e-12	18	0	0	175	9882
SM00291	ZnF_ZZ	0.999999999992964	-7.03638525228019e-12	18	0	0	175	9882
SM00014	acidPPc	0.999999999992964	-7.03638525228019e-12	18	0	0	175	9882
SM00308	LH2	0.999999999992964	-7.03638525228019e-12	18	0	0	175	9882
SM00865	Tubulin_C	0.999999999992964	-7.03638525228019e-12	18	0	0	175	9882
SM00050	DISIN	0.999999999992989	-7.01102239197147e-12	37	0	0	175	9882
SM00322	KH	0.999999999992989	-7.01102239197147e-12	37	0	0	175	9882
SM00665	B561	0.999999999992995	-7.00539704921241e-12	6	0	0	175	9882
SM01400	Pribosyltran_N	0.999999999992995	-7.00539704921241e-12	6	0	0	175	9882
SM00440	ZnF_C2C2	0.999999999992995	-7.00539704921241e-12	6	0	0	175	9882
SM01198	FBA	0.999999999992995	-7.00539704921241e-12	6	0	0	175	9882
SM00915	Jacalin	0.999999999992995	-7.00539704921241e-12	6	0	0	175	9882
SM01114	CXC	0.999999999992995	-7.00539704921241e-12	6	0	0	175	9882
SM00552	ADEAMc	0.999999999992995	-7.00539704921241e-12	6	0	0	175	9882
SM00949	PAZ	0.999999999992995	-7.00539704921241e-12	6	0	0	175	9882
SM00968	SMC_hinge	0.999999999992995	-7.00539704921241e-12	6	0	0	175	9882
SM01329	Iso_dh	0.999999999992995	-7.00539704921241e-12	6	0	0	175	9882
SM00775	LNS2	0.999999999992995	-7.00539704921241e-12	6	0	0	175	9882
SM01184	efhand_Ca_insen	0.999999999992995	-7.00539704921241e-12	6	0	0	175	9882
SM00730	PSN	0.999999999992995	-7.00539704921241e-12	6	0	0	175	9882
SM01343	FATC	0.999999999992995	-7.00539704921241e-12	6	0	0	175	9882
SM00517	PolyA	0.999999999992995	-7.00539704921241e-12	6	0	0	175	9882
SM00950	Piwi	0.999999999992995	-7.00539704921241e-12	6	0	0	175	9882
SM00031	DED	0.999999999992995	-7.00539704921241e-12	6	0	0	175	9882
SM00670	PINc	0.999999999992995	-7.00539704921241e-12	6	0	0	175	9882
SM00757	CRA	0.999999999992995	-7.00539704921241e-12	6	0	0	175	9882
SM01127	DDHD	0.999999999992995	-7.00539704921241e-12	6	0	0	175	9882
SM00359	PUA	0.999999999992995	-7.00539704921241e-12	6	0	0	175	9882
SM01137	DMAP_binding	0.999999999992995	-7.00539704921241e-12	6	0	0	175	9882
SM00021	DAX	0.999999999992995	-7.00539704921241e-12	6	0	0	175	9882
SM00695	DUSP	0.999999999992995	-7.00539704921241e-12	6	0	0	175	9882
SM00952	RAP	0.999999999992995	-7.00539704921241e-12	6	0	0	175	9882
SM00742	Hr1	0.999999999992995	-7.00539704921241e-12	6	0	0	175	9882
SM00259	ZnF_A20	0.999999999992995	-7.00539704921241e-12	6	0	0	175	9882
SM00548	IRO	0.999999999992995	-7.00539704921241e-12	6	0	0	175	9882
SM00257	LysM	0.999999999992995	-7.00539704921241e-12	6	0	0	175	9882
SM00070	GLUCA	0.999999999992995	-7.00539704921241e-12	6	0	0	175	9882
SM00921	MHC_II_beta	0.999999999992995	-7.00539704921241e-12	6	0	0	175	9882
SM00441	FF	0.999999999992995	-7.00539704921241e-12	6	0	0	175	9882
SM00907	GDNF	0.999999999992995	-7.00539704921241e-12	6	0	0	175	9882
SM00710	PbH1	0.999999999992995	-7.00539704921241e-12	6	0	0	175	9882
SM00022	PLAc	0.999999999992995	-7.00539704921241e-12	6	0	0	175	9882
SM00432	MADS	0.999999999992995	-7.00539704921241e-12	6	0	0	175	9882
SM00811	Alpha_kinase	0.999999999992995	-7.00539704921241e-12	6	0	0	175	9882
SM00415	HSF	0.999999999992995	-7.00539704921241e-12	6	0	0	175	9882
SM00648	SWAP	0.999999999992995	-7.00539704921241e-12	6	0	0	175	9882
SM00394	RIIa	0.999999999992995	-7.00539704921241e-12	6	0	0	175	9882
SM00863	tRNA_SAD	0.999999999992995	-7.00539704921241e-12	6	0	0	175	9882
SM00544	MA3	0.999999999992995	-7.00539704921241e-12	6	0	0	175	9882
SM00477	NUC	0.999999999992995	-7.00539704921241e-12	6	0	0	175	9882
SM00152	THY	0.999999999992995	-7.00539704921241e-12	6	0	0	175	9882
SM00302	GED	0.999999999992995	-7.00539704921241e-12	6	0	0	175	9882
SM00603	LCCL	0.999999999992995	-7.00539704921241e-12	6	0	0	175	9882
SM00591	RWD	0.999999999993523	-6.47734510120593e-12	10	0	0	175	9882
SM00543	MIF4G	0.999999999993523	-6.47734510120593e-12	10	0	0	175	9882
SM00745	MIT	0.999999999993523	-6.47734510120593e-12	10	0	0	175	9882
SM01017	Arrestin_C	0.999999999993523	-6.47734510120593e-12	10	0	0	175	9882
SM00128	IPPc	0.999999999993523	-6.47734510120593e-12	10	0	0	175	9882
SM00472	MIR	0.999999999993523	-6.47734510120593e-12	10	0	0	175	9882
SM01372	E2F_TDP	0.999999999993523	-6.47734510120593e-12	10	0	0	175	9882
SM01100	CRAL_TRIO_N	0.999999999993523	-6.47734510120593e-12	10	0	0	175	9882
SM01190	EMP24_GP25L	0.999999999993523	-6.47734510120593e-12	10	0	0	175	9882
SM01039	BRICHOS	0.999999999993523	-6.47734510120593e-12	10	0	0	175	9882
SM00102	ADF	0.999999999993523	-6.47734510120593e-12	10	0	0	175	9882
SM00067	GHA	0.999999999993667	-6.33321867171688e-12	1	0	0	175	9882
SM01060	Catalase	0.999999999993667	-6.33321867171688e-12	1	0	0	175	9882
SM00071	Galanin	0.999999999993667	-6.33321867171688e-12	1	0	0	175	9882
SM01228	GIDA_assoc_3	0.999999999993667	-6.33321867171688e-12	1	0	0	175	9882
SM00990	VRR_NUC	0.999999999993667	-6.33321867171688e-12	1	0	0	175	9882
SM00743	Agenet	0.999999999993667	-6.33321867171688e-12	1	0	0	175	9882
SM01307	RICTOR_M	0.999999999993667	-6.33321867171688e-12	1	0	0	175	9882
SM01128	DDRGK	0.999999999993667	-6.33321867171688e-12	1	0	0	175	9882
SM00417	H4	0.999999999993667	-6.33321867171688e-12	1	0	0	175	9882
SM01211	GATase_5	0.999999999993667	-6.33321867171688e-12	1	0	0	175	9882
SM01035	BOP1NT	0.999999999993667	-6.33321867171688e-12	1	0	0	175	9882
SM00874	B5	0.999999999993667	-6.33321867171688e-12	1	0	0	175	9882
SM00521	CBF	0.999999999993667	-6.33321867171688e-12	1	0	0	175	9882
SM01033	BING4CT	0.999999999993667	-6.33321867171688e-12	1	0	0	175	9882
SM00654	eIF6	0.999999999993667	-6.33321867171688e-12	1	0	0	175	9882
SM00932	Nfu_N	0.999999999993667	-6.33321867171688e-12	1	0	0	175	9882
SM00659	RPOLCX	0.999999999993667	-6.33321867171688e-12	1	0	0	175	9882
SM01311	RPOL_N	0.999999999993667	-6.33321867171688e-12	1	0	0	175	9882
SM01024	BCS1_N	0.999999999993667	-6.33321867171688e-12	1	0	0	175	9882
SM00805	AGTRAP	0.999999999993667	-6.33321867171688e-12	1	0	0	175	9882
SM01018	B12-binding_2	0.999999999993667	-6.33321867171688e-12	1	0	0	175	9882
SM00784	SPT2	0.999999999993667	-6.33321867171688e-12	1	0	0	175	9882
SM01356	AP4E_app_platf	0.999999999993667	-6.33321867171688e-12	1	0	0	175	9882
SM01204	FIST_C	0.999999999993667	-6.33321867171688e-12	1	0	0	175	9882
SM00752	HTTM	0.999999999993667	-6.33321867171688e-12	1	0	0	175	9882
SM01209	GARS_A	0.999999999993667	-6.33321867171688e-12	1	0	0	175	9882
SM01363	ACTH_domain	0.999999999993667	-6.33321867171688e-12	1	0	0	175	9882
SM00465	GIYc	0.999999999993667	-6.33321867171688e-12	1	0	0	175	9882
SM01354	BLVR	0.999999999993667	-6.33321867171688e-12	1	0	0	175	9882
SM01222	FTCD_N	0.999999999993667	-6.33321867171688e-12	1	0	0	175	9882
SM01365	Op_neuropeptide	0.999999999993667	-6.33321867171688e-12	1	0	0	175	9882
SM01273	Mago-bind	0.999999999993667	-6.33321867171688e-12	1	0	0	175	9882
SM00463	SMR	0.999999999993667	-6.33321867171688e-12	1	0	0	175	9882
SM00535	RIBOc	0.999999999993667	-6.33321867171688e-12	1	0	0	175	9882
SM01219	Frataxin_Cyay	0.999999999993667	-6.33321867171688e-12	1	0	0	175	9882
SM01173	DUF4187	0.999999999993667	-6.33321867171688e-12	1	0	0	175	9882
SM01156	DUF1716	0.999999999993667	-6.33321867171688e-12	1	0	0	175	9882
SM01309	RICTOR_phospho	0.999999999993667	-6.33321867171688e-12	1	0	0	175	9882
SM01214	Fmp27_GFWDK	0.999999999993667	-6.33321867171688e-12	1	0	0	175	9882
SM01159	DUF1744	0.999999999993667	-6.33321867171688e-12	1	0	0	175	9882
SM01306	RFX5_DNA_bdg	0.999999999993667	-6.33321867171688e-12	1	0	0	175	9882
SM01087	COG6	0.999999999993667	-6.33321867171688e-12	1	0	0	175	9882
SM01254	KLRAQ	0.999999999993667	-6.33321867171688e-12	1	0	0	175	9882
SM01384	Ribosomal_L15e	0.999999999993667	-6.33321867171688e-12	1	0	0	175	9882
SM01124	DBR1	0.999999999993667	-6.33321867171688e-12	1	0	0	175	9882
SM00530	HTH_XRE	0.999999999993667	-6.33321867171688e-12	1	0	0	175	9882
SM00719	Plus3	0.999999999993667	-6.33321867171688e-12	1	0	0	175	9882
SM01001	AIRC	0.999999999993667	-6.33321867171688e-12	1	0	0	175	9882
SM00946	ProRS-C_1	0.999999999993667	-6.33321867171688e-12	1	0	0	175	9882
SM00944	Pro-kuma_activ	0.999999999993667	-6.33321867171688e-12	1	0	0	175	9882
SM01129	DELLA	0.999999999993667	-6.33321867171688e-12	1	0	0	175	9882
SM01133	DeoC	0.999999999993667	-6.33321867171688e-12	1	0	0	175	9882
SM01396	BC10	0.999999999993667	-6.33321867171688e-12	1	0	0	175	9882
SM01335	PADR1	0.999999999993667	-6.33321867171688e-12	1	0	0	175	9882
SM00023	COLIPASE	0.999999999993667	-6.33321867171688e-12	1	0	0	175	9882
SM01098	CPSF73-100_C	0.999999999993667	-6.33321867171688e-12	1	0	0	175	9882
SM01352	APCDDC	0.999999999993667	-6.33321867171688e-12	1	0	0	175	9882
SM01386	Ribosomal_S13_N	0.999999999993667	-6.33321867171688e-12	1	0	0	175	9882
SM01102	CRM1_C	0.999999999993667	-6.33321867171688e-12	1	0	0	175	9882
SM00754	CHRD	0.999999999993667	-6.33321867171688e-12	1	0	0	175	9882
SM01284	ECSIT_Cterm	0.999999999993667	-6.33321867171688e-12	1	0	0	175	9882
SM01152	DUF167	0.999999999993667	-6.33321867171688e-12	1	0	0	175	9882
SM00470	ParB	0.999999999993667	-6.33321867171688e-12	1	0	0	175	9882
SM01135	DIRP	0.999999999993667	-6.33321867171688e-12	1	0	0	175	9882
SM01186	eIF3_N	0.999999999993667	-6.33321867171688e-12	1	0	0	175	9882
SM01302	Raptor_N	0.999999999993667	-6.33321867171688e-12	1	0	0	175	9882
SM01296	N2227	0.999999999993667	-6.33321867171688e-12	1	0	0	175	9882
SM00709	Zpr1	0.999999999993667	-6.33321867171688e-12	1	0	0	175	9882
SM00658	RPOL8c	0.999999999993667	-6.33321867171688e-12	1	0	0	175	9882
SM00277	GRAN	0.999999999993667	-6.33321867171688e-12	1	0	0	175	9882
SM01160	DUF1751	0.999999999993667	-6.33321867171688e-12	1	0	0	175	9882
SM01286	SPT16	0.999999999993667	-6.33321867171688e-12	1	0	0	175	9882
SM01405	Ribosomal_S6e	0.999999999993667	-6.33321867171688e-12	1	0	0	175	9882
SM01082	CHZ	0.999999999993667	-6.33321867171688e-12	1	0	0	175	9882
SM01016	Arg_tRNA_synt_N	0.999999999993667	-6.33321867171688e-12	1	0	0	175	9882
SM01197	FANCL_C	0.999999999993667	-6.33321867171688e-12	1	0	0	175	9882
SM01413	Ribosomal_S19e	0.999999999993667	-6.33321867171688e-12	1	0	0	175	9882
SM01181	E2_bind	0.999999999993667	-6.33321867171688e-12	1	0	0	175	9882
SM00823	PKS_PP	0.999999999993667	-6.33321867171688e-12	1	0	0	175	9882
SM00798	AICARFT_IMPCHas	0.999999999993667	-6.33321867171688e-12	1	0	0	175	9882
SM01191	ENT	0.999999999993667	-6.33321867171688e-12	1	0	0	175	9882
SM00839	ELFV_dehydrog	0.999999999993667	-6.33321867171688e-12	1	0	0	175	9882
SM01297	KAP	0.999999999993667	-6.33321867171688e-12	1	0	0	175	9882
SM00910	HIRAN	0.999999999993667	-6.33321867171688e-12	1	0	0	175	9882
SM00983	TPK_B1_binding	0.999999999993667	-6.33321867171688e-12	1	0	0	175	9882
SM00995	AD	0.999999999993667	-6.33321867171688e-12	1	0	0	175	9882
SM01004	ALAD	0.999999999993667	-6.33321867171688e-12	1	0	0	175	9882
SM00507	HNHc	0.999999999993667	-6.33321867171688e-12	1	0	0	175	9882
SM00883	Cpn10	0.999999999993667	-6.33321867171688e-12	1	0	0	175	9882
SM00203	TK	0.999999999993667	-6.33321867171688e-12	1	0	0	175	9882
SM00684	DM15	0.999999999993667	-6.33321867171688e-12	1	0	0	175	9882
SM00941	PYNP_C	0.999999999993667	-6.33321867171688e-12	1	0	0	175	9882
SM01308	RICTOR_N	0.999999999993667	-6.33321867171688e-12	1	0	0	175	9882
SM01030	BHD_1	0.999999999993667	-6.33321867171688e-12	1	0	0	175	9882
SM01221	FTCD	0.999999999993667	-6.33321867171688e-12	1	0	0	175	9882
SM01397	Ribosomal_S3Ae	0.999999999993667	-6.33321867171688e-12	1	0	0	175	9882
SM01118	CYTH	0.999999999993667	-6.33321867171688e-12	1	0	0	175	9882
SM00934	OMPdecase	0.999999999993667	-6.33321867171688e-12	1	0	0	175	9882
SM01158	DUF1741	0.999999999993667	-6.33321867171688e-12	1	0	0	175	9882
SM01075	CDT1	0.999999999993667	-6.33321867171688e-12	1	0	0	175	9882
SM01422	SARA	0.999999999993667	-6.33321867171688e-12	1	0	0	175	9882
SM01406	PAPA-1	0.999999999993667	-6.33321867171688e-12	1	0	0	175	9882
SM01032	BHD_3	0.999999999993667	-6.33321867171688e-12	1	0	0	175	9882
SM01409	RNA_pol_Rpb6	0.999999999993667	-6.33321867171688e-12	1	0	0	175	9882
SM00929	NADH-G_4Fe-4S_3	0.999999999993667	-6.33321867171688e-12	1	0	0	175	9882
SM00683	DM16	0.999999999993667	-6.33321867171688e-12	1	0	0	175	9882
SM01404	CIMR	0.999999999993667	-6.33321867171688e-12	1	0	0	175	9882
SM00870	Asparaginase	0.999999999993667	-6.33321867171688e-12	1	0	0	175	9882
SM01278	MAPKK1_Int	0.999999999993667	-6.33321867171688e-12	1	0	0	175	9882
SM00738	NGN	0.999999999993667	-6.33321867171688e-12	1	0	0	175	9882
SM01168	DUF1907	0.999999999993667	-6.33321867171688e-12	1	0	0	175	9882
SM00538	POP4	0.999999999993667	-6.33321867171688e-12	1	0	0	175	9882
SM01344	NUC194	0.999999999993667	-6.33321867171688e-12	1	0	0	175	9882
SM01069	CDC37_C	0.999999999993667	-6.33321867171688e-12	1	0	0	175	9882
SM01414	P68HR	0.999999999993667	-6.33321867171688e-12	1	0	0	175	9882
SM00802	UME	0.999999999993667	-6.33321867171688e-12	1	0	0	175	9882
SM00986	UDG	0.999999999993667	-6.33321867171688e-12	1	0	0	175	9882
SM01331	DUF3635	0.999999999993667	-6.33321867171688e-12	1	0	0	175	9882
SM00826	PKS_DH	0.999999999993667	-6.33321867171688e-12	1	0	0	175	9882
SM00567	EZ_HEAT	0.999999999993667	-6.33321867171688e-12	1	0	0	175	9882
SM00984	UDPG_MGDP_dh_C	0.999999999993667	-6.33321867171688e-12	1	0	0	175	9882
SM01378	Romo1	0.999999999993667	-6.33321867171688e-12	1	0	0	175	9882
SM01416	Ribosomal_L19e	0.999999999993667	-6.33321867171688e-12	1	0	0	175	9882
SM01013	APC2	0.999999999993667	-6.33321867171688e-12	1	0	0	175	9882
SM00254	ShKT	0.999999999993667	-6.33321867171688e-12	1	0	0	175	9882
SM01346	DUF3385	0.999999999993667	-6.33321867171688e-12	1	0	0	175	9882
SM01071	CDC37_N	0.999999999993667	-6.33321867171688e-12	1	0	0	175	9882
SM01162	DUF1771	0.999999999993667	-6.33321867171688e-12	1	0	0	175	9882
SM00987	UreE_C	0.999999999993667	-6.33321867171688e-12	1	0	0	175	9882
SM01341	Tower	0.999999999993667	-6.33321867171688e-12	1	0	0	175	9882
SM01210	GARS_C	0.999999999993667	-6.33321867171688e-12	1	0	0	175	9882
SM00858	SAF	0.999999999993667	-6.33321867171688e-12	1	0	0	175	9882
SM00084	NMU	0.999999999993667	-6.33321867171688e-12	1	0	0	175	9882
SM00703	NRF	0.999999999993667	-6.33321867171688e-12	1	0	0	175	9882
SM00818	Amelogenin	0.999999999993667	-6.33321867171688e-12	1	0	0	175	9882
SM01395	Tbf5	0.999999999993667	-6.33321867171688e-12	1	0	0	175	9882
SM01347	Mre11_DNA_bind	0.999999999993667	-6.33321867171688e-12	1	0	0	175	9882
SM01262	LAMTOR	0.999999999993667	-6.33321867171688e-12	1	0	0	175	9882
SM01077	Cg6151-P	0.999999999993667	-6.33321867171688e-12	1	0	0	175	9882
SM00157	PRP	0.999999999993667	-6.33321867171688e-12	1	0	0	175	9882
SM00035	CLa	0.999999999993667	-6.33321867171688e-12	1	0	0	175	9882
SM01183	EF1G	0.999999999993667	-6.33321867171688e-12	1	0	0	175	9882
SM01385	DSS1_SEM1	0.999999999993667	-6.33321867171688e-12	1	0	0	175	9882
SM01125	DCP2	0.999999999993667	-6.33321867171688e-12	1	0	0	175	9882
SM00026	EPEND	0.999999999993667	-6.33321867171688e-12	1	0	0	175	9882
SM01393	Ribosomal_L32e	0.999999999993667	-6.33321867171688e-12	1	0	0	175	9882
SM01136	DKCLD	0.999999999993667	-6.33321867171688e-12	1	0	0	175	9882
SM01350	6PGD	0.999999999993667	-6.33321867171688e-12	1	0	0	175	9882
SM01123	DBP10CT	0.999999999993667	-6.33321867171688e-12	1	0	0	175	9882
SM01310	RICTOR_V	0.999999999993667	-6.33321867171688e-12	1	0	0	175	9882
SM00780	PIG-X	0.999999999993667	-6.33321867171688e-12	1	0	0	175	9882
SM00748	HEPN	0.999999999993667	-6.33321867171688e-12	1	0	0	175	9882
SM01295	K167R	0.999999999993667	-6.33321867171688e-12	1	0	0	175	9882
SM01223	FTO_NTD	0.999999999993667	-6.33321867171688e-12	1	0	0	175	9882
SM01285	FACT-Spt16_Nlob	0.999999999993667	-6.33321867171688e-12	1	0	0	175	9882
SM00845	GatB_Yqey	0.999999999993667	-6.33321867171688e-12	1	0	0	175	9882
SM00019	SF_P	0.999999999993667	-6.33321867171688e-12	1	0	0	175	9882
SM01180	DWNN	0.999999999993667	-6.33321867171688e-12	1	0	0	175	9882
SM01148	DUF1220	0.999999999993667	-6.33321867171688e-12	1	0	0	175	9882
SM01303	RasGEF_N_2	0.999999999993667	-6.33321867171688e-12	1	0	0	175	9882
SM00318	SNc	0.999999999993667	-6.33321867171688e-12	1	0	0	175	9882
SM01280	Mcm10	0.999999999993667	-6.33321867171688e-12	1	0	0	175	9882
SM00928	NADH_4Fe-4S	0.999999999993667	-6.33321867171688e-12	1	0	0	175	9882
SM01253	Kin17_mid	0.999999999993667	-6.33321867171688e-12	1	0	0	175	9882
SM00898	Fapy_DNA_glyco	0.999999999993667	-6.33321867171688e-12	1	0	0	175	9882
SM01169	DUF1943	0.999999999993667	-6.33321867171688e-12	1	0	0	175	9882
SM00245	TSPc	0.999999999993667	-6.33321867171688e-12	1	0	0	175	9882
SM01264	M16C_associated	0.999999999993667	-6.33321867171688e-12	1	0	0	175	9882
SM01031	BHD_2	0.999999999993667	-6.33321867171688e-12	1	0	0	175	9882
SM01220	FSA_C	0.999999999993667	-6.33321867171688e-12	1	0	0	175	9882
SM01044	Btz	0.999999999993667	-6.33321867171688e-12	1	0	0	175	9882
SM00817	Amelin	0.999999999993667	-6.33321867171688e-12	1	0	0	175	9882
SM00998	ADSL_C	0.999999999993667	-6.33321867171688e-12	1	0	0	175	9882
SM00762	Cog4	0.999999999993667	-6.33321867171688e-12	1	0	0	175	9882
SM01353	AIF_C	0.999999999993667	-6.33321867171688e-12	1	0	0	175	9882
SM01155	DUF1713	0.999999999993667	-6.33321867171688e-12	1	0	0	175	9882
SM00030	CLb	0.999999999993667	-6.33321867171688e-12	1	0	0	175	9882
SM01348	Nbs1_C	0.999999999993667	-6.33321867171688e-12	1	0	0	175	9882
SM00127	IL7	0.999999999993667	-6.33321867171688e-12	1	0	0	175	9882
SM01380	Ribosomal_L31e	0.999999999993667	-6.33321867171688e-12	1	0	0	175	9882
SM01120	Dak2	0.999999999993667	-6.33321867171688e-12	1	0	0	175	9882
SM01364	NPP	0.999999999993667	-6.33321867171688e-12	1	0	0	175	9882
SM01379	GAGE	0.999999999993667	-6.33321867171688e-12	1	0	0	175	9882
SM00613	PAW	0.999999999993667	-6.33321867171688e-12	1	0	0	175	9882
SM00975	Telomerase_RBD	0.999999999993667	-6.33321867171688e-12	1	0	0	175	9882
SM00859	Semialdhyde_dh	0.999999999993667	-6.33321867171688e-12	1	0	0	175	9882
SM00226	LMWPc	0.999999999993667	-6.33321867171688e-12	1	0	0	175	9882
SM00904	Flavokinase	0.999999999993667	-6.33321867171688e-12	1	0	0	175	9882
SM01085	CK_II_beta	0.999999999993667	-6.33321867171688e-12	1	0	0	175	9882
SM01402	Ribosomal_S27	0.999999999993667	-6.33321867171688e-12	1	0	0	175	9882
SM00040	CSF2	0.999999999993667	-6.33321867171688e-12	1	0	0	175	9882
SM01047	C1_4	0.999999999993667	-6.33321867171688e-12	1	0	0	175	9882
SM01036	BP28CT	0.999999999993667	-6.33321867171688e-12	1	0	0	175	9882
SM01377	Ribosomal_L40e	0.999999999993667	-6.33321867171688e-12	1	0	0	175	9882
SM00189	IL2	0.999999999993667	-6.33321867171688e-12	1	0	0	175	9882
SM00017	OSTEO	0.999999999993667	-6.33321867171688e-12	1	0	0	175	9882
SM00731	SprT	0.999999999993667	-6.33321867171688e-12	1	0	0	175	9882
SM01342	TAN	0.999999999993667	-6.33321867171688e-12	1	0	0	175	9882
SM01261	Thymopoietin	0.999999999993667	-6.33321867171688e-12	1	0	0	175	9882
SM00013	LRRNT	0.999999999994053	-5.94686448630527e-12	53	0	0	175	9882
SM00256	FBOX	0.999999999994053	-5.94686448630527e-12	53	0	0	175	9882
SM00356	ZnF_C3H1	0.999999999995899	-4.10117940787285e-12	46	0	0	175	9882
SM00721	BAR	0.999999999996591	-3.4095262150321e-12	15	0	0	175	9882
SM01117	Cyt-b5	0.999999999996591	-3.4095262150321e-12	15	0	0	175	9882
SM00726	UIM	0.999999999996591	-3.4095262150321e-12	15	0	0	175	9882
SM00800	uDENN	0.999999999996591	-3.4095262150321e-12	15	0	0	175	9882
SM01244	IRS	0.999999999996591	-3.4095262150321e-12	15	0	0	175	9882
SM00352	POU	0.999999999996591	-3.4095262150321e-12	15	0	0	175	9882
SM00088	PINT	0.999999999996591	-3.4095262150321e-12	15	0	0	175	9882
SM00293	PWWP	0.999999999997361	-2.63887809894969e-12	20	0	0	175	9882
SM00231	FA58C	0.999999999997361	-2.63887809894969e-12	20	0	0	175	9882
SM00041	CT	0.999999999997361	-2.63887809894969e-12	20	0	0	175	9882
SM00253	SOCS	0.999999999997361	-2.63887809894969e-12	20	0	0	175	9882
SM00215	VWC_out	0.999999999997361	-2.63887809894969e-12	20	0	0	175	9882
SM00044	CYCc	0.999999999997361	-2.63887809894969e-12	20	0	0	175	9882
SM00443	G_patch	0.999999999997361	-2.63887809894969e-12	20	0	0	175	9882
SM00063	FRI	0.999999999997361	-2.63887809894969e-12	20	0	0	175	9882
SM00547	ZnF_RBZ	0.999999999997361	-2.63887809894969e-12	20	0	0	175	9882
SM00397	t_SNARE	0.999999999997361	-2.63887809894969e-12	20	0	0	175	9882
SM00360	RRM	0.999999999998097	-1.90343437838434e-12	199	0	0	175	9882
SM00389	HOX	1.00000000000005	4.92900750277442e-14	252	0	0	175	9882
SM00132	LIM	1.00000000000019	1.9218753380119e-13	73	0	0	175	9882
SM00349	KRAB	1.00000000000092	9.24607485495978e-13	291	0	0	175	9882
SM00338	BRLZ	1.00000000000123	1.23236800134502e-12	51	0	0	175	9882
SM00398	HMG	1.00000000000123	1.23236800134502e-12	51	0	0	175	9882
SM00268	ACTIN	1.00000000000155	1.55061366536533e-12	26	0	0	175	9882
SM00043	CY	1.00000000000155	1.55061366536533e-12	26	0	0	175	9882
SM00134	LU	1.00000000000208	2.0823906653835e-12	21	0	0	175	9882
SM00048	DEFSN	1.00000000000208	2.0823906653835e-12	21	0	0	175	9882
SM00049	DEP	1.00000000000208	2.0823906653835e-12	21	0	0	175	9882
SM00456	WW	1.00000000000364	3.63528233273162e-12	47	0	0	175	9882
SM00271	DnaJ	1.00000000000364	3.63528233273162e-12	47	0	0	175	9882
SM00980	THAP	1.00000000000388	3.87812780835684e-12	7	0	0	175	9882
SM00964	STAT_int	1.00000000000388	3.87812780835684e-12	7	0	0	175	9882
SM00250	PLEC	1.00000000000388	3.87812780835684e-12	7	0	0	175	9882
SM01388	Mob1_phocein	1.00000000000388	3.87812780835684e-12	7	0	0	175	9882
SM00077	ITAM	1.00000000000388	3.87812780835684e-12	7	0	0	175	9882
SM01328	zf-3CxxC	1.00000000000388	3.87812780835684e-12	7	0	0	175	9882
SM00692	DM3	1.00000000000388	3.87812780835684e-12	7	0	0	175	9882
SM01109	CUT	1.00000000000388	3.87812780835684e-12	7	0	0	175	9882
SM00729	Elp3	1.00000000000388	3.87812780835684e-12	7	0	0	175	9882
SM00053	DYNc	1.00000000000388	3.87812780835684e-12	7	0	0	175	9882
SM00509	TFS2N	1.00000000000388	3.87812780835684e-12	7	0	0	175	9882
SM01326	PTEN_C2	1.00000000000388	3.87812780835684e-12	7	0	0	175	9882
SM00582	RPR	1.00000000000388	3.87812780835684e-12	7	0	0	175	9882
SM00707	RPEL	1.00000000000388	3.87812780835684e-12	7	0	0	175	9882
SM01243	IRF-3	1.00000000000388	3.87812780835684e-12	7	0	0	175	9882
SM00390	GoLoco	1.00000000000388	3.87812780835684e-12	7	0	0	175	9882
SM01055	Cadherin_pro	1.00000000000388	3.87812780835684e-12	7	0	0	175	9882
SM00182	CULLIN	1.00000000000388	3.87812780835684e-12	7	0	0	175	9882
SM01337	APC10	1.00000000000388	3.87812780835684e-12	7	0	0	175	9882
SM00715	LA	1.00000000000388	3.87812780835684e-12	7	0	0	175	9882
SM00301	DM	1.00000000000388	3.87812780835684e-12	7	0	0	175	9882
SM00201	SO	1.00000000000388	3.87812780835684e-12	7	0	0	175	9882
SM00328	BPI1	1.00000000000388	3.87812780835684e-12	7	0	0	175	9882
SM00101	14_3_3	1.00000000000388	3.87812780835684e-12	7	0	0	175	9882
SM00515	eIF5C	1.00000000000388	3.87812780835684e-12	7	0	0	175	9882
SM01166	DUF1899	1.00000000000388	3.87812780835684e-12	7	0	0	175	9882
SM00510	TFS2M	1.00000000000388	3.87812780835684e-12	7	0	0	175	9882
SM00065	GAF	1.00000000000388	3.87812780835684e-12	7	0	0	175	9882
SM00004	NL	1.00000000000388	3.87812780835684e-12	7	0	0	175	9882
SM00243	GAS2	1.00000000000388	3.87812780835684e-12	7	0	0	175	9882
SM00671	SEL1	1.00000000000388	3.87812780835684e-12	7	0	0	175	9882
SM00546	CUE	1.00000000000388	3.87812780835684e-12	7	0	0	175	9882
SM00384	AT_hook	1.00000000000388	3.87812780835684e-12	7	0	0	175	9882
SM00396	ZnF_UBR1	1.00000000000388	3.87812780835684e-12	7	0	0	175	9882
SM00467	GS	1.00000000000388	3.87812780835684e-12	7	0	0	175	9882
SM01167	DUF1900	1.00000000000388	3.87812780835684e-12	7	0	0	175	9882
SM01062	Ca_chan_IQ	1.00000000000388	3.87812780835684e-12	7	0	0	175	9882
SM00822	PKS_KR	1.00000000000388	3.87812780835684e-12	7	0	0	175	9882
SM00609	VIT	1.00000000000422	4.22367594357156e-12	8	0	0	175	9882
SM00948	Proteasome_A_N	1.00000000000422	4.22367594357156e-12	8	0	0	175	9882
SM00125	IL1	1.00000000000422	4.22367594357156e-12	8	0	0	175	9882
SM00200	SEA	1.00000000000422	4.22367594357156e-12	8	0	0	175	9882
SM00524	DWB	1.00000000000422	4.22367594357156e-12	8	0	0	175	9882
SM00861	Transket_pyr	1.00000000000422	4.22367594357156e-12	8	0	0	175	9882
SM00237	Calx_beta	1.00000000000422	4.22367594357156e-12	8	0	0	175	9882
SM00506	A1pp	1.00000000000422	4.22367594357156e-12	8	0	0	175	9882
SM00504	Ubox	1.00000000000422	4.22367594357156e-12	8	0	0	175	9882
SM00167	VPS9	1.00000000000422	4.22367594357156e-12	8	0	0	175	9882
SM00511	ORANGE	1.00000000000422	4.22367594357156e-12	8	0	0	175	9882
SM00166	UBX	1.00000000000422	4.22367594357156e-12	8	0	0	175	9882
SM01420	TRP_2	1.00000000000422	4.22367594357156e-12	8	0	0	175	9882
SM00884	Cullin_Nedd8	1.00000000000422	4.22367594357156e-12	8	0	0	175	9882
SM00468	PreSET	1.00000000000422	4.22367594357156e-12	8	0	0	175	9882
SM00577	CPDc	1.00000000000422	4.22367594357156e-12	8	0	0	175	9882
SM00154	ZnF_AN1	1.00000000000422	4.22367594357156e-12	8	0	0	175	9882
SM00330	PIPKc	1.00000000000422	4.22367594357156e-12	8	0	0	175	9882
SM00107	BTK	1.00000000000422	4.22367594357156e-12	8	0	0	175	9882
SM00357	CSP	1.00000000000422	4.22367594357156e-12	8	0	0	175	9882
SM00503	SynN	1.00000000000422	4.22367594357156e-12	8	0	0	175	9882
SM00288	VHS	1.00000000000422	4.22367594357156e-12	8	0	0	175	9882
SM00281	LamB	1.00000000000422	4.22367594357156e-12	8	0	0	175	9882
SM00562	NDK	1.00000000000422	4.22367594357156e-12	8	0	0	175	9882
SM01203	DUF3585	1.00000000000422	4.22367594357156e-12	8	0	0	175	9882
SM00329	BPI2	1.00000000000422	4.22367594357156e-12	8	0	0	175	9882
SM01025	BEN	1.00000000000422	4.22367594357156e-12	8	0	0	175	9882
SM01412	Pro-rich	1.00000000000422	4.22367594357156e-12	8	0	0	175	9882
SM00746	TRASH	1.00000000000422	4.22367594357156e-12	8	0	0	175	9882
