TermID	Term	Enrichment	logP	Genes in Term	Target Genes in Term	Fraction of Targets in Term	Total Target Genes	Total Genes	Entrez Gene IDs	Gene Symbols
SM00964	STAT_int	0.000108055162714332	-9.1328686953631	7	2	0.0869565217391304	23	9882	20846,20851	Stat1,Stat5b
SM00325	RhoGEF	0.00986041719892476	-4.61922679899856	65	2	0.0869565217391304	23	9882	545156,219140	Kalrn,Spata13
SM00602	VPS10	0.0115856095363903	-4.45799150820563	5	1	0.0434782608695652	23	9882	58178	Sorcs1
SM00464	LON	0.0138872730966274	-4.27678246282656	6	1	0.0434782608695652	23	9882	58799	Crbn
SM00200	SEA	0.018475229406683	-3.9913243950838	8	1	0.0434782608695652	23	9882	224224	Impg2
SM00078	IlGF	0.0207615439422793	-3.87465285243446	9	1	0.0434782608695652	23	9882	16333	Ins1
SM00034	CLECT	0.0318136744435663	-3.44785906767688	121	2	0.0869565217391304	23	9882	20343,76645	Sell,Pkd1l2
SM00666	PB1	0.0321169141377145	-3.43837246744184	14	1	0.0434782608695652	23	9882	21787	Tfg
SM00241	ZP	0.0321169141377145	-3.43837246744184	14	1	0.0434782608695652	23	9882	239852	Zpld1
SM00308	LH2	0.0411104139462351	-3.19149380888843	18	1	0.0434782608695652	23	9882	76645	Pkd1l2
SM00060	FN3	0.0464621760868485	-3.06911671487947	149	2	0.0869565217391304	23	9882	545156,320712	Kalrn,Abi3bp
SM00516	SEC14	0.0544509399214584	-2.91045516765007	24	1	0.0434782608695652	23	9882	545156	Kalrn
SM00150	SPEC	0.0632457962488331	-2.76072661605228	28	1	0.0434782608695652	23	9882	545156	Kalrn
SM00558	JmjC	0.0654322531874479	-2.72673997408257	29	1	0.0434782608695652	23	9882	66667	Hspbap1
SM00303	GPS	0.0654322531874479	-2.72673997408257	29	1	0.0434782608695652	23	9882	76645	Pkd1l2
SM00326	SH3	0.0754295028321261	-2.58455679625424	196	2	0.0869565217391304	23	9882	219140,545156	Spata13,Kalrn
SM00233	PH	0.115531906179408	-2.15820854319108	252	2	0.0869565217391304	23	9882	219140,545156	Spata13,Kalrn
SM00032	CCP	0.116466297713524	-2.15015333784148	53	1	0.0434782608695652	23	9882	20343	Sell
SM00365	LRR_SD22	0.118533779160817	-2.13255730281832	54	1	0.0434782608695652	23	9882	74201	Cep97
SM00407	IGc1	0.126757523137399	-2.06547928413102	58	1	0.0434782608695652	23	9882	12010	B2m
SM00324	RhoGAP	0.138955675471429	-1.97360027820547	64	1	0.0434782608695652	23	9882	12549	Arhgap31
SM00327	VWA	0.152980879311232	-1.87744233722135	71	1	0.0434782608695652	23	9882	74020	Cpne4
SM00252	SH2	0.212508309911733	-1.54877418591529	102	1	0.0434782608695652	23	9882	20851	Stat5b
SM00409	IG	0.219142571760633	-1.51803274837679	378	2	0.0869565217391304	23	9882	12506,545156	Cd48,Kalrn
SM00028	TPR	0.241644906291827	-1.42028595978005	118	1	0.0434782608695652	23	9882	74025	Nphp3
SM00239	C2	0.24699196416947	-1.39839947661024	121	1	0.0434782608695652	23	9882	74020	Cpne4
SM00174	RHO	0.250536614368016	-1.38415020399652	123	1	0.0434782608695652	23	9882	68939	Rasl11b
SM00173	RAS	0.264556264086582	-1.32970133164137	131	1	0.0434782608695652	23	9882	68939	Rasl11b
SM00175	RAB	0.293519776380141	-1.22581026079101	148	1	0.0434782608695652	23	9882	68939	Rasl11b
SM00360	RRM	0.374009081220423	-0.983475200524362	199	1	0.0434782608695652	23	9882	19017	Ppargc1a
SM00248	ANK	0.393077517467096	-0.933748441099855	212	1	0.0434782608695652	23	9882	80859	Nfkbiz
SM00408	IGc2	0.415784286744793	-0.877588694688863	228	1	0.0434782608695652	23	9882	545156	Kalrn
SM00220	S_TKc	0.573473823369963	-0.556042987098769	359	1	0.0434782608695652	23	9882	545156	Kalrn
SM00404	PTPc_motif	0.999999999966583	-3.34169080415137e-11	61	0	0	23	9882
SM00256	FBOX	0.999999999977012	-2.29882315248178e-11	53	0	0	23	9882
SM00013	LRRNT	0.999999999977012	-2.29882315248178e-11	53	0	0	23	9882
SM00647	IBR	0.999999999977499	-2.25006540550156e-11	14	0	0	23	9882
SM00294	4.1m	0.999999999977499	-2.25006540550156e-11	14	0	0	23	9882
SM00135	LY	0.999999999977499	-2.25006540550156e-11	14	0	0	23	9882
SM00445	LINK	0.999999999977499	-2.25006540550156e-11	14	0	0	23	9882
SM00234	START	0.999999999977499	-2.25006540550156e-11	14	0	0	23	9882
SM00198	SCP	0.999999999977499	-2.25006540550156e-11	14	0	0	23	9882
SM00829	PKS_ER	0.999999999977499	-2.25006540550156e-11	14	0	0	23	9882
SM00046	DAGKc	0.999999999977499	-2.25006540550156e-11	14	0	0	23	9882
SM00832	C8	0.999999999977499	-2.25006540550156e-11	14	0	0	23	9882
SM00615	EPH_lbd	0.999999999977499	-2.25006540550156e-11	14	0	0	23	9882
SM00502	BBC	0.999999999977499	-2.25006540550156e-11	14	0	0	23	9882
SM00561	MBT	0.999999999977589	-2.24112308182081e-11	9	0	0	23	9882
SM00145	PI3Ka	0.999999999977589	-2.24112308182081e-11	9	0	0	23	9882
SM01140	Drf_GBD	0.999999999977589	-2.24112308182081e-11	9	0	0	23	9882
SM00218	ZU5	0.999999999977589	-2.24112308182081e-11	9	0	0	23	9882
SM00674	CENPB	0.999999999977589	-2.24112308182081e-11	9	0	0	23	9882
SM00393	R3H	0.999999999977589	-2.24112308182081e-11	9	0	0	23	9882
SM00849	Lactamase_B	0.999999999977589	-2.24112308182081e-11	9	0	0	23	9882
SM00387	HATPase_c	0.999999999977589	-2.24112308182081e-11	9	0	0	23	9882
SM01349	TOG	0.999999999977589	-2.24112308182081e-11	9	0	0	23	9882
SM00652	eIF1a	0.999999999977589	-2.24112308182081e-11	9	0	0	23	9882
SM00348	IRF	0.999999999977589	-2.24112308182081e-11	9	0	0	23	9882
SM00085	PA2c	0.999999999977589	-2.24112308182081e-11	9	0	0	23	9882
SM01360	A2M	0.999999999977589	-2.24112308182081e-11	9	0	0	23	9882
SM00187	INB	0.999999999977589	-2.24112308182081e-11	9	0	0	23	9882
SM00114	CARD	0.999999999977589	-2.24112308182081e-11	9	0	0	23	9882
SM00537	DCX	0.999999999977589	-2.24112308182081e-11	9	0	0	23	9882
SM01359	A2M_N_2	0.999999999977589	-2.24112308182081e-11	9	0	0	23	9882
SM00273	ENTH	0.999999999977589	-2.24112308182081e-11	9	0	0	23	9882
SM00351	PAX	0.999999999977589	-2.24112308182081e-11	9	0	0	23	9882
SM01026	Beach	0.999999999977589	-2.24112308182081e-11	9	0	0	23	9882
SM00263	LYZ1	0.999999999977589	-2.24112308182081e-11	9	0	0	23	9882
SM00141	PDGF	0.999999999977589	-2.24112308182081e-11	9	0	0	23	9882
SM00545	JmjN	0.999999999977589	-2.24112308182081e-11	9	0	0	23	9882
SM00809	Alpha_adaptinC2	0.999999999977589	-2.24112308182081e-11	9	0	0	23	9882
SM00668	CTLH	0.999999999977589	-2.24112308182081e-11	9	0	0	23	9882
SM00727	STI1	0.999999999977589	-2.24112308182081e-11	9	0	0	23	9882
SM00316	S1	0.999999999977589	-2.24112308182081e-11	9	0	0	23	9882
SM00350	MCM	0.999999999977589	-2.24112308182081e-11	9	0	0	23	9882
SM01361	A2M_recep	0.999999999977589	-2.24112308182081e-11	9	0	0	23	9882
SM00855	PGAM	0.999999999977589	-2.24112308182081e-11	9	0	0	23	9882
SM01139	Drf_FH3	0.999999999977589	-2.24112308182081e-11	9	0	0	23	9882
SM00110	C1Q	0.999999999978124	-2.18759490174403e-11	29	0	0	23	9882
SM00451	ZnF_U1	0.999999999978124	-2.18759490174403e-11	29	0	0	23	9882
SM00235	ZnMc	0.999999999978124	-2.18759490174403e-11	29	0	0	23	9882
SM00314	RA	0.999999999978124	-2.18759490174403e-11	29	0	0	23	9882
SM00667	LisH	0.999999999978428	-2.15721381301664e-11	22	0	0	23	9882
SM00210	TSPN	0.999999999978428	-2.15721381301664e-11	22	0	0	23	9882
SM00186	FBG	0.999999999978428	-2.15721381301664e-11	22	0	0	23	9882
SM00343	ZnF_C2HC	0.999999999978428	-2.15721381301664e-11	22	0	0	23	9882
SM00240	FHA	0.999999999978428	-2.15721381301664e-11	22	0	0	23	9882
SM00513	SAP	0.999999999978428	-2.15721381301664e-11	22	0	0	23	9882
SM00442	FGF	0.999999999978428	-2.15721381301664e-11	22	0	0	23	9882
SM00487	DEXDc	0.999999999978939	-2.10606081633255e-11	108	0	0	23	9882
SM01381	7TM_GPCR_Srsx	0.999999999979567	-2.04328275237618e-11	186	0	0	23	9882
SM00682	G2F	0.999999999979667	-2.03326218158361e-11	3	0	0	23	9882
SM00183	NAT_PEP	0.999999999979667	-2.03326218158361e-11	3	0	0	23	9882
SM01260	LANC_like	0.999999999979667	-2.03326218158361e-11	3	0	0	23	9882
SM00712	PUR	0.999999999979667	-2.03326218158361e-11	3	0	0	23	9882
SM00960	Robl_LC7	0.999999999979667	-2.03326218158361e-11	3	0	0	23	9882
SM00735	ZM	0.999999999979667	-2.03326218158361e-11	3	0	0	23	9882
SM00265	BH4	0.999999999979667	-2.03326218158361e-11	3	0	0	23	9882
SM01146	DUF1086	0.999999999979667	-2.03326218158361e-11	3	0	0	23	9882
SM01276	M60-like	0.999999999979667	-2.03326218158361e-11	3	0	0	23	9882
SM01084	CKS	0.999999999979667	-2.03326218158361e-11	3	0	0	23	9882
SM00751	BSD	0.999999999979667	-2.03326218158361e-11	3	0	0	23	9882
SM00309	PAH	0.999999999979667	-2.03326218158361e-11	3	0	0	23	9882
SM00985	UBA_e1_C	0.999999999979667	-2.03326218158361e-11	3	0	0	23	9882
SM00363	S4	0.999999999979667	-2.03326218158361e-11	3	0	0	23	9882
SM00803	TAF	0.999999999979667	-2.03326218158361e-11	3	0	0	23	9882
SM01334	DUF3454	0.999999999979667	-2.03326218158361e-11	3	0	0	23	9882
SM00882	CoA_trans	0.999999999979667	-2.03326218158361e-11	3	0	0	23	9882
SM01369	Rb_C	0.999999999979667	-2.03326218158361e-11	3	0	0	23	9882
SM01073	CDC48_N	0.999999999979667	-2.03326218158361e-11	3	0	0	23	9882
SM00919	Malic_M	0.999999999979667	-2.03326218158361e-11	3	0	0	23	9882
SM00444	GYF	0.999999999979667	-2.03326218158361e-11	3	0	0	23	9882
SM00706	TECPR	0.999999999979667	-2.03326218158361e-11	3	0	0	23	9882
SM00650	rADc	0.999999999979667	-2.03326218158361e-11	3	0	0	23	9882
SM00758	PA14	0.999999999979667	-2.03326218158361e-11	3	0	0	23	9882
SM00002	PLP	0.999999999979667	-2.03326218158361e-11	3	0	0	23	9882
SM00962	SRP54	0.999999999979667	-2.03326218158361e-11	3	0	0	23	9882
SM00931	NOSIC	0.999999999979667	-2.03326218158361e-11	3	0	0	23	9882
SM01271	LSM14	0.999999999979667	-2.03326218158361e-11	3	0	0	23	9882
SM01424	HAP1_N	0.999999999979667	-2.03326218158361e-11	3	0	0	23	9882
SM01367	DUF3452	0.999999999979667	-2.03326218158361e-11	3	0	0	23	9882
SM00996	AdoHcyase	0.999999999979667	-2.03326218158361e-11	3	0	0	23	9882
SM00963	SRP54_N	0.999999999979667	-2.03326218158361e-11	3	0	0	23	9882
SM00151	SWIB	0.999999999979667	-2.03326218158361e-11	3	0	0	23	9882
SM00722	CASH	0.999999999979667	-2.03326218158361e-11	3	0	0	23	9882
SM00305	HintC	0.999999999979667	-2.03326218158361e-11	3	0	0	23	9882
SM00006	A4_EXTRA	0.999999999979667	-2.03326218158361e-11	3	0	0	23	9882
SM00113	CALCITONIN	0.999999999979667	-2.03326218158361e-11	3	0	0	23	9882
SM00341	HRDC	0.999999999979667	-2.03326218158361e-11	3	0	0	23	9882
SM01300	PEHE	0.999999999979667	-2.03326218158361e-11	3	0	0	23	9882
SM00482	POLAc	0.999999999979667	-2.03326218158361e-11	3	0	0	23	9882
SM01257	KRAP_IP3R_bind	0.999999999979667	-2.03326218158361e-11	3	0	0	23	9882
SM01176	DUF4208	0.999999999979667	-2.03326218158361e-11	3	0	0	23	9882
SM01246	Josephin	0.999999999979667	-2.03326218158361e-11	3	0	0	23	9882
SM00851	MGS	0.999999999979667	-2.03326218158361e-11	3	0	0	23	9882
SM00576	BTP	0.999999999979667	-2.03326218158361e-11	3	0	0	23	9882
SM00536	AXH	0.999999999979667	-2.03326218158361e-11	3	0	0	23	9882
SM01232	H2TH	0.999999999979667	-2.03326218158361e-11	3	0	0	23	9882
SM00704	ZnF_CDGSH	0.999999999979667	-2.03326218158361e-11	3	0	0	23	9882
SM00306	HintN	0.999999999979667	-2.03326218158361e-11	3	0	0	23	9882
SM00676	DM10	0.999999999979667	-2.03326218158361e-11	3	0	0	23	9882
SM01051	CAMSAP_CKK	0.999999999979667	-2.03326218158361e-11	3	0	0	23	9882
SM00311	PWI	0.999999999979667	-2.03326218158361e-11	3	0	0	23	9882
SM00143	PI3K_p85B	0.999999999979667	-2.03326218158361e-11	3	0	0	23	9882
SM01403	Ribosomal_S10	0.999999999979667	-2.03326218158361e-11	3	0	0	23	9882
SM01279	Matrilin_ccoil	0.999999999979667	-2.03326218158361e-11	3	0	0	23	9882
SM00272	END	0.999999999979667	-2.03326218158361e-11	3	0	0	23	9882
SM00438	ZnF_NFX	0.999999999979667	-2.03326218158361e-11	3	0	0	23	9882
SM00278	HhH1	0.999999999979667	-2.03326218158361e-11	3	0	0	23	9882
SM00473	PAN_AP	0.999999999979667	-2.03326218158361e-11	3	0	0	23	9882
SM00594	UAS	0.999999999979667	-2.03326218158361e-11	3	0	0	23	9882
SM00553	SEP	0.999999999979667	-2.03326218158361e-11	3	0	0	23	9882
SM00478	ENDO3c	0.999999999979667	-2.03326218158361e-11	3	0	0	23	9882
SM00300	ChSh	0.999999999979667	-2.03326218158361e-11	3	0	0	23	9882
SM01401	Sds3	0.999999999979667	-2.03326218158361e-11	3	0	0	23	9882
SM01065	CBM_2	0.999999999979667	-2.03326218158361e-11	3	0	0	23	9882
SM00916	L51_S25_CI-B8	0.999999999979667	-2.03326218158361e-11	3	0	0	23	9882
SM00773	WGR	0.999999999979667	-2.03326218158361e-11	3	0	0	23	9882
SM00997	AdoHcyase_NAD	0.999999999979667	-2.03326218158361e-11	3	0	0	23	9882
SM01305	RESP18	0.999999999979667	-2.03326218158361e-11	3	0	0	23	9882
SM01366	c-clamp	0.999999999979667	-2.03326218158361e-11	3	0	0	23	9882
SM00981	THUMP	0.999999999979667	-2.03326218158361e-11	3	0	0	23	9882
SM01199	FDF	0.999999999979667	-2.03326218158361e-11	3	0	0	23	9882
SM01274	malic	0.999999999979667	-2.03326218158361e-11	3	0	0	23	9882
SM01151	DUF1518	0.999999999979667	-2.03326218158361e-11	3	0	0	23	9882
SM00836	DALR_1	0.999999999979667	-2.03326218158361e-11	3	0	0	23	9882
SM01370	TAFII55_N	0.999999999979667	-2.03326218158361e-11	3	0	0	23	9882
SM01269	Lipid_DES	0.999999999979667	-2.03326218158361e-11	3	0	0	23	9882
SM01275	MamL-1	0.999999999979667	-2.03326218158361e-11	3	0	0	23	9882
SM00162	SAPA	0.999999999979667	-2.03326218158361e-11	3	0	0	23	9882
SM00663	RPOLA_N	0.999999999979667	-2.03326218158361e-11	3	0	0	23	9882
SM00057	FIMAC	0.999999999979667	-2.03326218158361e-11	3	0	0	23	9882
SM00090	RIO	0.999999999979667	-2.03326218158361e-11	3	0	0	23	9882
SM01212	Fib_alpha	0.999999999979667	-2.03326218158361e-11	3	0	0	23	9882
SM01200	FerA	0.999999999979667	-2.03326218158361e-11	3	0	0	23	9882
SM01368	RB_A	0.999999999979667	-2.03326218158361e-11	3	0	0	23	9882
SM01218	FoP_duplication	0.999999999979667	-2.03326218158361e-11	3	0	0	23	9882
SM01299	PIP49_N	0.999999999979667	-2.03326218158361e-11	3	0	0	23	9882
SM00736	CADG	0.999999999979667	-2.03326218158361e-11	3	0	0	23	9882
SM01083	Cir_N	0.999999999979667	-2.03326218158361e-11	3	0	0	23	9882
SM00672	CAP10	0.999999999979667	-2.03326218158361e-11	3	0	0	23	9882
SM01333	Tet_JBP	0.999999999979667	-2.03326218158361e-11	3	0	0	23	9882
SM00459	Sorb	0.999999999979667	-2.03326218158361e-11	3	0	0	23	9882
SM01147	DUF1087	0.999999999979667	-2.03326218158361e-11	3	0	0	23	9882
SM00369	LRR_TYP	0.999999999979801	-2.01994315572352e-11	175	0	0	23	9882
SM00382	AAA	0.999999999983183	-1.68166001249126e-11	137	0	0	23	9882
SM00050	DISIN	0.999999999983662	-1.63375718207725e-11	37	0	0	23	9882
SM00164	TBC	0.999999999983662	-1.63375718207725e-11	37	0	0	23	9882
SM00194	PTPc	0.999999999983662	-1.63375718207725e-11	37	0	0	23	9882
SM00322	KH	0.999999999983662	-1.63375718207725e-11	37	0	0	23	9882
SM00100	cNMP	0.999999999984496	-1.5503954873488e-11	31	0	0	23	9882
SM00165	UBA	0.999999999984496	-1.5503954873488e-11	31	0	0	23	9882
SM00630	Sema	0.999999999984496	-1.5503954873488e-11	31	0	0	23	9882
SM01418	Defensin_propep	0.999999999984496	-1.5503954873488e-11	31	0	0	23	9882
SM00184	RING	0.999999999985017	-1.49826136796682e-11	228	0	0	23	9882
SM00349	KRAB	0.999999999985524	-1.44759259451645e-11	291	0	0	23	9882
SM00082	LRRCT	0.999999999985594	-1.44060184773248e-11	75	0	0	23	9882
SM00042	CUB	0.999999999985936	-1.40637840812577e-11	50	0	0	23	9882
SM00368	LRR_RI	0.999999999986385	-1.36150309118737e-11	41	0	0	23	9882
SM00212	UBCc	0.999999999986385	-1.36150309118737e-11	41	0	0	23	9882
SM00177	ARF	0.999999999986385	-1.36150309118737e-11	41	0	0	23	9882
SM00185	ARM	0.999999999986385	-1.36150309118737e-11	41	0	0	23	9882
SM00129	KISc	0.999999999986385	-1.36150309118737e-11	41	0	0	23	9882
SM00147	RasGEF	0.999999999986511	-1.34885320408989e-11	28	0	0	23	9882
SM00202	SR	0.999999999986511	-1.34885320408989e-11	28	0	0	23	9882
SM00229	RasGEFN	0.999999999986511	-1.34885320408989e-11	28	0	0	23	9882
SM00414	H2A	0.999999999986511	-1.34885320408989e-11	28	0	0	23	9882
SM00356	ZnF_C3H1	0.999999999987203	-1.27968616582892e-11	46	0	0	23	9882
SM00093	SERPIN	0.99999999998784	-1.21603921629201e-11	62	0	0	23	9882
SM01289	PYRIN	0.999999999988563	-1.14370983700832e-11	27	0	0	23	9882
SM00005	DEATH	0.999999999988563	-1.14370983700832e-11	27	0	0	23	9882
SM00429	IPT	0.999999999988563	-1.14370983700832e-11	27	0	0	23	9882
SM00119	HECTc	0.999999999988563	-1.14370983700832e-11	27	0	0	23	9882
SM00178	SAR	0.999999999988563	-1.14370983700832e-11	27	0	0	23	9882
SM00361	RRM_1	0.99999999998937	-1.06299038993266e-11	24	0	0	23	9882
SM00008	HormR	0.99999999998937	-1.06299038993266e-11	24	0	0	23	9882
SM00120	HX	0.99999999998937	-1.06299038993266e-11	24	0	0	23	9882
SM01394	S_100	0.99999999998937	-1.06299038993266e-11	24	0	0	23	9882
SM00091	PAS	0.99999999998937	-1.06299038993266e-11	24	0	0	23	9882
SM00076	IFabd	0.99999999998937	-1.06299038993266e-11	24	0	0	23	9882
SM01411	Ephrin_rec_like	0.99999999998937	-1.06299038993266e-11	24	0	0	23	9882
SM01388	Mob1_phocein	0.999999999989438	-1.05617214895659e-11	7	0	0	23	9882
SM01243	IRF-3	0.999999999989438	-1.05617214895659e-11	7	0	0	23	9882
SM00258	SAND	0.999999999989438	-1.05617214895659e-11	7	0	0	23	9882
SM01328	zf-3CxxC	0.999999999989438	-1.05617214895659e-11	7	0	0	23	9882
SM00509	TFS2N	0.999999999989438	-1.05617214895659e-11	7	0	0	23	9882
SM01055	Cadherin_pro	0.999999999989438	-1.05617214895659e-11	7	0	0	23	9882
SM00182	CULLIN	0.999999999989438	-1.05617214895659e-11	7	0	0	23	9882
SM01109	CUT	0.999999999989438	-1.05617214895659e-11	7	0	0	23	9882
SM00546	CUE	0.999999999989438	-1.05617214895659e-11	7	0	0	23	9882
SM01062	Ca_chan_IQ	0.999999999989438	-1.05617214895659e-11	7	0	0	23	9882
SM00515	eIF5C	0.999999999989438	-1.05617214895659e-11	7	0	0	23	9882
SM00390	GoLoco	0.999999999989438	-1.05617214895659e-11	7	0	0	23	9882
SM00101	14_3_3	0.999999999989438	-1.05617214895659e-11	7	0	0	23	9882
SM00467	GS	0.999999999989438	-1.05617214895659e-11	7	0	0	23	9882
SM00822	PKS_KR	0.999999999989438	-1.05617214895659e-11	7	0	0	23	9882
SM00384	AT_hook	0.999999999989438	-1.05617214895659e-11	7	0	0	23	9882
SM00396	ZnF_UBR1	0.999999999989438	-1.05617214895659e-11	7	0	0	23	9882
SM00053	DYNc	0.999999999989438	-1.05617214895659e-11	7	0	0	23	9882
SM00250	PLEC	0.999999999989438	-1.05617214895659e-11	7	0	0	23	9882
SM00201	SO	0.999999999989438	-1.05617214895659e-11	7	0	0	23	9882
SM00065	GAF	0.999999999989438	-1.05617214895659e-11	7	0	0	23	9882
SM00077	ITAM	0.999999999989438	-1.05617214895659e-11	7	0	0	23	9882
SM01166	DUF1899	0.999999999989438	-1.05617214895659e-11	7	0	0	23	9882
SM01337	APC10	0.999999999989438	-1.05617214895659e-11	7	0	0	23	9882
SM01326	PTEN_C2	0.999999999989438	-1.05617214895659e-11	7	0	0	23	9882
SM00018	PD	0.999999999989438	-1.05617214895659e-11	7	0	0	23	9882
SM00455	RBD	0.999999999989438	-1.05617214895659e-11	7	0	0	23	9882
SM00729	Elp3	0.999999999989438	-1.05617214895659e-11	7	0	0	23	9882
SM00715	LA	0.999999999989438	-1.05617214895659e-11	7	0	0	23	9882
SM00692	DM3	0.999999999989438	-1.05617214895659e-11	7	0	0	23	9882
SM01167	DUF1900	0.999999999989438	-1.05617214895659e-11	7	0	0	23	9882
SM00104	ANATO	0.999999999989438	-1.05617214895659e-11	7	0	0	23	9882
SM00980	THAP	0.999999999989438	-1.05617214895659e-11	7	0	0	23	9882
SM00671	SEL1	0.999999999989438	-1.05617214895659e-11	7	0	0	23	9882
SM00707	RPEL	0.999999999989438	-1.05617214895659e-11	7	0	0	23	9882
SM00301	DM	0.999999999989438	-1.05617214895659e-11	7	0	0	23	9882
SM00004	NL	0.999999999989438	-1.05617214895659e-11	7	0	0	23	9882
SM00510	TFS2M	0.999999999989438	-1.05617214895659e-11	7	0	0	23	9882
SM00582	RPR	0.999999999989438	-1.05617214895659e-11	7	0	0	23	9882
SM00328	BPI1	0.999999999989438	-1.05617214895659e-11	7	0	0	23	9882
SM00243	GAS2	0.999999999989438	-1.05617214895659e-11	7	0	0	23	9882
SM00389	HOX	0.999999999989547	-1.04526795001104e-11	252	0	0	23	9882
SM00320	WD40	0.999999999990383	-9.61685248057722e-12	256	0	0	23	9882
SM00458	RICIN	0.999999999990395	-9.60449407099687e-12	23	0	0	23	9882
SM00645	Pept_C1	0.999999999990395	-9.60449407099687e-12	23	0	0	23	9882
SM00450	RHOD	0.999999999990395	-9.60449407099687e-12	23	0	0	23	9882
SM00208	TNFR	0.999999999990395	-9.60449407099687e-12	23	0	0	23	9882
SM00092	RNAse_Pc	0.999999999990395	-9.60449407099687e-12	23	0	0	23	9882
SM00105	ArfGap	0.999999999990395	-9.60449407099687e-12	23	0	0	23	9882
SM00255	TIR	0.999999999990395	-9.60449407099687e-12	23	0	0	23	9882
SM00471	HDc	0.999999999990395	-9.60449407099687e-12	23	0	0	23	9882
SM00612	Kelch	0.999999999990553	-9.44740189636558e-12	55	0	0	23	9882
SM00112	CA	0.999999999990708	-9.29230955321505e-12	117	0	0	23	9882
SM00192	LDLa	0.999999999990931	-9.06856756027296e-12	44	0	0	23	9882
SM00720	calpain_III	0.999999999990976	-9.02400058880767e-12	11	0	0	23	9882
SM00274	FOLN	0.999999999990976	-9.02400058880767e-12	11	0	0	23	9882
SM00439	BAH	0.999999999990976	-9.02400058880767e-12	11	0	0	23	9882
SM00386	HAT	0.999999999990976	-9.02400058880767e-12	11	0	0	23	9882
SM00461	WH1	0.999999999990976	-9.02400058880767e-12	11	0	0	23	9882
SM00238	BIR	0.999999999990976	-9.02400058880767e-12	11	0	0	23	9882
SM00027	EH	0.999999999990976	-9.02400058880767e-12	11	0	0	23	9882
SM01330	Frizzled	0.999999999990976	-9.02400058880767e-12	11	0	0	23	9882
SM00038	COLFI	0.999999999990976	-9.02400058880767e-12	11	0	0	23	9882
SM00096	UTG	0.999999999990976	-9.02400058880767e-12	11	0	0	23	9882
SM00508	PostSET	0.999999999990976	-9.02400058880767e-12	11	0	0	23	9882
SM00276	GLECT	0.999999999990976	-9.02400058880767e-12	11	0	0	23	9882
SM00460	TGc	0.999999999990976	-9.02400058880767e-12	11	0	0	23	9882
SM00115	CASc	0.999999999990976	-9.02400058880767e-12	11	0	0	23	9882
SM00015	IQ	0.999999999991013	-8.98697689675124e-12	52	0	0	23	9882
SM00103	ALBUMIN	0.999999999991236	-8.76392343047038e-12	5	0	0	23	9882
SM00664	DoH	0.999999999991236	-8.76392343047038e-12	5	0	0	23	9882
SM00533	MUTSd	0.999999999991236	-8.76392343047038e-12	5	0	0	23	9882
SM00991	WHEP-TRS	0.999999999991236	-8.76392343047038e-12	5	0	0	23	9882
SM00572	DZF	0.999999999991236	-8.76392343047038e-12	5	0	0	23	9882
SM00879	Brix	0.999999999991236	-8.76392343047038e-12	5	0	0	23	9882
SM00571	DDT	0.999999999991236	-8.76392343047038e-12	5	0	0	23	9882
SM01015	Arfaptin	0.999999999991236	-8.76392343047038e-12	5	0	0	23	9882
SM01163	DUF1785	0.999999999991236	-8.76392343047038e-12	5	0	0	23	9882
SM00584	TLDc	0.999999999991236	-8.76392343047038e-12	5	0	0	23	9882
SM00540	LEM	0.999999999991236	-8.76392343047038e-12	5	0	0	23	9882
SM01270	Longin	0.999999999991236	-8.76392343047038e-12	5	0	0	23	9882
SM00331	PP2C_SIG	0.999999999991236	-8.76392343047038e-12	5	0	0	23	9882
SM00765	MANEC	0.999999999991236	-8.76392343047038e-12	5	0	0	23	9882
SM00739	KOW	0.999999999991236	-8.76392343047038e-12	5	0	0	23	9882
SM00570	AWS	0.999999999991236	-8.76392343047038e-12	5	0	0	23	9882
SM00264	BAG	0.999999999991236	-8.76392343047038e-12	5	0	0	23	9882
SM00428	H3	0.999999999991236	-8.76392343047038e-12	5	0	0	23	9882
SM01041	BRO1	0.999999999991236	-8.76392343047038e-12	5	0	0	23	9882
SM01092	CO_deh_flav_C	0.999999999991236	-8.76392343047038e-12	5	0	0	23	9882
SM00446	LRRcap	0.999999999991236	-8.76392343047038e-12	5	0	0	23	9882
SM00614	ZnF_BED	0.999999999991236	-8.76392343047038e-12	5	0	0	23	9882
SM00642	Aamy	0.999999999991236	-8.76392343047038e-12	5	0	0	23	9882
SM00160	RanBD	0.999999999991236	-8.76392343047038e-12	5	0	0	23	9882
SM01408	ING	0.999999999991236	-8.76392343047038e-12	5	0	0	23	9882
SM00892	Endonuclease_NS	0.999999999991236	-8.76392343047038e-12	5	0	0	23	9882
SM00549	TAFH	0.999999999991236	-8.76392343047038e-12	5	0	0	23	9882
SM01202	FerI	0.999999999991236	-8.76392343047038e-12	5	0	0	23	9882
SM00733	Mterf	0.999999999991236	-8.76392343047038e-12	5	0	0	23	9882
SM01201	FerB	0.999999999991236	-8.76392343047038e-12	5	0	0	23	9882
SM00891	ERCC4	0.999999999991236	-8.76392343047038e-12	5	0	0	23	9882
SM00580	PUG	0.999999999991236	-8.76392343047038e-12	5	0	0	23	9882
SM01175	DUF4206	0.999999999991236	-8.76392343047038e-12	5	0	0	23	9882
SM00534	MUTSac	0.999999999991236	-8.76392343047038e-12	5	0	0	23	9882
SM00089	PKD	0.999999999991236	-8.76392343047038e-12	5	0	0	23	9882
SM00838	EFG_C	0.999999999991236	-8.76392343047038e-12	5	0	0	23	9882
SM00878	Biotin_carb_C	0.999999999991236	-8.76392343047038e-12	5	0	0	23	9882
SM00321	WSC	0.999999999991236	-8.76392343047038e-12	5	0	0	23	9882
SM00872	Alpha-mann_mid	0.999999999991236	-8.76392343047038e-12	5	0	0	23	9882
SM01145	DUF1041	0.999999999991236	-8.76392343047038e-12	5	0	0	23	9882
SM00266	CAD	0.999999999991236	-8.76392343047038e-12	5	0	0	23	9882
SM01008	Ald_Xan_dh_C	0.999999999991236	-8.76392343047038e-12	5	0	0	23	9882
SM00741	SapB	0.999999999991236	-8.76392343047038e-12	5	0	0	23	9882
SM00539	NIDO	0.999999999991236	-8.76392343047038e-12	5	0	0	23	9882
SM00588	NEUZ	0.999999999991236	-8.76392343047038e-12	5	0	0	23	9882
SM00673	CARP	0.999999999991236	-8.76392343047038e-12	5	0	0	23	9882
SM00678	WWE	0.999999999991236	-8.76392343047038e-12	5	0	0	23	9882
SM00156	PP2Ac	0.999999999991242	-8.75816006774348e-12	13	0	0	23	9882
SM01189	ELM2	0.999999999991242	-8.75816006774348e-12	13	0	0	23	9882
SM00479	EXOIII	0.999999999991242	-8.75816006774348e-12	13	0	0	23	9882
SM00457	MACPF	0.999999999991242	-8.75816006774348e-12	13	0	0	23	9882
SM00526	H15	0.999999999991242	-8.75816006774348e-12	13	0	0	23	9882
SM00698	MORN	0.999999999991242	-8.75816006774348e-12	13	0	0	23	9882
SM00036	CNH	0.999999999991242	-8.75816006774348e-12	13	0	0	23	9882
SM00059	FN2	0.999999999991242	-8.75816006774348e-12	13	0	0	23	9882
SM00230	CysPc	0.999999999991242	-8.75816006774348e-12	13	0	0	23	9882
SM00569	L27	0.999999999991242	-8.75816006774348e-12	13	0	0	23	9882
SM01195	FA	0.999999999991242	-8.75816006774348e-12	13	0	0	23	9882
SM00427	H2B	0.999999999991242	-8.75816006774348e-12	13	0	0	23	9882
SM00323	RasGAP	0.999999999991242	-8.75816006774348e-12	13	0	0	23	9882
SM00744	RINGv	0.999999999991283	-8.7169830430151e-12	17	0	0	23	9882
SM00211	TY	0.999999999991283	-8.7169830430151e-12	17	0	0	23	9882
SM00563	PlsC	0.999999999991283	-8.7169830430151e-12	17	0	0	23	9882
SM01224	G_gamma	0.999999999991283	-8.7169830430151e-12	17	0	0	23	9882
SM00216	VWD	0.999999999991283	-8.7169830430151e-12	17	0	0	23	9882
SM00247	XTALbg	0.999999999991283	-8.7169830430151e-12	17	0	0	23	9882
SM00137	MAM	0.999999999991283	-8.7169830430151e-12	17	0	0	23	9882
SM00261	FU	0.999999999991283	-8.7169830430151e-12	17	0	0	23	9882
SM00224	GGL	0.999999999991283	-8.7169830430151e-12	17	0	0	23	9882
SM00061	MATH	0.999999999991283	-8.7169830430151e-12	17	0	0	23	9882
SM00631	Zn_pept	0.999999999991283	-8.7169830430151e-12	17	0	0	23	9882
SM00425	TBOX	0.999999999991283	-8.7169830430151e-12	17	0	0	23	9882
SM01332	Cyclin_C	0.999999999991283	-8.7169830430151e-12	17	0	0	23	9882
SM00406	IGv	0.999999999992166	-7.83389646300677e-12	81	0	0	23	9882
SM00219	TyrKc	0.999999999992166	-7.83389646300677e-12	81	0	0	23	9882
SM01391	Filament	0.999999999992349	-7.65076513162482e-12	71	0	0	23	9882
SM00199	SCY	0.999999999992425	-7.57510818148743e-12	35	0	0	23	9882
SM00180	EGF_Lam	0.999999999992425	-7.57510818148743e-12	35	0	0	23	9882
SM00204	TGFB	0.999999999992425	-7.57510818148743e-12	35	0	0	23	9882
SM00969	SOCS_box	0.999999999992425	-7.57510818148743e-12	35	0	0	23	9882
SM00449	SPRY	0.999999999992782	-7.21792730769668e-12	74	0	0	23	9882
SM00465	GIYc	0.999999999992812	-7.1884533915656e-12	1	0	0	23	9882
SM00226	LMWPc	0.999999999992812	-7.1884533915656e-12	1	0	0	23	9882
SM00538	POP4	0.999999999992812	-7.1884533915656e-12	1	0	0	23	9882
SM01356	AP4E_app_platf	0.999999999992812	-7.1884533915656e-12	1	0	0	23	9882
SM01310	RICTOR_V	0.999999999992812	-7.1884533915656e-12	1	0	0	23	9882
SM01308	RICTOR_N	0.999999999992812	-7.1884533915656e-12	1	0	0	23	9882
SM01379	GAGE	0.999999999992812	-7.1884533915656e-12	1	0	0	23	9882
SM00845	GatB_Yqey	0.999999999992812	-7.1884533915656e-12	1	0	0	23	9882
SM01303	RasGEF_N_2	0.999999999992812	-7.1884533915656e-12	1	0	0	23	9882
SM00277	GRAN	0.999999999992812	-7.1884533915656e-12	1	0	0	23	9882
SM00874	B5	0.999999999992812	-7.1884533915656e-12	1	0	0	23	9882
SM01024	BCS1_N	0.999999999992812	-7.1884533915656e-12	1	0	0	23	9882
SM01031	BHD_2	0.999999999992812	-7.1884533915656e-12	1	0	0	23	9882
SM01214	Fmp27_GFWDK	0.999999999992812	-7.1884533915656e-12	1	0	0	23	9882
SM00683	DM16	0.999999999992812	-7.1884533915656e-12	1	0	0	23	9882
SM00987	UreE_C	0.999999999992812	-7.1884533915656e-12	1	0	0	23	9882
SM01133	DeoC	0.999999999992812	-7.1884533915656e-12	1	0	0	23	9882
SM01364	NPP	0.999999999992812	-7.1884533915656e-12	1	0	0	23	9882
SM01395	Tbf5	0.999999999992812	-7.1884533915656e-12	1	0	0	23	9882
SM01302	Raptor_N	0.999999999992812	-7.1884533915656e-12	1	0	0	23	9882
SM01347	Mre11_DNA_bind	0.999999999992812	-7.1884533915656e-12	1	0	0	23	9882
SM00780	PIG-X	0.999999999992812	-7.1884533915656e-12	1	0	0	23	9882
SM01071	CDC37_N	0.999999999992812	-7.1884533915656e-12	1	0	0	23	9882
SM01129	DELLA	0.999999999992812	-7.1884533915656e-12	1	0	0	23	9882
SM01173	DUF4187	0.999999999992812	-7.1884533915656e-12	1	0	0	23	9882
SM01414	P68HR	0.999999999992812	-7.1884533915656e-12	1	0	0	23	9882
SM01004	ALAD	0.999999999992812	-7.1884533915656e-12	1	0	0	23	9882
SM01168	DUF1907	0.999999999992812	-7.1884533915656e-12	1	0	0	23	9882
SM00752	HTTM	0.999999999992812	-7.1884533915656e-12	1	0	0	23	9882
SM01285	FACT-Spt16_Nlob	0.999999999992812	-7.1884533915656e-12	1	0	0	23	9882
SM00883	Cpn10	0.999999999992812	-7.1884533915656e-12	1	0	0	23	9882
SM00023	COLIPASE	0.999999999992812	-7.1884533915656e-12	1	0	0	23	9882
SM01350	6PGD	0.999999999992812	-7.1884533915656e-12	1	0	0	23	9882
SM01155	DUF1713	0.999999999992812	-7.1884533915656e-12	1	0	0	23	9882
SM01397	Ribosomal_S3Ae	0.999999999992812	-7.1884533915656e-12	1	0	0	23	9882
SM00839	ELFV_dehydrog	0.999999999992812	-7.1884533915656e-12	1	0	0	23	9882
SM00823	PKS_PP	0.999999999992812	-7.1884533915656e-12	1	0	0	23	9882
SM01032	BHD_3	0.999999999992812	-7.1884533915656e-12	1	0	0	23	9882
SM01405	Ribosomal_S6e	0.999999999992812	-7.1884533915656e-12	1	0	0	23	9882
SM00941	PYNP_C	0.999999999992812	-7.1884533915656e-12	1	0	0	23	9882
SM01254	KLRAQ	0.999999999992812	-7.1884533915656e-12	1	0	0	23	9882
SM00998	ADSL_C	0.999999999992812	-7.1884533915656e-12	1	0	0	23	9882
SM01219	Frataxin_Cyay	0.999999999992812	-7.1884533915656e-12	1	0	0	23	9882
SM00802	UME	0.999999999992812	-7.1884533915656e-12	1	0	0	23	9882
SM01033	BING4CT	0.999999999992812	-7.1884533915656e-12	1	0	0	23	9882
SM01124	DBR1	0.999999999992812	-7.1884533915656e-12	1	0	0	23	9882
SM01162	DUF1771	0.999999999992812	-7.1884533915656e-12	1	0	0	23	9882
SM01335	PADR1	0.999999999992812	-7.1884533915656e-12	1	0	0	23	9882
SM01262	LAMTOR	0.999999999992812	-7.1884533915656e-12	1	0	0	23	9882
SM01087	COG6	0.999999999992812	-7.1884533915656e-12	1	0	0	23	9882
SM01404	CIMR	0.999999999992812	-7.1884533915656e-12	1	0	0	23	9882
SM01344	NUC194	0.999999999992812	-7.1884533915656e-12	1	0	0	23	9882
SM01204	FIST_C	0.999999999992812	-7.1884533915656e-12	1	0	0	23	9882
SM00904	Flavokinase	0.999999999992812	-7.1884533915656e-12	1	0	0	23	9882
SM00613	PAW	0.999999999992812	-7.1884533915656e-12	1	0	0	23	9882
SM01284	ECSIT_Cterm	0.999999999992812	-7.1884533915656e-12	1	0	0	23	9882
SM01296	N2227	0.999999999992812	-7.1884533915656e-12	1	0	0	23	9882
SM00984	UDPG_MGDP_dh_C	0.999999999992812	-7.1884533915656e-12	1	0	0	23	9882
SM01036	BP28CT	0.999999999992812	-7.1884533915656e-12	1	0	0	23	9882
SM00703	NRF	0.999999999992812	-7.1884533915656e-12	1	0	0	23	9882
SM01060	Catalase	0.999999999992812	-7.1884533915656e-12	1	0	0	23	9882
SM00858	SAF	0.999999999992812	-7.1884533915656e-12	1	0	0	23	9882
SM00026	EPEND	0.999999999992812	-7.1884533915656e-12	1	0	0	23	9882
SM01125	DCP2	0.999999999992812	-7.1884533915656e-12	1	0	0	23	9882
SM00530	HTH_XRE	0.999999999992812	-7.1884533915656e-12	1	0	0	23	9882
SM00245	TSPc	0.999999999992812	-7.1884533915656e-12	1	0	0	23	9882
SM01380	Ribosomal_L31e	0.999999999992812	-7.1884533915656e-12	1	0	0	23	9882
SM00826	PKS_DH	0.999999999992812	-7.1884533915656e-12	1	0	0	23	9882
SM00929	NADH-G_4Fe-4S_3	0.999999999992812	-7.1884533915656e-12	1	0	0	23	9882
SM01409	RNA_pol_Rpb6	0.999999999992812	-7.1884533915656e-12	1	0	0	23	9882
SM01273	Mago-bind	0.999999999992812	-7.1884533915656e-12	1	0	0	23	9882
SM01098	CPSF73-100_C	0.999999999992812	-7.1884533915656e-12	1	0	0	23	9882
SM01136	DKCLD	0.999999999992812	-7.1884533915656e-12	1	0	0	23	9882
SM00035	CLa	0.999999999992812	-7.1884533915656e-12	1	0	0	23	9882
SM00658	RPOL8c	0.999999999992812	-7.1884533915656e-12	1	0	0	23	9882
SM01352	APCDDC	0.999999999992812	-7.1884533915656e-12	1	0	0	23	9882
SM00067	GHA	0.999999999992812	-7.1884533915656e-12	1	0	0	23	9882
SM01159	DUF1744	0.999999999992812	-7.1884533915656e-12	1	0	0	23	9882
SM01209	GARS_A	0.999999999992812	-7.1884533915656e-12	1	0	0	23	9882
SM00990	VRR_NUC	0.999999999992812	-7.1884533915656e-12	1	0	0	23	9882
SM01278	MAPKK1_Int	0.999999999992812	-7.1884533915656e-12	1	0	0	23	9882
SM01030	BHD_1	0.999999999992812	-7.1884533915656e-12	1	0	0	23	9882
SM01191	ENT	0.999999999992812	-7.1884533915656e-12	1	0	0	23	9882
SM00946	ProRS-C_1	0.999999999992812	-7.1884533915656e-12	1	0	0	23	9882
SM00818	Amelogenin	0.999999999992812	-7.1884533915656e-12	1	0	0	23	9882
SM01353	AIF_C	0.999999999992812	-7.1884533915656e-12	1	0	0	23	9882
SM01148	DUF1220	0.999999999992812	-7.1884533915656e-12	1	0	0	23	9882
SM01085	CK_II_beta	0.999999999992812	-7.1884533915656e-12	1	0	0	23	9882
SM00507	HNHc	0.999999999992812	-7.1884533915656e-12	1	0	0	23	9882
SM01311	RPOL_N	0.999999999992812	-7.1884533915656e-12	1	0	0	23	9882
SM00203	TK	0.999999999992812	-7.1884533915656e-12	1	0	0	23	9882
SM01261	Thymopoietin	0.999999999992812	-7.1884533915656e-12	1	0	0	23	9882
SM01160	DUF1751	0.999999999992812	-7.1884533915656e-12	1	0	0	23	9882
SM01386	Ribosomal_S13_N	0.999999999992812	-7.1884533915656e-12	1	0	0	23	9882
SM00932	Nfu_N	0.999999999992812	-7.1884533915656e-12	1	0	0	23	9882
SM01365	Op_neuropeptide	0.999999999992812	-7.1884533915656e-12	1	0	0	23	9882
SM01306	RFX5_DNA_bdg	0.999999999992812	-7.1884533915656e-12	1	0	0	23	9882
SM01377	Ribosomal_L40e	0.999999999992812	-7.1884533915656e-12	1	0	0	23	9882
SM00983	TPK_B1_binding	0.999999999992812	-7.1884533915656e-12	1	0	0	23	9882
SM00659	RPOLCX	0.999999999992812	-7.1884533915656e-12	1	0	0	23	9882
SM01348	Nbs1_C	0.999999999992812	-7.1884533915656e-12	1	0	0	23	9882
SM00928	NADH_4Fe-4S	0.999999999992812	-7.1884533915656e-12	1	0	0	23	9882
SM01018	B12-binding_2	0.999999999992812	-7.1884533915656e-12	1	0	0	23	9882
SM00784	SPT2	0.999999999992812	-7.1884533915656e-12	1	0	0	23	9882
SM00805	AGTRAP	0.999999999992812	-7.1884533915656e-12	1	0	0	23	9882
SM01228	GIDA_assoc_3	0.999999999992812	-7.1884533915656e-12	1	0	0	23	9882
SM01158	DUF1741	0.999999999992812	-7.1884533915656e-12	1	0	0	23	9882
SM00762	Cog4	0.999999999992812	-7.1884533915656e-12	1	0	0	23	9882
SM01013	APC2	0.999999999992812	-7.1884533915656e-12	1	0	0	23	9882
SM00910	HIRAN	0.999999999992812	-7.1884533915656e-12	1	0	0	23	9882
SM01223	FTO_NTD	0.999999999992812	-7.1884533915656e-12	1	0	0	23	9882
SM01186	eIF3_N	0.999999999992812	-7.1884533915656e-12	1	0	0	23	9882
SM01210	GARS_C	0.999999999992812	-7.1884533915656e-12	1	0	0	23	9882
SM00731	SprT	0.999999999992812	-7.1884533915656e-12	1	0	0	23	9882
SM00030	CLb	0.999999999992812	-7.1884533915656e-12	1	0	0	23	9882
SM00898	Fapy_DNA_glyco	0.999999999992812	-7.1884533915656e-12	1	0	0	23	9882
SM01075	CDT1	0.999999999992812	-7.1884533915656e-12	1	0	0	23	9882
SM00870	Asparaginase	0.999999999992812	-7.1884533915656e-12	1	0	0	23	9882
SM01152	DUF167	0.999999999992812	-7.1884533915656e-12	1	0	0	23	9882
SM01422	SARA	0.999999999992812	-7.1884533915656e-12	1	0	0	23	9882
SM01295	K167R	0.999999999992812	-7.1884533915656e-12	1	0	0	23	9882
SM01222	FTCD_N	0.999999999992812	-7.1884533915656e-12	1	0	0	23	9882
SM00127	IL7	0.999999999992812	-7.1884533915656e-12	1	0	0	23	9882
SM01307	RICTOR_M	0.999999999992812	-7.1884533915656e-12	1	0	0	23	9882
SM00995	AD	0.999999999992812	-7.1884533915656e-12	1	0	0	23	9882
SM01342	TAN	0.999999999992812	-7.1884533915656e-12	1	0	0	23	9882
SM01035	BOP1NT	0.999999999992812	-7.1884533915656e-12	1	0	0	23	9882
SM01402	Ribosomal_S27	0.999999999992812	-7.1884533915656e-12	1	0	0	23	9882
SM01044	Btz	0.999999999992812	-7.1884533915656e-12	1	0	0	23	9882
SM01264	M16C_associated	0.999999999992812	-7.1884533915656e-12	1	0	0	23	9882
SM00019	SF_P	0.999999999992812	-7.1884533915656e-12	1	0	0	23	9882
SM01221	FTCD	0.999999999992812	-7.1884533915656e-12	1	0	0	23	9882
SM00318	SNc	0.999999999992812	-7.1884533915656e-12	1	0	0	23	9882
SM00934	OMPdecase	0.999999999992812	-7.1884533915656e-12	1	0	0	23	9882
SM01341	Tower	0.999999999992812	-7.1884533915656e-12	1	0	0	23	9882
SM00463	SMR	0.999999999992812	-7.1884533915656e-12	1	0	0	23	9882
SM00567	EZ_HEAT	0.999999999992812	-7.1884533915656e-12	1	0	0	23	9882
SM01120	Dak2	0.999999999992812	-7.1884533915656e-12	1	0	0	23	9882
SM01077	Cg6151-P	0.999999999992812	-7.1884533915656e-12	1	0	0	23	9882
SM00654	eIF6	0.999999999992812	-7.1884533915656e-12	1	0	0	23	9882
SM01416	Ribosomal_L19e	0.999999999992812	-7.1884533915656e-12	1	0	0	23	9882
SM00709	Zpr1	0.999999999992812	-7.1884533915656e-12	1	0	0	23	9882
SM01297	KAP	0.999999999992812	-7.1884533915656e-12	1	0	0	23	9882
SM00738	NGN	0.999999999992812	-7.1884533915656e-12	1	0	0	23	9882
SM01180	DWNN	0.999999999992812	-7.1884533915656e-12	1	0	0	23	9882
SM00535	RIBOc	0.999999999992812	-7.1884533915656e-12	1	0	0	23	9882
SM01385	DSS1_SEM1	0.999999999992812	-7.1884533915656e-12	1	0	0	23	9882
SM01118	CYTH	0.999999999992812	-7.1884533915656e-12	1	0	0	23	9882
SM01135	DIRP	0.999999999992812	-7.1884533915656e-12	1	0	0	23	9882
SM00859	Semialdhyde_dh	0.999999999992812	-7.1884533915656e-12	1	0	0	23	9882
SM01393	Ribosomal_L32e	0.999999999992812	-7.1884533915656e-12	1	0	0	23	9882
SM01354	BLVR	0.999999999992812	-7.1884533915656e-12	1	0	0	23	9882
SM00417	H4	0.999999999992812	-7.1884533915656e-12	1	0	0	23	9882
SM01047	C1_4	0.999999999992812	-7.1884533915656e-12	1	0	0	23	9882
SM00748	HEPN	0.999999999992812	-7.1884533915656e-12	1	0	0	23	9882
SM00975	Telomerase_RBD	0.999999999992812	-7.1884533915656e-12	1	0	0	23	9882
SM01396	BC10	0.999999999992812	-7.1884533915656e-12	1	0	0	23	9882
SM00521	CBF	0.999999999992812	-7.1884533915656e-12	1	0	0	23	9882
SM01384	Ribosomal_L15e	0.999999999992812	-7.1884533915656e-12	1	0	0	23	9882
SM00470	ParB	0.999999999992812	-7.1884533915656e-12	1	0	0	23	9882
SM01169	DUF1943	0.999999999992812	-7.1884533915656e-12	1	0	0	23	9882
SM01082	CHZ	0.999999999992812	-7.1884533915656e-12	1	0	0	23	9882
SM01331	DUF3635	0.999999999992812	-7.1884533915656e-12	1	0	0	23	9882
SM00944	Pro-kuma_activ	0.999999999992812	-7.1884533915656e-12	1	0	0	23	9882
SM00254	ShKT	0.999999999992812	-7.1884533915656e-12	1	0	0	23	9882
SM00743	Agenet	0.999999999992812	-7.1884533915656e-12	1	0	0	23	9882
SM01413	Ribosomal_S19e	0.999999999992812	-7.1884533915656e-12	1	0	0	23	9882
SM01280	Mcm10	0.999999999992812	-7.1884533915656e-12	1	0	0	23	9882
SM01197	FANCL_C	0.999999999992812	-7.1884533915656e-12	1	0	0	23	9882
SM01181	E2_bind	0.999999999992812	-7.1884533915656e-12	1	0	0	23	9882
SM01363	ACTH_domain	0.999999999992812	-7.1884533915656e-12	1	0	0	23	9882
SM01220	FSA_C	0.999999999992812	-7.1884533915656e-12	1	0	0	23	9882
SM00684	DM15	0.999999999992812	-7.1884533915656e-12	1	0	0	23	9882
SM01309	RICTOR_phospho	0.999999999992812	-7.1884533915656e-12	1	0	0	23	9882
SM01378	Romo1	0.999999999992812	-7.1884533915656e-12	1	0	0	23	9882
SM00071	Galanin	0.999999999992812	-7.1884533915656e-12	1	0	0	23	9882
SM00017	OSTEO	0.999999999992812	-7.1884533915656e-12	1	0	0	23	9882
SM00084	NMU	0.999999999992812	-7.1884533915656e-12	1	0	0	23	9882
SM00157	PRP	0.999999999992812	-7.1884533915656e-12	1	0	0	23	9882
SM01102	CRM1_C	0.999999999992812	-7.1884533915656e-12	1	0	0	23	9882
SM00189	IL2	0.999999999992812	-7.1884533915656e-12	1	0	0	23	9882
SM00817	Amelin	0.999999999992812	-7.1884533915656e-12	1	0	0	23	9882
SM01069	CDC37_C	0.999999999992812	-7.1884533915656e-12	1	0	0	23	9882
SM01156	DUF1716	0.999999999992812	-7.1884533915656e-12	1	0	0	23	9882
SM01286	SPT16	0.999999999992812	-7.1884533915656e-12	1	0	0	23	9882
SM01123	DBP10CT	0.999999999992812	-7.1884533915656e-12	1	0	0	23	9882
SM00986	UDG	0.999999999992812	-7.1884533915656e-12	1	0	0	23	9882
SM01211	GATase_5	0.999999999992812	-7.1884533915656e-12	1	0	0	23	9882
SM01001	AIRC	0.999999999992812	-7.1884533915656e-12	1	0	0	23	9882
SM01128	DDRGK	0.999999999992812	-7.1884533915656e-12	1	0	0	23	9882
SM00040	CSF2	0.999999999992812	-7.1884533915656e-12	1	0	0	23	9882
SM01253	Kin17_mid	0.999999999992812	-7.1884533915656e-12	1	0	0	23	9882
SM00719	Plus3	0.999999999992812	-7.1884533915656e-12	1	0	0	23	9882
SM01183	EF1G	0.999999999992812	-7.1884533915656e-12	1	0	0	23	9882
SM00754	CHRD	0.999999999992812	-7.1884533915656e-12	1	0	0	23	9882
SM01406	PAPA-1	0.999999999992812	-7.1884533915656e-12	1	0	0	23	9882
SM01016	Arg_tRNA_synt_N	0.999999999992812	-7.1884533915656e-12	1	0	0	23	9882
SM01346	DUF3385	0.999999999992812	-7.1884533915656e-12	1	0	0	23	9882
SM00798	AICARFT_IMPCHas	0.999999999992812	-7.1884533915656e-12	1	0	0	23	9882
SM00295	B41	0.999999999992991	-7.00925779860209e-12	47	0	0	23	9882
SM00456	WW	0.999999999992991	-7.00925779860209e-12	47	0	0	23	9882
SM00399	ZnF_C4	0.999999999992991	-7.00925779860209e-12	47	0	0	23	9882
SM00271	DnaJ	0.999999999992991	-7.00925779860209e-12	47	0	0	23	9882
SM00355	ZnF_C2H2	0.999999999993702	-6.29793119797786e-12	620	0	0	23	9882
SM00020	Tryp_SPc	0.999999999993708	-6.29177294913056e-12	153	0	0	23	9882
SM01115	cwf21	0.999999999994233	-5.76675309694547e-12	2	0	0	23	9882
SM00494	ChtBD2	0.999999999994233	-5.76675309694547e-12	2	0	0	23	9882
SM01161	DUF1767	0.999999999994233	-5.76675309694547e-12	2	0	0	23	9882
SM00881	CoA_binding	0.999999999994233	-5.76675309694547e-12	2	0	0	23	9882
SM01383	Ribosomal_L2	0.999999999994233	-5.76675309694547e-12	2	0	0	23	9882
SM00188	IL10	0.999999999994233	-5.76675309694547e-12	2	0	0	23	9882
SM00437	TOP1Ac	0.999999999994233	-5.76675309694547e-12	2	0	0	23	9882
SM01291	N-SET	0.999999999994233	-5.76675309694547e-12	2	0	0	23	9882
SM01287	Rtt106	0.999999999994233	-5.76675309694547e-12	2	0	0	23	9882
SM00976	Telo_bind	0.999999999994233	-5.76675309694547e-12	2	0	0	23	9882
SM01096	CPSase_L_D3	0.999999999994233	-5.76675309694547e-12	2	0	0	23	9882
SM01382	Ribosomal_L2_C	0.999999999994233	-5.76675309694547e-12	2	0	0	23	9882
SM01138	DP	0.999999999994233	-5.76675309694547e-12	2	0	0	23	9882
SM01374	Ribosomal_L14	0.999999999994233	-5.76675309694547e-12	2	0	0	23	9882
SM01301	PTPlike_phytase	0.999999999994233	-5.76675309694547e-12	2	0	0	23	9882
SM01072	CDC48_2	0.999999999994233	-5.76675309694547e-12	2	0	0	23	9882
SM00531	TFIIE	0.999999999994233	-5.76675309694547e-12	2	0	0	23	9882
SM00808	FABD	0.999999999994233	-5.76675309694547e-12	2	0	0	23	9882
SM01292	N1221	0.999999999994233	-5.76675309694547e-12	2	0	0	23	9882
SM01345	Rapamycin_bind	0.999999999994233	-5.76675309694547e-12	2	0	0	23	9882
SM00992	YccV-like	0.999999999994233	-5.76675309694547e-12	2	0	0	23	9882
SM00299	CLH	0.999999999994233	-5.76675309694547e-12	2	0	0	23	9882
SM00003	NH	0.999999999994233	-5.76675309694547e-12	2	0	0	23	9882
SM00888	EF1_GNE	0.999999999994233	-5.76675309694547e-12	2	0	0	23	9882
SM00039	CRF	0.999999999994233	-5.76675309694547e-12	2	0	0	23	9882
SM00095	TR_THY	0.999999999994233	-5.76675309694547e-12	2	0	0	23	9882
SM01104	CTD	0.999999999994233	-5.76675309694547e-12	2	0	0	23	9882
SM00993	YL1_C	0.999999999994233	-5.76675309694547e-12	2	0	0	23	9882
SM00777	Mad3_BUB1_I	0.999999999994233	-5.76675309694547e-12	2	0	0	23	9882
SM01131	DHHA2	0.999999999994233	-5.76675309694547e-12	2	0	0	23	9882
SM01230	Gln-synt_C	0.999999999994233	-5.76675309694547e-12	2	0	0	23	9882
SM01293	DUF3402	0.999999999994233	-5.76675309694547e-12	2	0	0	23	9882
SM00555	GIT	0.999999999994233	-5.76675309694547e-12	2	0	0	23	9882
SM00435	TOPEUc	0.999999999994233	-5.76675309694547e-12	2	0	0	23	9882
SM00711	TDU	0.999999999994233	-5.76675309694547e-12	2	0	0	23	9882
SM01076	CG-1	0.999999999994233	-5.76675309694547e-12	2	0	0	23	9882
SM00756	VKc	0.999999999994233	-5.76675309694547e-12	2	0	0	23	9882
SM01130	DHDPS	0.999999999994233	-5.76675309694547e-12	2	0	0	23	9882
SM00788	Adenylsucc_synt	0.999999999994233	-5.76675309694547e-12	2	0	0	23	9882
SM01154	DUF1704	0.999999999994233	-5.76675309694547e-12	2	0	0	23	9882
SM00525	FES	0.999999999994233	-5.76675309694547e-12	2	0	0	23	9882
SM00469	WIF	0.999999999994233	-5.76675309694547e-12	2	0	0	23	9882
SM00852	MoCF_biosynth	0.999999999994233	-5.76675309694547e-12	2	0	0	23	9882
SM01313	Sec3-PIP2_bind	0.999999999994233	-5.76675309694547e-12	2	0	0	23	9882
SM01141	DRY_EERY	0.999999999994233	-5.76675309694547e-12	2	0	0	23	9882
SM00434	TOP4c	0.999999999994233	-5.76675309694547e-12	2	0	0	23	9882
SM00853	MutL_C	0.999999999994233	-5.76675309694547e-12	2	0	0	23	9882
SM01399	Sybindin	0.999999999994233	-5.76675309694547e-12	2	0	0	23	9882
SM00635	BID_2	0.999999999994233	-5.76675309694547e-12	2	0	0	23	9882
SM01268	BTD	0.999999999994233	-5.76675309694547e-12	2	0	0	23	9882
SM01070	CDC37_M	0.999999999994233	-5.76675309694547e-12	2	0	0	23	9882
SM01229	GluR_Homer-bdg	0.999999999994233	-5.76675309694547e-12	2	0	0	23	9882
SM01142	DSHCT	0.999999999994233	-5.76675309694547e-12	2	0	0	23	9882
SM00653	eIF2B_5	0.999999999994233	-5.76675309694547e-12	2	0	0	23	9882
SM01233	HABP4_PAI-RBP1	0.999999999994233	-5.76675309694547e-12	2	0	0	23	9882
SM00978	Tim44	0.999999999994233	-5.76675309694547e-12	2	0	0	23	9882
SM00812	Alpha_L_fucos	0.999999999994233	-5.76675309694547e-12	2	0	0	23	9882
SM00559	Ku78	0.999999999994233	-5.76675309694547e-12	2	0	0	23	9882
SM01415	DUF106	0.999999999994233	-5.76675309694547e-12	2	0	0	23	9882
SM01272	LsmAD	0.999999999994233	-5.76675309694547e-12	2	0	0	23	9882
SM00223	APPLE	0.999999999994233	-5.76675309694547e-12	2	0	0	23	9882
SM00126	IL6	0.999999999994233	-5.76675309694547e-12	2	0	0	23	9882
SM00080	LIF_OSM	0.999999999994233	-5.76675309694547e-12	2	0	0	23	9882
SM00649	RL11	0.999999999994233	-5.76675309694547e-12	2	0	0	23	9882
SM01283	Costars	0.999999999994233	-5.76675309694547e-12	2	0	0	23	9882
SM01410	DIM1	0.999999999994233	-5.76675309694547e-12	2	0	0	23	9882
SM01000	Aha1_N	0.999999999994233	-5.76675309694547e-12	2	0	0	23	9882
SM01239	IKKbetaNEMObind	0.999999999994233	-5.76675309694547e-12	2	0	0	23	9882
SM01423	Milton	0.999999999994233	-5.76675309694547e-12	2	0	0	23	9882
SM00825	PKS_KS	0.999999999994233	-5.76675309694547e-12	2	0	0	23	9882
SM01194	eRF1_1	0.999999999994233	-5.76675309694547e-12	2	0	0	23	9882
SM01177	DUF4210	0.999999999994233	-5.76675309694547e-12	2	0	0	23	9882
SM01165	DUF1866	0.999999999994233	-5.76675309694547e-12	2	0	0	23	9882
SM00956	RQC	0.999999999994233	-5.76675309694547e-12	2	0	0	23	9882
SM01288	FISNA	0.999999999994233	-5.76675309694547e-12	2	0	0	23	9882
SM01282	DBB	0.999999999994233	-5.76675309694547e-12	2	0	0	23	9882
SM01336	zf-PARP	0.999999999994233	-5.76675309694547e-12	2	0	0	23	9882
SM00902	Fe_hyd_SSU	0.999999999994233	-5.76675309694547e-12	2	0	0	23	9882
SM00586	ZnF_DBF	0.999999999994233	-5.76675309694547e-12	2	0	0	23	9882
SM00893	ETF	0.999999999994233	-5.76675309694547e-12	2	0	0	23	9882
SM01376	eIF-5a	0.999999999994233	-5.76675309694547e-12	2	0	0	23	9882
SM00433	TOP2c	0.999999999994233	-5.76675309694547e-12	2	0	0	23	9882
SM01314	SnAC	0.999999999994233	-5.76675309694547e-12	2	0	0	23	9882
SM01387	Ribosomal_S15	0.999999999994233	-5.76675309694547e-12	2	0	0	23	9882
SM01086	ClpB_D2-small	0.999999999994233	-5.76675309694547e-12	2	0	0	23	9882
SM01011	AMP_N	0.999999999994233	-5.76675309694547e-12	2	0	0	23	9882
SM00860	SMI1_KNR4	0.999999999994233	-5.76675309694547e-12	2	0	0	23	9882
SM01281	Med12	0.999999999994233	-5.76675309694547e-12	2	0	0	23	9882
SM00512	Skp1	0.999999999994233	-5.76675309694547e-12	2	0	0	23	9882
SM01250	KAT11	0.999999999994233	-5.76675309694547e-12	2	0	0	23	9882
SM01421	DUF3480	0.999999999994233	-5.76675309694547e-12	2	0	0	23	9882
SM00761	HDAC_interact	0.999999999994233	-5.76675309694547e-12	2	0	0	23	9882
SM00685	DM14	0.999999999994233	-5.76675309694547e-12	2	0	0	23	9882
SM00551	ZnF_TAZ	0.999999999994233	-5.76675309694547e-12	2	0	0	23	9882
SM00500	SFM	0.999999999994233	-5.76675309694547e-12	2	0	0	23	9882
SM00807	AKAP_110	0.999999999994233	-5.76675309694547e-12	2	0	0	23	9882
SM00732	YqgFc	0.999999999994233	-5.76675309694547e-12	2	0	0	23	9882
SM01144	DTW	0.999999999994233	-5.76675309694547e-12	2	0	0	23	9882
SM01319	Tankyrase_bdg_C	0.999999999994233	-5.76675309694547e-12	2	0	0	23	9882
SM00193	PTN	0.999999999994233	-5.76675309694547e-12	2	0	0	23	9882
SM00827	PKS_AT	0.999999999994233	-5.76675309694547e-12	2	0	0	23	9882
SM00087	PTH	0.999999999994233	-5.76675309694547e-12	2	0	0	23	9882
SM00873	B3_4	0.999999999994233	-5.76675309694547e-12	2	0	0	23	9882
SM01002	AlaDh_PNT_C	0.999999999994233	-5.76675309694547e-12	2	0	0	23	9882
SM01267	LAG1_DNAbind	0.999999999994233	-5.76675309694547e-12	2	0	0	23	9882
SM00967	SpoU_sub_bind	0.999999999994233	-5.76675309694547e-12	2	0	0	23	9882
SM01371	TFIIA	0.999999999994233	-5.76675309694547e-12	2	0	0	23	9882
SM00029	GASTRIN	0.999999999994233	-5.76675309694547e-12	2	0	0	23	9882
SM00581	PSP	0.999999999994233	-5.76675309694547e-12	2	0	0	23	9882
SM00493	TOPRIM	0.999999999994233	-5.76675309694547e-12	2	0	0	23	9882
SM01022	ASCH	0.999999999994233	-5.76675309694547e-12	2	0	0	23	9882
SM00550	Zalpha	0.999999999994233	-5.76675309694547e-12	2	0	0	23	9882
SM01362	DUF663	0.999999999994233	-5.76675309694547e-12	2	0	0	23	9882
SM00662	RPOLD	0.999999999994233	-5.76675309694547e-12	2	0	0	23	9882
SM00846	Gp_dh_N	0.999999999994233	-5.76675309694547e-12	2	0	0	23	9882
SM01174	DUF4205	0.999999999994233	-5.76675309694547e-12	2	0	0	23	9882
SM01028	Beta-TrCP_D	0.999999999994233	-5.76675309694547e-12	2	0	0	23	9882
SM01003	AlaDh_PNT_N	0.999999999994233	-5.76675309694547e-12	2	0	0	23	9882
SM00951	QLQ	0.999999999994233	-5.76675309694547e-12	2	0	0	23	9882
SM00466	SRA	0.999999999994233	-5.76675309694547e-12	2	0	0	23	9882
SM01355	AP3B1_C	0.999999999994233	-5.76675309694547e-12	2	0	0	23	9882
SM00714	LITAF	0.999999999994233	-5.76675309694547e-12	2	0	0	23	9882
SM01023	BAF	0.999999999994233	-5.76675309694547e-12	2	0	0	23	9882
SM01010	AMPKBI	0.999999999994233	-5.76675309694547e-12	2	0	0	23	9882
SM00792	Agouti	0.999999999994233	-5.76675309694547e-12	2	0	0	23	9882
SM01164	DUF1856	0.999999999994233	-5.76675309694547e-12	2	0	0	23	9882
SM01390	Ribosomal_S4	0.999999999994233	-5.76675309694547e-12	2	0	0	23	9882
SM01389	Spt4	0.999999999994233	-5.76675309694547e-12	2	0	0	23	9882
SM01122	DBC1	0.999999999994233	-5.76675309694547e-12	2	0	0	23	9882
SM00785	AARP2CN	0.999999999994233	-5.76675309694547e-12	2	0	0	23	9882
SM00661	RPOL9	0.999999999994233	-5.76675309694547e-12	2	0	0	23	9882
SM00436	TOP1Bc	0.999999999994233	-5.76675309694547e-12	2	0	0	23	9882
SM00190	IL4_13	0.999999999994233	-5.76675309694547e-12	2	0	0	23	9882
SM00705	THEG	0.999999999994233	-5.76675309694547e-12	2	0	0	23	9882
SM01182	EF-1_beta_acid	0.999999999994233	-5.76675309694547e-12	2	0	0	23	9882
SM00632	Aamy_C	0.999999999994233	-5.76675309694547e-12	2	0	0	23	9882
SM00896	FDX-ACB	0.999999999994233	-5.76675309694547e-12	2	0	0	23	9882
SM01206	Fibrillarin	0.999999999994233	-5.76675309694547e-12	2	0	0	23	9882
SM00638	LPD_N	0.999999999994233	-5.76675309694547e-12	2	0	0	23	9882
SM01179	DUF862	0.999999999994233	-5.76675309694547e-12	2	0	0	23	9882
SM01258	KRBA1	0.999999999994233	-5.76675309694547e-12	2	0	0	23	9882
SM01074	Cdc6_C	0.999999999994233	-5.76675309694547e-12	2	0	0	23	9882
SM00657	RPOL4c	0.999999999994233	-5.76675309694547e-12	2	0	0	23	9882
SM01050	CactinC_cactus	0.999999999994233	-5.76675309694547e-12	2	0	0	23	9882
SM01097	CPSase_sm_chain	0.999999999994233	-5.76675309694547e-12	2	0	0	23	9882
SM00937	PCRF	0.999999999994233	-5.76675309694547e-12	2	0	0	23	9882
SM01237	ICA69	0.999999999994233	-5.76675309694547e-12	2	0	0	23	9882
SM00875	BACK	0.999999999995275	-4.72499776933882e-12	57	0	0	23	9882
SM00054	EFh	0.999999999995417	-4.58254585740706e-12	143	0	0	23	9882
SM00333	TUDOR	0.999999999996009	-3.99089386153979e-12	25	0	0	23	9882
SM01196	FERM_C	0.999999999996009	-3.99089386153979e-12	25	0	0	23	9882
SM00072	GuKc	0.999999999996009	-3.99089386153979e-12	25	0	0	23	9882
SM00573	HSA	0.999999999996388	-3.61220168817686e-12	4	0	0	23	9882
SM00486	POLBc	0.999999999996388	-3.61220168817686e-12	4	0	0	23	9882
SM01339	NODP	0.999999999996388	-3.61220168817686e-12	4	0	0	23	9882
SM00426	TEA	0.999999999996388	-3.61220168817686e-12	4	0	0	23	9882
SM00206	NTR	0.999999999996388	-3.61220168817686e-12	4	0	0	23	9882
SM01178	DUF4217	0.999999999996388	-3.61220168817686e-12	4	0	0	23	9882
SM01407	NAC	0.999999999996388	-3.61220168817686e-12	4	0	0	23	9882
SM00679	CTNS	0.999999999996388	-3.61220168817686e-12	4	0	0	23	9882
SM01046	c-SKI_SMAD_bind	0.999999999996388	-3.61220168817686e-12	4	0	0	23	9882
SM01225	G8	0.999999999996388	-3.61220168817686e-12	4	0	0	23	9882
SM00197	SAA	0.999999999996388	-3.61220168817686e-12	4	0	0	23	9882
SM00753	PAM	0.999999999996388	-3.61220168817686e-12	4	0	0	23	9882
SM00737	ML	0.999999999996388	-3.61220168817686e-12	4	0	0	23	9882
SM01417	Solute_trans_a	0.999999999996388	-3.61220168817686e-12	4	0	0	23	9882
SM01007	Aldolase_II	0.999999999996388	-3.61220168817686e-12	4	0	0	23	9882
SM00723	AMOP	0.999999999996388	-3.61220168817686e-12	4	0	0	23	9882
SM01193	Enolase_N	0.999999999996388	-3.61220168817686e-12	4	0	0	23	9882
SM01027	Beta-Casp	0.999999999996388	-3.61220168817686e-12	4	0	0	23	9882
SM00541	FYRN	0.999999999996388	-3.61220168817686e-12	4	0	0	23	9882
SM01375	Dynein_light	0.999999999996388	-3.61220168817686e-12	4	0	0	23	9882
SM01240	IMPDH	0.999999999996388	-3.61220168817686e-12	4	0	0	23	9882
SM01263	Leuk-A4-hydro_C	0.999999999996388	-3.61220168817686e-12	4	0	0	23	9882
SM00554	FAS1	0.999999999996388	-3.61220168817686e-12	4	0	0	23	9882
SM01192	Enolase_C	0.999999999996388	-3.61220168817686e-12	4	0	0	23	9882
SM00392	PROF	0.999999999996388	-3.61220168817686e-12	4	0	0	23	9882
SM00644	Ami_2	0.999999999996388	-3.61220168817686e-12	4	0	0	23	9882
SM00955	RNB	0.999999999996388	-3.61220168817686e-12	4	0	0	23	9882
SM00058	FN1	0.999999999996388	-3.61220168817686e-12	4	0	0	23	9882
SM00474	35EXOc	0.999999999996388	-3.61220168817686e-12	4	0	0	23	9882
SM00094	TR_FER	0.999999999996388	-3.61220168817686e-12	4	0	0	23	9882
SM00973	Sec63	0.999999999996388	-3.61220168817686e-12	4	0	0	23	9882
SM00750	KIND	0.999999999996388	-3.61220168817686e-12	4	0	0	23	9882
SM00694	DysFC	0.999999999996388	-3.61220168817686e-12	4	0	0	23	9882
SM00701	PGRP	0.999999999996388	-3.61220168817686e-12	4	0	0	23	9882
SM00307	ILWEQ	0.999999999996388	-3.61220168817686e-12	4	0	0	23	9882
SM00560	LamGL	0.999999999996388	-3.61220168817686e-12	4	0	0	23	9882
SM00734	ZnF_Rad18	0.999999999996388	-3.61220168817686e-12	4	0	0	23	9882
SM00483	POLXc	0.999999999996388	-3.61220168817686e-12	4	0	0	23	9882
SM00279	HhH2	0.999999999996388	-3.61220168817686e-12	4	0	0	23	9882
SM00542	FYRC	0.999999999996388	-3.61220168817686e-12	4	0	0	23	9882
SM00527	HMG17	0.999999999996388	-3.61220168817686e-12	4	0	0	23	9882
SM00051	DSL	0.999999999996388	-3.61220168817686e-12	4	0	0	23	9882
SM00488	DEXDc2	0.999999999996388	-3.61220168817686e-12	4	0	0	23	9882
SM00025	Pumilio	0.999999999996388	-3.61220168817686e-12	4	0	0	23	9882
SM01153	DUF1693	0.999999999996388	-3.61220168817686e-12	4	0	0	23	9882
SM01020	B2-adapt-app_C	0.999999999996388	-3.61220168817686e-12	4	0	0	23	9882
SM00755	Grip	0.999999999996388	-3.61220168817686e-12	4	0	0	23	9882
SM00098	alkPPc	0.999999999996388	-3.61220168817686e-12	4	0	0	23	9882
SM01392	MAGE_N	0.999999999996388	-3.61220168817686e-12	4	0	0	23	9882
SM00693	DysFN	0.999999999996388	-3.61220168817686e-12	4	0	0	23	9882
SM00313	PXA	0.999999999996388	-3.61220168817686e-12	4	0	0	23	9882
SM01053	CaMBD	0.999999999996388	-3.61220168817686e-12	4	0	0	23	9882
SM01398	Cornichon	0.999999999996388	-3.61220168817686e-12	4	0	0	23	9882
SM00484	XPGI	0.999999999996388	-3.61220168817686e-12	4	0	0	23	9882
SM00520	BASIC	0.999999999996388	-3.61220168817686e-12	4	0	0	23	9882
SM00889	EFG_IV	0.999999999996388	-3.61220168817686e-12	4	0	0	23	9882
SM00485	XPGN	0.999999999996388	-3.61220168817686e-12	4	0	0	23	9882
SM00140	NGF	0.999999999996388	-3.61220168817686e-12	4	0	0	23	9882
SM00920	MHC_II_alpha	0.999999999996388	-3.61220168817686e-12	4	0	0	23	9882
SM01340	DNA_mis_repair	0.999999999996388	-3.61220168817686e-12	4	0	0	23	9882
SM00491	HELICc2	0.999999999996388	-3.61220168817686e-12	4	0	0	23	9882
SM00476	DNaseIc	0.999999999996388	-3.61220168817686e-12	4	0	0	23	9882
SM00227	NEBU	0.999999999996388	-3.61220168817686e-12	4	0	0	23	9882
SM00804	TAP_C	0.999999999996388	-3.61220168817686e-12	4	0	0	23	9882
SM01249	KASH	0.999999999996388	-3.61220168817686e-12	4	0	0	23	9882
SM01338	NOD	0.999999999996388	-3.61220168817686e-12	4	0	0	23	9882
SM01277	MAGUK_N_PEST	0.999999999996388	-3.61220168817686e-12	4	0	0	23	9882
SM00068	GHB	0.999999999996388	-3.61220168817686e-12	4	0	0	23	9882
SM00564	PQQ	0.999999999996388	-3.61220168817686e-12	4	0	0	23	9882
SM00209	TSP1	0.999999999996755	-3.24459688597167e-12	63	0	0	23	9882
SM00336	BBOX	0.999999999996922	-3.07845821100965e-12	58	0	0	23	9882
SM00033	CH	0.999999999997986	-2.01385657012436e-12	64	0	0	23	9882
SM00109	C1	0.999999999997986	-2.01385657012436e-12	64	0	0	23	9882
SM00364	LRR_BAC	0.999999999998086	-1.91366788422132e-12	56	0	0	23	9882
SM00195	DSPc	0.999999999998205	-1.79492994929832e-12	36	0	0	23	9882
SM00280	KAZAL	0.999999999998205	-1.79492994929832e-12	36	0	0	23	9882
SM00317	SET	0.999999999998205	-1.79492994929832e-12	36	0	0	23	9882
SM00133	S_TK_X	0.999999999998707	-1.2930846703396e-12	45	0	0	23	9882
SM00339	FH	0.999999999998707	-1.2930846703396e-12	45	0	0	23	9882
SM00490	HELICc	0.999999999998858	-1.14168127698413e-12	106	0	0	23	9882
SM00338	BRLZ	0.999999999998875	-1.12519346522065e-12	51	0	0	23	9882
SM00398	HMG	0.999999999998875	-1.12519346522065e-12	51	0	0	23	9882
SM00589	PRY	0.999999999998944	-1.05564995003254e-12	34	0	0	23	9882
SM00315	RGS	0.999999999998944	-1.05564995003254e-12	34	0	0	23	9882
SM00214	VWC	0.999999999998944	-1.05564995003254e-12	34	0	0	23	9882
SM00413	ETS	0.999999999998969	-1.0314109832212e-12	26	0	0	23	9882
SM00268	ACTIN	0.999999999998969	-1.0314109832212e-12	26	0	0	23	9882
SM00043	CY	0.999999999998969	-1.0314109832212e-12	26	0	0	23	9882
SM00088	PINT	0.999999999999236	-7.64354789956705e-13	15	0	0	23	9882
SM01117	Cyt-b5	0.999999999999236	-7.64354789956705e-13	15	0	0	23	9882
SM00726	UIM	0.999999999999236	-7.64354789956705e-13	15	0	0	23	9882
SM01014	ARID	0.999999999999236	-7.64354789956705e-13	15	0	0	23	9882
SM00721	BAR	0.999999999999236	-7.64354789956705e-13	15	0	0	23	9882
SM00149	PLCYc	0.999999999999236	-7.64354789956705e-13	15	0	0	23	9882
SM00800	uDENN	0.999999999999236	-7.64354789956705e-13	15	0	0	23	9882
SM00352	POU	0.999999999999236	-7.64354789956705e-13	15	0	0	23	9882
SM00136	LamNT	0.999999999999236	-7.64354789956705e-13	15	0	0	23	9882
SM00217	WAP	0.999999999999236	-7.64354789956705e-13	15	0	0	23	9882
SM00130	KR	0.999999999999236	-7.64354789956705e-13	15	0	0	23	9882
SM00498	FH2	0.999999999999236	-7.64354789956705e-13	15	0	0	23	9882
SM01244	IRS	0.999999999999236	-7.64354789956705e-13	15	0	0	23	9882
SM00501	BRIGHT	0.999999999999236	-7.64354789956705e-13	15	0	0	23	9882
SM00282	LamG	1	2.22564497283676e-15	40	0	0	23	9882
SM00423	PSI	1	2.22564497283676e-15	40	0	0	23	9882
SM00462	PTB	1	2.22564497283676e-15	40	0	0	23	9882
SM00179	EGF_CA	1.00000000000048	4.75324033473549e-13	122	0	0	23	9882
SM00431	SCAN	1.00000000000118	1.17932052939107e-12	42	0	0	23	9882
SM00312	PX	1.00000000000118	1.17932052939107e-12	42	0	0	23	9882
SM00097	WNT1	1.00000000000127	1.27478266191152e-12	19	0	0	23	9882
SM00121	IB	1.00000000000127	1.27478266191152e-12	19	0	0	23	9882
SM00864	Tubulin	1.00000000000127	1.27478266191152e-12	19	0	0	23	9882
SM01089	Connexin_CCC	1.00000000000127	1.27478266191152e-12	19	0	0	23	9882
SM00651	Sm	1.00000000000127	1.27478266191152e-12	19	0	0	23	9882
SM00191	Int_alpha	1.00000000000127	1.27478266191152e-12	19	0	0	23	9882
SM00848	Inhibitor_I29	1.00000000000127	1.27478266191152e-12	19	0	0	23	9882
SM00367	LRR_CC	1.00000000000127	1.27478266191152e-12	19	0	0	23	9882
SM00131	KU	1.00000000000127	1.27478266191152e-12	19	0	0	23	9882
SM00292	BRCT	1.00000000000127	1.27478266191152e-12	19	0	0	23	9882
SM00801	dDENN	1.00000000000149	1.48799359950784e-12	16	0	0	23	9882
SM00069	GLA	1.00000000000149	1.48799359950784e-12	16	0	0	23	9882
SM00799	DENN	1.00000000000149	1.48799359950784e-12	16	0	0	23	9882
SM00568	GRAM	1.00000000000149	1.48799359950784e-12	16	0	0	23	9882
SM00275	G_alpha	1.00000000000149	1.48799359950784e-12	16	0	0	23	9882
SM00702	P4Hc	1.00000000000149	1.48799359950784e-12	16	0	0	23	9882
SM00086	PAC	1.00000000000149	1.48799359950784e-12	16	0	0	23	9882
SM00222	Sec7	1.00000000000149	1.48799359950784e-12	16	0	0	23	9882
SM00358	DSRM	1.00000000000149	1.48799359950784e-12	16	0	0	23	9882
SM00724	TLC	1.00000000000149	1.48799359950784e-12	16	0	0	23	9882
SM00643	C345C	1.00000000000149	1.48799359950784e-12	16	0	0	23	9882
SM00285	PBD	1.00000000000149	1.48799359950784e-12	16	0	0	23	9882
SM00913	IBN_N	1.00000000000149	1.48799359950784e-12	16	0	0	23	9882
SM00831	Cation_ATPase_N	1.00000000000149	1.48799359950784e-12	16	0	0	23	9882
SM00207	TNF	1.00000000000149	1.48799359950784e-12	16	0	0	23	9882
SM00146	PI3Kc	1.00000000000149	1.48799359950784e-12	16	0	0	23	9882
SM00253	SOCS	1.00000000000367	3.66563434283335e-12	20	0	0	23	9882
SM00332	PP2Cc	1.00000000000367	3.66563434283335e-12	20	0	0	23	9882
SM00044	CYCc	1.00000000000367	3.66563434283335e-12	20	0	0	23	9882
SM00215	VWC_out	1.00000000000367	3.66563434283335e-12	20	0	0	23	9882
SM00041	CT	1.00000000000367	3.66563434283335e-12	20	0	0	23	9882
SM00231	FA58C	1.00000000000367	3.66563434283335e-12	20	0	0	23	9882
SM00293	PWWP	1.00000000000367	3.66563434283335e-12	20	0	0	23	9882
SM00397	t_SNARE	1.00000000000367	3.66563434283335e-12	20	0	0	23	9882
SM00055	FCH	1.00000000000367	3.66563434283335e-12	20	0	0	23	9882
SM00443	G_patch	1.00000000000367	3.66563434283335e-12	20	0	0	23	9882
SM00547	ZnF_RBZ	1.00000000000367	3.66563434283335e-12	20	0	0	23	9882
SM00063	FRI	1.00000000000367	3.66563434283335e-12	20	0	0	23	9882
SM00132	LIM	1.00000000000399	3.98625110282706e-12	73	0	0	23	9882
SM00176	RAN	1.00000000000416	4.16419570604858e-12	82	0	0	23	9882
SM00454	SAM	1.00000000000448	4.47895943647022e-12	83	0	0	23	9882
SM00297	BROMO	1.00000000000577	5.76774939963088e-12	39	0	0	23	9882
SM00608	ACR	1.00000000000608	6.08118247582777e-12	43	0	0	23	9882
SM00213	UBQ	1.00000000000608	6.08118247582777e-12	43	0	0	23	9882
SM00717	SANT	1.00000000000608	6.08118247582777e-12	43	0	0	23	9882
SM00228	PDZ	1.00000000000612	6.11890914213819e-12	148	0	0	23	9882
SM00430	HOLI	1.00000000000699	6.99386263102357e-12	49	0	0	23	9882
SM00385	CYCLIN	1.00000000000708	7.08188059671886e-12	32	0	0	23	9882
SM01373	MAGE	1.00000000000708	7.08188059671886e-12	32	0	0	23	9882
SM00116	CBS	1.00000000000709	7.08511255988268e-12	12	0	0	23	9882
SM00244	PHB	1.00000000000709	7.08511255988268e-12	12	0	0	23	9882
SM00401	ZnF_GATA	1.00000000000709	7.08511255988268e-12	12	0	0	23	9882
SM00391	MBD	1.00000000000709	7.08511255988268e-12	12	0	0	23	9882
SM00232	JAB_MPN	1.00000000000709	7.08511255988268e-12	12	0	0	23	9882
SM00908	Gal-bind_lectin	1.00000000000709	7.08511255988268e-12	12	0	0	23	9882
SM00337	BCL	1.00000000000709	7.08511255988268e-12	12	0	0	23	9882
SM00246	WH2	1.00000000000709	7.08511255988268e-12	12	0	0	23	9882
SM00159	PTX	1.00000000000709	7.08511255988268e-12	12	0	0	23	9882
SM00290	ZnF_UBP	1.00000000000709	7.08511255988268e-12	12	0	0	23	9882
SM00284	OLF	1.00000000000709	7.08511255988268e-12	12	0	0	23	9882
SM00335	ANX	1.00000000000709	7.08511255988268e-12	12	0	0	23	9882
SM00523	DWA	1.00000000000709	7.08511255988268e-12	12	0	0	23	9882
SM01265	Mab-21	1.00000000000709	7.08511255988268e-12	12	0	0	23	9882
SM00310	PTBI	1.00000000000709	7.08511255988268e-12	12	0	0	23	9882
SM00181	EGF	1.00000000000898	8.97735984963469e-12	177	0	0	23	9882
SM00134	LU	1.00000000000903	9.03416918828738e-12	21	0	0	23	9882
SM00049	DEP	1.00000000000903	9.03416918828738e-12	21	0	0	23	9882
SM00048	DEFSN	1.00000000000903	9.03416918828738e-12	21	0	0	23	9882
SM00128	IPPc	1.00000000001081	1.0810309593671e-11	10	0	0	23	9882
SM00045	DAGKa	1.00000000001081	1.0810309593671e-11	10	0	0	23	9882
SM01190	EMP24_GP25L	1.00000000001081	1.0810309593671e-11	10	0	0	23	9882
SM00102	ADF	1.00000000001081	1.0810309593671e-11	10	0	0	23	9882
SM01017	Arrestin_C	1.00000000001081	1.0810309593671e-11	10	0	0	23	9882
SM00251	SAM_PNT	1.00000000001081	1.0810309593671e-11	10	0	0	23	9882
SM00543	MIF4G	1.00000000001081	1.0810309593671e-11	10	0	0	23	9882
SM00745	MIT	1.00000000001081	1.0810309593671e-11	10	0	0	23	9882
SM00591	RWD	1.00000000001081	1.0810309593671e-11	10	0	0	23	9882
SM00472	MIR	1.00000000001081	1.0810309593671e-11	10	0	0	23	9882
SM00636	Glyco_18	1.00000000001081	1.0810309593671e-11	10	0	0	23	9882
SM01100	CRAL_TRIO_N	1.00000000001081	1.0810309593671e-11	10	0	0	23	9882
SM01052	CAP_GLY	1.00000000001081	1.0810309593671e-11	10	0	0	23	9882
SM01039	BRICHOS	1.00000000001081	1.0810309593671e-11	10	0	0	23	9882
SM01372	E2F_TDP	1.00000000001081	1.0810309593671e-11	10	0	0	23	9882
SM00353	HLH	1.00000000001199	1.19852254594397e-11	110	0	0	23	9882
SM00079	PBPe	1.00000000001281	1.2809920394247e-11	18	0	0	23	9882
SM00847	HA2	1.00000000001281	1.2809920394247e-11	18	0	0	23	9882
SM01057	Carb_anhydrase	1.00000000001281	1.2809920394247e-11	18	0	0	23	9882
SM00865	Tubulin_C	1.00000000001281	1.2809920394247e-11	18	0	0	23	9882
SM00037	CNX	1.00000000001281	1.2809920394247e-11	18	0	0	23	9882
SM00593	RUN	1.00000000001281	1.2809920394247e-11	18	0	0	23	9882
SM00148	PLCXc	1.00000000001281	1.2809920394247e-11	18	0	0	23	9882
SM00014	acidPPc	1.00000000001281	1.2809920394247e-11	18	0	0	23	9882
SM00918	Lig_chan-Glu_bd	1.00000000001281	1.2809920394247e-11	18	0	0	23	9882
SM00291	ZnF_ZZ	1.00000000001281	1.2809920394247e-11	18	0	0	23	9882
SM00242	MYSc	1.00000000001353	1.35287915972345e-11	38	0	0	23	9882
SM00237	Calx_beta	1.00000000001431	1.43087286938761e-11	8	0	0	23	9882
SM00139	MyTH4	1.00000000001431	1.43087286938761e-11	8	0	0	23	9882
SM00948	Proteasome_A_N	1.00000000001431	1.43087286938761e-11	8	0	0	23	9882
SM00557	IG_FLMN	1.00000000001431	1.43087286938761e-11	8	0	0	23	9882
SM00329	BPI2	1.00000000001431	1.43087286938761e-11	8	0	0	23	9882
SM01242	Integrin_B_tail	1.00000000001431	1.43087286938761e-11	8	0	0	23	9882
SM00357	CSP	1.00000000001431	1.43087286938761e-11	8	0	0	23	9882
SM00562	NDK	1.00000000001431	1.43087286938761e-11	8	0	0	23	9882
SM00524	DWB	1.00000000001431	1.43087286938761e-11	8	0	0	23	9882
SM00504	Ubox	1.00000000001431	1.43087286938761e-11	8	0	0	23	9882
SM01419	Thiol-ester_cl	1.00000000001431	1.43087286938761e-11	8	0	0	23	9882
SM00167	VPS9	1.00000000001431	1.43087286938761e-11	8	0	0	23	9882
SM00330	PIPKc	1.00000000001431	1.43087286938761e-11	8	0	0	23	9882
SM00281	LamB	1.00000000001431	1.43087286938761e-11	8	0	0	23	9882
SM00288	VHS	1.00000000001431	1.43087286938761e-11	8	0	0	23	9882
SM00099	btg1	1.00000000001431	1.43087286938761e-11	8	0	0	23	9882
SM00153	VHP	1.00000000001431	1.43087286938761e-11	8	0	0	23	9882
SM01025	BEN	1.00000000001431	1.43087286938761e-11	8	0	0	23	9882
SM01203	DUF3585	1.00000000001431	1.43087286938761e-11	8	0	0	23	9882
SM00577	CPDc	1.00000000001431	1.43087286938761e-11	8	0	0	23	9882
SM00506	A1pp	1.00000000001431	1.43087286938761e-11	8	0	0	23	9882
SM00511	ORANGE	1.00000000001431	1.43087286938761e-11	8	0	0	23	9882
SM00107	BTK	1.00000000001431	1.43087286938761e-11	8	0	0	23	9882
SM00142	PI3K_C2	1.00000000001431	1.43087286938761e-11	8	0	0	23	9882
SM00166	UBX	1.00000000001431	1.43087286938761e-11	8	0	0	23	9882
SM00125	IL1	1.00000000001431	1.43087286938761e-11	8	0	0	23	9882
SM00468	PreSET	1.00000000001431	1.43087286938761e-11	8	0	0	23	9882
SM00154	ZnF_AN1	1.00000000001431	1.43087286938761e-11	8	0	0	23	9882
SM00746	TRASH	1.00000000001431	1.43087286938761e-11	8	0	0	23	9882
SM00262	GEL	1.00000000001431	1.43087286938761e-11	8	0	0	23	9882
SM01412	Pro-rich	1.00000000001431	1.43087286938761e-11	8	0	0	23	9882
SM01420	TRP_2	1.00000000001431	1.43087286938761e-11	8	0	0	23	9882
SM00861	Transket_pyr	1.00000000001431	1.43087286938761e-11	8	0	0	23	9882
SM00503	SynN	1.00000000001431	1.43087286938761e-11	8	0	0	23	9882
SM00884	Cullin_Nedd8	1.00000000001431	1.43087286938761e-11	8	0	0	23	9882
SM00609	VIT	1.00000000001431	1.43087286938761e-11	8	0	0	23	9882
SM00064	FYVE	1.00000000001461	1.46121873313546e-11	30	0	0	23	9882
SM00298	CHROMO	1.00000000001461	1.46121873313546e-11	30	0	0	23	9882
SM00225	BTB	1.00000000001535	1.5349067742456e-11	202	0	0	23	9882
SM00249	PHD	1.00000000001771	1.77063618188713e-11	89	0	0	23	9882
SM01132	DIL	1.00000000002594	2.59413776359519e-11	6	0	0	23	9882
SM00477	NUC	1.00000000002594	2.59413776359519e-11	6	0	0	23	9882
SM00775	LNS2	1.00000000002594	2.59413776359519e-11	6	0	0	23	9882
SM00695	DUSP	1.00000000002594	2.59413776359519e-11	6	0	0	23	9882
SM00021	DAX	1.00000000002594	2.59413776359519e-11	6	0	0	23	9882
SM00603	LCCL	1.00000000002594	2.59413776359519e-11	6	0	0	23	9882
SM00907	GDNF	1.00000000002594	2.59413776359519e-11	6	0	0	23	9882
SM01241	Integrin_b_cyt	1.00000000002594	2.59413776359519e-11	6	0	0	23	9882
SM00517	PolyA	1.00000000002594	2.59413776359519e-11	6	0	0	23	9882
SM01184	efhand_Ca_insen	1.00000000002594	2.59413776359519e-11	6	0	0	23	9882
SM00022	PLAc	1.00000000002594	2.59413776359519e-11	6	0	0	23	9882
SM00710	PbH1	1.00000000002594	2.59413776359519e-11	6	0	0	23	9882
SM00144	PI3K_rbd	1.00000000002594	2.59413776359519e-11	6	0	0	23	9882
SM01198	FBA	1.00000000002594	2.59413776359519e-11	6	0	0	23	9882
SM00592	BRK	1.00000000002594	2.59413776359519e-11	6	0	0	23	9882
SM00811	Alpha_kinase	1.00000000002594	2.59413776359519e-11	6	0	0	23	9882
SM00968	SMC_hinge	1.00000000002594	2.59413776359519e-11	6	0	0	23	9882
SM00665	B561	1.00000000002594	2.59413776359519e-11	6	0	0	23	9882
SM00359	PUA	1.00000000002594	2.59413776359519e-11	6	0	0	23	9882
SM01127	DDHD	1.00000000002594	2.59413776359519e-11	6	0	0	23	9882
SM00548	IRO	1.00000000002594	2.59413776359519e-11	6	0	0	23	9882
SM00152	THY	1.00000000002594	2.59413776359519e-11	6	0	0	23	9882
SM01114	CXC	1.00000000002594	2.59413776359519e-11	6	0	0	23	9882
SM00111	C4	1.00000000002594	2.59413776359519e-11	6	0	0	23	9882
SM00915	Jacalin	1.00000000002594	2.59413776359519e-11	6	0	0	23	9882
SM01137	DMAP_binding	1.00000000002594	2.59413776359519e-11	6	0	0	23	9882
SM00394	RIIa	1.00000000002594	2.59413776359519e-11	6	0	0	23	9882
SM01343	FATC	1.00000000002594	2.59413776359519e-11	6	0	0	23	9882
SM00552	ADEAMc	1.00000000002594	2.59413776359519e-11	6	0	0	23	9882
SM00432	MADS	1.00000000002594	2.59413776359519e-11	6	0	0	23	9882
SM00415	HSF	1.00000000002594	2.59413776359519e-11	6	0	0	23	9882
SM00257	LysM	1.00000000002594	2.59413776359519e-11	6	0	0	23	9882
SM00648	SWAP	1.00000000002594	2.59413776359519e-11	6	0	0	23	9882
SM00070	GLUCA	1.00000000002594	2.59413776359519e-11	6	0	0	23	9882
SM00757	CRA	1.00000000002594	2.59413776359519e-11	6	0	0	23	9882
SM00440	ZnF_C2C2	1.00000000002594	2.59413776359519e-11	6	0	0	23	9882
SM00921	MHC_II_beta	1.00000000002594	2.59413776359519e-11	6	0	0	23	9882
SM00670	PINc	1.00000000002594	2.59413776359519e-11	6	0	0	23	9882
SM00544	MA3	1.00000000002594	2.59413776359519e-11	6	0	0	23	9882
SM00950	Piwi	1.00000000002594	2.59413776359519e-11	6	0	0	23	9882
SM00155	PLDc	1.00000000002594	2.59413776359519e-11	6	0	0	23	9882
SM00742	Hr1	1.00000000002594	2.59413776359519e-11	6	0	0	23	9882
SM00441	FF	1.00000000002594	2.59413776359519e-11	6	0	0	23	9882
SM01400	Pribosyltran_N	1.00000000002594	2.59413776359519e-11	6	0	0	23	9882
SM00302	GED	1.00000000002594	2.59413776359519e-11	6	0	0	23	9882
SM00952	RAP	1.00000000002594	2.59413776359519e-11	6	0	0	23	9882
SM00259	ZnF_A20	1.00000000002594	2.59413776359519e-11	6	0	0	23	9882
SM00949	PAZ	1.00000000002594	2.59413776359519e-11	6	0	0	23	9882
SM01329	Iso_dh	1.00000000002594	2.59413776359519e-11	6	0	0	23	9882
SM00031	DED	1.00000000002594	2.59413776359519e-11	6	0	0	23	9882
SM00863	tRNA_SAD	1.00000000002594	2.59413776359519e-11	6	0	0	23	9882
SM00730	PSN	1.00000000002594	2.59413776359519e-11	6	0	0	23	9882
