gene	Preleukemia_Rx1Tet2_rep1	Preleukemia_Rx1Tet2_rep2	Preleukemia_Rx1Tet2_rep3	Leukemia_Rx1Tet2_rep1	Leukemia_Rx1Tet2_rep2	Leukemia_Rx1Tet2_rep3
Ccl9	0.9881720231995778	1.0390362710447805	0.8669035751175994	-0.4666491775609125	-1.094674938038387	-1.3327877537626587
Hk3	0.8524458021135122	1.0222909720112154	0.8571700204068301	-0.19201582180448837	-0.930001574353268	-1.609889398373801
S100a8	0.8083835767979903	0.5791723476454838	0.7328303425026936	0.4304836754302835	-0.5559733157396167	-1.9948966266368342
App	0.9550354556637404	0.9833750379711361	1.0067236054923079	-0.64118774054268	-1.0067453151866312	-1.297201043397873
Wfdc21	0.8731230876626437	0.8556200914737797	0.790293569359172	0.1809584865786296	-1.0311925842410539	-1.668802650833172
Slpi	0.7430422980079291	0.8944503420191856	0.7299329309223183	0.09029933422820004	-0.49174481582357343	-1.9659800893540595
Dmkn	1.0368697852152935	1.0517288649759793	0.8381437218010817	-0.5591458892904116	-1.1627998279860263	-1.2047966547159166
Fbp1	0.918584967655718	1.1277971093016808	0.9466818303949261	-0.9880626639488788	-1.032383966004119	-0.9726172773993267
Igsf6	0.9190413845157939	0.9563089889782472	0.9315622913527465	-0.2682909078929145	-1.0708826486575294	-1.467739108296344
C3	0.8665413264868805	0.9435747479574986	1.0552378415347303	-0.39516974590643755	-1.0969221223420857	-1.3732620477305855
Mgst1	0.8118897149715877	1.1197095691384114	0.8606914628703494	-0.6160151438949188	-0.5409936845840192	-1.635281918501411
Gfi1	0.8037731631781703	1.1080142243675715	1.0036950722911482	-0.5835310800758773	-0.9937226167395725	-1.3382287630214391
Gm5960	0.8032432047231678	1.2930074014436586	0.8644227705920732	-0.905663257997997	-0.9830851507385849	-1.071924968022317
B4galt6	1.0231756551215743	0.9438021019351231	1.0210763488007935	-0.8422275117561292	-1.0091983320354925	-1.1366282620658699
Mpeg1	0.7369922691053177	0.899779623754007	0.8918661466856366	0.1406207095929151	-0.9674996417351314	-1.7017591074027445
Abcd2	0.9694261253227741	1.045991825879609	0.9826336988376435	-0.9465615758314254	-1.014331831711226	-1.0371582424973753
Gbp3	1.0081107880766613	1.0584096589037724	0.9213127099835877	-0.9353462951377585	-0.8969362916811667	-1.155550570145096
Mt2	1.2711068479415815	0.4843760545068788	1.0811988314559233	-0.9464200670036766	-1.3314084395125922	-0.5588532273881162
Clec4a2	0.7473006169907799	1.0948012152544215	0.8283206677178705	-0.0473365259070394	-1.0724758437142958	-1.5506101303417394
Mtus1	0.9808739771899435	1.0009727784709077	0.9897242529214589	-0.7161820233871151	-1.121401126324019	-1.1339878588711758
Vcam1	0.7856365339502743	0.7984604658586761	0.9726436854886014	0.1754076839756991	-1.2316956696062566	-1.500452699666995
Mgam	0.8939970529245276	0.9033270378910055	1.1688448110492926	-0.7548894471855804	-1.0618513222245485	-1.1494281324546969
Iigp1	0.9043228069551954	1.008797479653046	1.0341137643207248	-0.695269961261287	-1.3210015037348684	-0.9309625859328102
Tifab	0.7118980162389944	1.2096587852856786	0.9799730958271688	-1.3847392258079856	-0.7288159934994675	-0.7879746780443893
S100a9	0.5856704539290573	0.367885242789033	0.7162846059739795	0.859473836058534	-0.5328180673857043	-1.9964960713648998
Kctd17	0.955643708567747	1.1395977245737139	0.8807137256114789	-0.7914816426311585	-1.0922367580608907	-1.0922367580608907
Ifi209	0.8027848191242926	1.0232971058621532	0.9128855558828988	-0.24619691759012566	-0.8542921381318999	-1.6384784251473181
Nucb2	1.1715371149702545	0.9640258867933305	0.8393380956271045	-1.0405947651833851	-0.8256284680243683	-1.1086778641829378
Mcpt8	1.0976574318358714	0.9851330916889517	0.8981579319054779	-0.8005081114078809	-1.0902201720112108	-1.0902201720112108
0610040J01Rik	0.7934080296161024	1.20349812530864	0.9735936005440752	-0.8420183197399287	-1.0642407178644442	-1.0642407178644442
Pglyrp1	0.7865946268805959	0.9868019457472106	0.7639114571919506	0.1636177855095093	-1.0769129225504877	-1.624012892778779
Mgl2	1.1839222026414211	0.8440695300110329	0.7792176088571848	-0.6339971677274302	-0.5790054664115138	-1.5942067073706951
Ifitm7	0.9167648155854293	1.1901618257515365	0.8779922889412554	-0.9566715882307311	-1.0201433885758744	-1.0081039534716152
Hpse	0.788345509071605	1.081996612129076	1.0857297769501713	-1.2313609885933081	-0.9750980734033886	-0.749612836154155
Ptgr1	1.0750088114738063	1.101962937301346	0.7720143320001628	-1.2793015917768527	-0.8766268237742925	-0.7930576652241713
Arsb	0.8120399089100039	0.9414209356257541	0.9898523635150167	-0.11202207863950354	-1.3232171162230406	-1.308074013188231
Dgat2	0.8211063473317695	1.1917904174398317	0.9372654653653394	-0.6979052292677249	-1.083992371743567	-1.1682646291256475
Rab7b	0.8688419225219571	1.0649384553715768	0.9709736135541513	-0.48328159069616333	-1.1726268051151452	-1.248845595636377
Ear6	0.46283820376281465	1.7238020646261816	0.5552490682082839	-0.9139631121990933	-0.9139631121990933	-0.9139631121990933
Rps4l	0.8694399030680524	1.1045433089779035	0.9509177635527766	-0.5525860099988551	-1.2023329898076853	-1.1699819757921923
Mogat2	0.8743695269812679	1.075278631853345	1.0325956588385594	-0.8176626688106671	-1.0529479046321915	-1.1116332442303127
Prom1	1.0188884894009325	0.916573481256596	1.0586712125668618	-0.9073245205230114	-1.0566629210303755	-1.0301457416710038
Asns	1.0730466427721863	0.5704375662970271	1.1874295753192097	-1.0854541836288776	-0.41904626786485055	-1.3264133328946943
Nrg2	0.6743001851198199	1.2275734154241762	1.0522120957617174	-0.8633055939442226	-1.0340938378066171	-1.0566862645548725
Pxylp1	0.8567386961652056	1.046278654902256	0.9925392636079698	-0.4610077277023569	-1.1461290766190901	-1.2884198103539848
Siglecg	0.9101760798624774	1.0565922458868369	0.9350544653655224	-0.8837954036792267	-0.5826606166834325	-1.4353667707521784
Fgl2	0.7301645061205864	1.0587517136523343	1.0009904959509877	-0.22816792939444677	-1.2080366355648549	-1.3537021507646054
Chil3	0.6210926450071286	0.4094348922934666	0.611262253668915	1.0353266894628892	-0.8816185430379364	-1.7954979373944615
Gpx3	0.975755649348381	1.0764997140973047	0.9026696474040131	-1.1879478808313029	-0.65775362155444	-1.1092235084639566
Hsd11b1	0.9094829957101704	0.9178758331159074	0.803388028344177	-0.2825474663687107	-0.5229242001702826	-1.8252751906312594
Cfp	0.700694095951244	0.8371173751604599	0.493539481118704	0.5652491475294982	-0.637237107770347	-1.959362991989557
Myof	0.7713720922659602	1.0706666180690723	1.127214212133799	-0.8097465692823979	-1.0621058397055798	-1.0974005134808535
Clec7a	0.9366759871986117	0.9730536208840458	0.8115719087714098	-0.10335185108030653	-1.1094203899410007	-1.5085292758327613
Arl11	0.8591293294575248	1.205270610108223	0.8158014435626589	-0.4617846667189861	-1.154104951616415	-1.2643117647930058
Pram1	0.8625916883043226	1.0879345980163642	0.8096093797997498	-0.16055593211614105	-1.2217484107531498	-1.3778313232511465
Gm1966	0.7623796315280168	0.9040782265576975	1.2638641327306894	-0.6826541898093066	-1.201439625118922	-1.0462281758881755
F13a1	0.7670907157322421	0.7409723403050006	0.7520833327326681	-1.5881105574588141	-1.2160722501630572	0.5440364188519576
Mrgpra2b	0.8930037583086614	1.0140816205325138	0.7976285813576015	-0.046086193925890015	-1.3001877464456537	-1.3584400198272337
Clec4b2	0.8150284282484848	0.8709998208446316	1.1283785457310591	-0.2790006184145535	-1.190676320112301	-1.34472985629732
Dio2	0.9120990138139252	0.9576486732729279	1.0089935849015899	-0.4433698729449218	-1.4058645816139195	-1.0295068174296025
Gbp5	0.7566138042698712	1.230162907076217	0.9770835409678202	-1.030962156880015	-0.8468412832800964	-1.0860568121538012
Tspan8	1.401783859209066	0.2692619490113435	1.1464697442277556	-0.9732142368766751	-0.9112529911299261	-0.9330483244415628
Scpep1	0.8336884223078723	1.0898844230056837	0.9045525372269572	-0.892996874906083	-0.406718607817401	-1.5284098998170281
Gypa	1.1458650650123627	0.3788101115466991	1.3369466711820892	-1.0815327592069188	-0.8584371100761327	-0.9216519784581
Gm4841	0.9472276055684515	0.9665603997017713	1.0819569817405812	-0.9380836527503172	-1.0075712712366722	-1.0500900630238152
Gbp6	0.7219415371983331	1.1841009936700158	1.0387796654926138	-0.720438883534861	-1.1605099454859915	-1.0638733673401108
Mefv	1.0572486030268433	1.065356697484476	0.8616958772070805	-0.8397698393003826	-1.072265669209009	-1.072265669209009
Gm4951	0.7669700805425412	1.1230783181449746	1.055945099002242	-0.6756292435745656	-1.1641660605657553	-1.1061981935494372
Il6ra	0.8181236191164731	0.9375946242613826	1.1363894180654848	-0.46598494662881157	-1.2170281416552995	-1.2090945731592295
Siglece	0.820858118708797	1.006705915493152	0.6442134259660899	0.2642866217534472	-1.1620545399591764	-1.5740095419623095
Rassf8	0.759610884474177	1.2067705104671536	0.9852939113444008	-1.17674755596629	-1.0215777775397563	-0.7533499727796846
Ear1	0.35985870652192525	1.9875828692605608	0.04993980902628229	-0.8160069151340638	-0.8160069151340638	-0.7653675545406402
Nuak2	1.006513085476402	1.0600842640419457	0.8282018315384105	-0.4615369373475937	-1.2604236455622229	-1.1728385981469411
Tmem246	1.066879464257022	0.6033837256139043	1.255193577154283	-1.149366555510073	-0.7787435192262231	-0.9973466922889141
Gstm2-ps1	0.9991425882764866	1.1456475411015232	0.8302775368933573	-1.0716864999929203	-0.810440582693796	-1.092940583584653
C4b	0.23631464001257751	1.3457420548768093	0.8317412608969256	0.18848011315762425	-1.400863305499778	-1.2014147634441588
Prss50	0.8442610006249526	0.4775467390648256	1.530962442997515	-0.9715815963403799	-0.9096069900065336	-0.9715815963403799
Plau	1.0154158051197233	1.1378125610539187	0.7795330143886144	-0.6148720433939411	-1.192623138505312	-1.1252661986630037
AC073683.1	0.8337291528046238	1.0249695894621442	1.125221052807576	-0.8783505179726556	-1.0527846385508444	-1.0527846385508444
Gm36161	1.0065065822613164	1.1308262116458432	0.6698148157600431	-0.2882239070194871	-1.214945780911692	-1.3039779217360223
Fndc3b	0.9491411858174735	0.8943091815255233	1.106594207615964	-0.6456560619629903	-1.114668284615181	-1.1897202283807897
Fhl2	-0.6063383613468544	1.5550640106492215	1.256450843713139	-0.6366496967432983	-0.7842633981361038	-0.7842633981361038
Mmp19	0.9384999034604825	1.0971526008763957	0.9371353129341895	-0.7448236917549649	-1.1309688628349128	-1.09699526268119
Cxcl10	0.5609953043297301	1.4555457093303772	0.7908336011519489	-0.5123494549767149	-0.997211273028132	-1.29781388680721
Gm1673	0.6450201741048026	1.4448828509842138	0.6284850149418041	-1.5326383802324315	-0.4358914302901108	-0.7498582295082793
Bex4	1.702391297291262	0.22557647515390125	0.7793787425171201	-0.9088735926870081	-0.9102878618197571	-0.8881850604555183
Gca	1.0930954943433355	0.7453234764859881	1.1354919569148292	-1.0506529266052107	-0.9026335356153752	-1.0206244655235666
Sun2	0.8162055538170767	1.089347439022963	0.9562789034674303	-0.379912774984365	-1.1762821658297862	-1.3056369554933205
Gm13203	0.4548081488757856	1.4563907437561754	0.9369041754092813	-0.71547568547114	-1.0017734620715073	-1.1308539204985937
Pi16	0.5934650943292877	1.0303520718514236	0.6888193826271877	0.4673218044587897	-1.26909130277894	-1.5108670504877466
Alcam	0.7908947805090261	0.745960449483463	1.2609860251522644	-0.4185038797606944	-0.8563715019731878	-1.5229658734108702
Gda	0.8733880497153512	0.7729893716396802	0.7937779914351577	0.34113764653363227	-1.2778927903542032	-1.503400268969617
Batf2	0.698407906857868	1.315342896456846	0.8680770489135061	-0.6240057346250628	-1.3413706823946046	-0.9164514352085514
Lonrf3	0.9711172572277494	1.081543900417604	0.9446569249997571	-0.9924083652220802	-1.00992169748446	-0.9949880199385706
AC102496.1	1.0122703876914116	1.077592339532491	0.9060080429498858	-0.9669416895096558	-1.0144645403320665	-1.0144645403320665
Gm12250	0.594256262108339	1.164392876946011	1.0946674299667924	-1.447998879387976	-0.7682037978089071	-0.6371138918242574
Spata13	0.7358624678938067	1.0410766591010787	1.0509454404358496	-0.35723878725354874	-1.0225851844799978	-1.4480605956971877
Cdk5r1	0.9246059021810383	1.124850752055149	0.9433912093041711	-0.9684060351731614	-1.0498714804436642	-0.9745703479235321
Cask	0.9109908592684695	1.0337033721335034	1.0334225222983915	-0.7739271376534367	-1.050124927156953	-1.1540646888899742
Ascl2	0.7411230203554211	1.3451703250464884	0.8426239781918214	-0.7582814548820702	-1.0997660242449945	-1.0708698444666653
Gm21188	0.6404285683974746	1.2265146220868945	1.0119714076760595	-0.5168292835362864	-1.1331314084690698	-1.2289539061550718
Ccl24	0.4428298854597725	0.93031314047734	0.6510479172952115	0.726705171229277	-1.0570609968678626	-1.6938351175937367
Mcemp1	0.6025731538006848	0.9077325739228959	0.6107981326627182	0.6926664209883194	-1.3802915253305819	-1.4334787560440354
Tlr4	0.9305486745057844	1.1244897601881818	0.9127859974888893	-0.738832928740117	-1.0581574494971775	-1.170834053945561
Pld4	0.521878451775928	1.1859776276829261	0.7068393922078289	-0.4271688679830291	-0.08165755690822568	-1.9058690467754298
Tmem53	0.6617130019686962	1.2525564549962425	0.9684024871952392	-0.5671811691524968	-0.9949700674260289	-1.320520707581652
Nrp1	0.682877390387235	0.9758512655234465	1.2723920512216225	-0.7274254872352195	-1.0512161242691125	-1.1524790956279725
Col5a1	1.1640787395218566	0.5765465932361677	1.1970324796103615	-1.0234621645043027	-0.9634486292396647	-0.9507470186244192
Gm29718	-0.027499318795545773	1.1871042681001545	1.401813386917908	-0.3227691045310123	-1.205902286944275	-1.0327469447472295
Rnase4	1.1043045404873402	1.2781929584487026	0.5410369825704469	-0.9440308422996966	-0.9473155951441078	-1.0321880440626856
Papss2	0.8169211255957392	0.9150039964461202	0.8572633679076034	0.10357819314834307	-1.595664740965383	-1.0971019421324226
Aldh1a7	0.9587954975706884	0.14934044430134893	1.5193648395292405	-0.5036012561861949	-0.7149265010676267	-1.408973024147455
Ccdc125	0.8427516607680693	1.0179868027071255	0.6104354950373725	0.2538590764674217	-1.135036779255748	-1.5899962557242422
Fcgr3	0.6922233206549494	0.9776256792376508	0.5630972405045093	0.17048327980219743	-0.3860263620584965	-2.0174031581408145
Cpd	0.9394234586928876	0.7939704783219299	1.2201360254881304	-1.196467820709403	-0.9862194942801579	-0.7708426475133875
Igtp	0.6856648139409179	1.2308201571930382	1.0041372066073915	-1.1146551147145427	-0.6446819318771865	-1.1612851311496175
Gpx7	0.8975785176797723	1.4708495221100308	0.48540362747276233	-0.719540669909822	-1.067145498676372	-1.067145498676372
Chd7	0.9861657215992867	1.1189945671566095	0.840622941746874	-1.0394418431412313	-1.2457226635671328	-0.6606187237944046
Padi4	0.7273645269233896	0.99050376269023	0.8261792507357145	0.19740550248554278	-1.2982018315597363	-1.4432512112751406
Peli2	0.8499999814526504	1.0968369382165386	1.0418301816227007	-0.9098107339264618	-1.0242432319446921	-1.0546131354207369
Ms4a4c	0.7629774265274131	0.7860265867773419	0.5468429089882249	0.7042317815230777	-1.1940931107566208	-1.6059855930594373
Ldlrad3	0.7131714934828925	0.751121564926907	0.8005545597796186	0.5127954253763519	-1.1009798766204633	-1.6766631669453085
F630028O10Rik	0.587744303622905	1.6713349592530378	0.49021539056213775	-0.9964460161592228	-0.6622501807647481	-1.0905984565141085
Myh10	0.9761479722723161	-0.019034199116502205	1.6615422002211864	-0.8847368320362736	-0.8721217437262242	-0.861797397614501
Traf3ip2	0.784366580965782	1.2258006440483187	0.711569985965198	-0.20384715721213073	-0.9722298565010347	-1.5456601972661308
Ccno	0.8035221971050728	1.254746849048988	0.8569022516561737	-0.5949626080281596	-1.1629563306779749	-1.1572523591040995
Tmem178	0.3919957452103005	1.4336543834617845	1.0328058001965874	-0.9635930300486004	-0.9635930300486004	-0.9312698687714709
G0s2	0.5025250814455493	1.3164078019553744	0.7516283416844888	-1.739637892266536	-0.21793054389349686	-0.6129927889253804
Ptpru	0.8181039781338703	1.0711336844939705	1.0980576583096804	-0.9518254200352237	-1.010406889093106	-1.0250630118091917
Dntt	0.7401125938264208	0.7897751672352952	1.360805997157862	-1.1992367297489295	-0.6133350997235258	-1.0781219287471209
Gm7846	1.8091839299221342	0.5233183393595223	0.09505964974592775	-0.47265358216667464	-1.3709769599511898	-0.5839313769097192
Sort1	0.8371740543805898	0.9150341909610296	1.144096215256491	-0.7747822795199798	-1.4494641386481577	-0.6720580424299754
Zfp516	0.6977687036453725	1.0050246634301936	1.2513477191718885	-0.9875836697841011	-0.8645824427351274	-1.101974973728225
Nlrp1b	0.8036992579785748	1.0292491861530606	0.8161664578923732	-1.7764184223456654	-0.6509687706241117	-0.22172770905423153
Nod1	0.5758896755250343	1.1648113142776115	0.9789093130939335	-0.21960934709716634	-0.9499408291121241	-1.5500601266872915
Mrgpra2a	0.7795093462996048	1.403484656806046	0.5624021069774927	-0.28672841653462566	-1.2013761223424975	-1.257291571206021
Xdh	0.5185520665178566	0.9515954413870135	0.9251392230130507	0.3608069280539085	-1.5220598852139653	-1.234033773757865
Id1	0.5218269805381908	1.5867244752306744	0.576329882002769	-0.7974031591753779	-0.46378743881882184	-1.4236907397774332
Ly6i	0.6133791143862941	1.2200846558684422	0.8518277220836982	-0.07647046579861091	-1.2853353980519193	-1.3234856284879049
Gstp3	1.3879189915628254	0.01989081175462329	1.2290296793453435	-0.522258669335523	-1.2220495490704184	-0.8925312642568496
Ptprr	0.8525181834460059	1.008563644690451	1.128743046949582	-1.028757688312084	-0.9616045326122071	-0.9994626541617478
Nrp2	0.8656669961000223	1.03683424412389	1.0778113043272488	-0.8568408226705723	-0.9495397778278216	-1.1739319440527671
Calhm6	0.4368304231405686	1.6919109718646554	0.44963259734232097	-0.8245199210425699	-0.36379361236109975	-1.3900604589438708
Sdc1	0.5512122559340714	0.8443400075075107	0.513765668202636	0.2522121025774738	-0.0038288886197418302	-2.1577011456019517
Csf1r	0.46554500894855744	1.3229627595613427	1.0175529826851863	-0.9117279319117081	-1.3785172366667173	-0.5158155826166578
Stxbp6	0.8757726104712694	1.0692709994738483	1.0489178252798812	-0.9661727349456836	-1.0138943501396578	-1.0138943501396578
Stat1	0.6252096805713805	1.2711274910479808	1.0294380070246438	-1.2064977449218137	-0.8573051615878143	-0.8619722721343744
Olr1	0.9875147193450765	0.7584169734793929	1.2246703259431202	-1.0629817244831925	-0.9672865339250666	-0.9403337603593284
Aoah	0.6209757481298036	1.2974478527154256	0.9232659145912508	-0.8970008126984382	-1.409997585912421	-0.5346911168256202
Gm13710	0.8566138026022594	0.7429892673012541	1.1330196265805343	-0.12065070672012976	-1.2575564741222076	-1.3544155156417117
Nrg1	0.5710070285356927	1.1968825330440012	0.9255220371840215	-0.09502669195741932	-1.2991924534031485	-1.2991924534031485
Glt1d1	0.94289852463288	1.1471770213872432	0.9002866778489178	-0.9960239451844228	-0.9544206467379871	-1.039917631946632
Apba1	0.5664832442334116	1.0874777124642658	1.2766514196739926	-0.9299621231638977	-0.9842030425111062	-1.0164472106966662
Casp12	0.7644534251671286	1.1734454195481456	0.840435144210431	-0.35360837727492117	-0.8465626239698626	-1.578162987680922
Klrk1	0.1655219882478863	0.6104632891662455	0.4294295554411007	1.4112242603436025	-1.2913885706988453	-1.3252505224999915
Aif1	0.32761986721689956	0.9735652088004524	0.530652372984741	0.8722455214636766	-1.001043293949192	-1.703039676516577
Atrnl1	0.6273531331568003	0.6623643975619727	0.984448126992117	0.5235700171398557	-1.3254671548389068	-1.4722685200118377
Sowahd	0.8065321965589235	1.1600412290509878	1.008950632908982	-1.0397989509862182	-0.8431006230141136	-1.092624484518561
4930438A08Rik	0.5124505869813264	0.5324275088589799	1.271836138384872	0.3940438902461495	-1.296333365199399	-1.4144247592719288
Bc1	1.2699527643296595	0.7472559861069832	-0.4961471153675639	0.5193351026334707	-0.23554935971717034	-1.8048473779853784
Fam20c	0.6127451296865758	1.2650235643138479	0.9851501448637836	-0.5451991781335407	-0.9709986806500378	-1.3467209800806301
Prkcb	0.49049698227192867	0.8682952060423808	1.0962743791856286	-0.011068344136048522	-0.5828698348754914	-1.8611283884883973
Celsr1	0.47584020637242547	0.9257016595232109	1.424730378175407	-0.8939193643517251	-1.2983738429326026	-0.6339790367867173
Lrg1	0.317014645534368	0.79557245156332	0.5278339242469221	1.0798722753084902	-1.1133313364468895	-1.6069619602062117
Sgce	1.159687253418599	1.2303516862503527	0.5339555893886411	-0.9157209479856987	-1.0278579642471781	-0.9804156168247168
Gm8995	0.7829735576547678	0.9003367620804934	0.8167596380815814	-1.8421017373033879	-0.7159272044461135	0.0579589839326582
Gpc3	0.9893533889339341	1.1530659818186275	0.41867506883761213	0.08541567691856838	-1.2639838010702074	-1.3825263154385374
Fgd4	1.007778908891105	0.6638322135198724	1.236425705770968	-0.6078145814913104	-1.1478550606672824	-1.1523671860233513
Ctss	0.35805597254841165	0.2832757442924227	0.20838791794062175	0.9112823233844873	0.4170208564999948	-2.178022814665939
Camp	-0.09943649340645733	0.42239312485491	0.5574105003690923	1.4988909193690096	-0.7292587720485257	-1.6499992791380278
St8sia4	0.5596609290602131	0.5154166762660415	0.5968072668108987	0.8384714780024072	-0.47704982485193226	-2.0333065252876232
AW112010	0.6600986864468392	1.0356092627380382	0.419435053671101	0.6482079260476149	-1.1846605902581067	-1.5786903386454922
Cxcl9	0.4665071816760649	1.4561739795884292	0.4711746305483606	0.21181817999796831	-1.290847551431226	-1.314826420379597
Vill	0.2133607003875549	0.5929349795315868	0.17253887894916634	0.15545103035281885	0.9990099334197927	-2.1332955226409216
Tlr1	0.7931515497680819	1.445570133017834	0.3600790777554479	-0.2646415333232582	-0.7443528240471149	-1.589806403170989
Gbp2	0.5702736972334771	1.4231993190078631	0.814446341669635	-1.220541528353287	-0.44991358419247857	-1.1374642453652175
Ifit1bl1	0.2471708196891664	1.2273411576898492	1.1746856986105731	-0.21990375035710383	-1.0509985133338942	-1.3782954122985909
Lpxn	0.4274105297945885	0.7973594155649636	0.37577945615520797	0.8812179941759082	-0.47140395628410664	-2.010363439406563
Cyp27a1	0.6343189032514035	1.0572236082133921	1.1184144540908443	-0.3057302672857785	-1.2489348592062617	-1.255291839063599
Mapk13	0.9310468179262392	1.105563511311605	0.883639684851511	-0.5372471472703658	-1.1592816897932372	-1.2237211770257521
Il12rb1	0.3308184917521761	1.3337611207855906	0.773217096242181	0.10308922958316	-1.641318726769359	-0.8995672115937476
Oas1g	1.4631899452921269	1.0887151558420385	0.23694429688314414	-0.8420850438837412	-1.0557804392304793	-0.8909839149030893
Rnase10	0.9629413306781399	1.1456128974658117	0.8800644035123779	-0.9308799884328333	-0.9963115749924305	-1.0614270682310645
Il22ra2	1.0516425385525725	1.255641859065162	0.6435547166388298	-0.9650373604981011	-1.0040231471008465	-0.9817786066576165
Slc36a4	0.5370328967606474	0.5384597449688352	0.9514313578080487	0.35366239253775056	-0.3077507695045102	-2.0728356225707705
1810006J02Rik	0.8165646433123797	0.7974083504122422	0.7418485283924123	0.30638058156192566	-0.8263764805471773	-1.8358256231317838
Ifi204	0.6154290663953017	1.3346603876450143	0.6681657023345746	-0.013409773497960709	-1.2837980875780766	-1.3210472952988546
Fn1	0.5581817308099022	0.5228970645620977	1.5246457449041926	-0.12598645928898788	-1.244565035314414	-1.235173045672791
Mgll	0.9882255319024432	0.3107556208697715	1.4278347929265314	-0.4116139757755698	-1.0186353408610171	-1.2965666290621598
Cerk	0.36914530415637803	0.9077726488829166	0.8557959323473707	0.24892297034049665	-0.35140369631100765	-2.0302331594161567
Guca1a	0.2520292872602746	1.5278503828844188	0.5907637881973716	-1.5077764515683967	0.11969852654983996	-0.9825655333235112
Nhsl2	0.8223658560100365	0.7880805779900519	1.3221585789375137	-0.7377388195415795	-1.0694802409342177	-1.1253859524618053
Gm9008	-0.9892195429606339	1.2441445752173161	1.163503530419857	0.5095473467866286	-0.9354883571015328	-0.9924875523616349
Rhobtb1	0.8709441055276912	0.9721423880335897	0.9855585894725747	-0.82558344539317	-0.4370160618163306	-1.566045575824355
Ceacam1	0.5940498129739797	0.943522531785205	0.8137577146034977	0.38296270840433805	-1.0432408979137548	-1.6910518698532655
Ptpro	0.3954712813320378	0.9007980621309953	1.3449527176171123	-0.10670793791451666	-1.267257061582814	-1.267257061582814
Irgm2	0.42486849681232863	1.0015736112084124	1.1810707028573204	-1.3095978121520153	0.008336557755678155	-1.3062515564817243
Man1c1	0.4367912750804666	1.0431434349298365	0.9235190273879916	0.23851724578515962	-1.7217859080711055	-0.9201850751123496
Pyroxd2	1.2987739104242175	0.9418685960015212	0.70598646792403	-0.8331469785032966	-1.0491244566184346	-1.0643575392280384
Psmb9	0.5202575234195665	1.5788816384641677	0.6779840525025295	-1.1830866800070556	-0.5661154989944859	-1.0279210353847223
Ifitm3	0.7562826592635621	1.4265259067836578	0.4825253086158859	-1.5196517003498902	-0.2609159435150634	-0.8847662307981541
Arhgap26	0.30232556969108154	0.8130602778707424	1.5917758072845443	-1.2455363404849138	-0.9478920879701134	-0.5137332263913432
H2-DMb1	0.31313686156045156	1.47218057821343	0.5377284672196606	-0.11837396344367918	-0.39481347671011263	-1.8098584668397535
H2-M3	0.5055846669367027	1.2839862040274068	0.442120104827764	-0.25728262899063914	-0.016391402009198953	-1.9580169447920308
Mansc1	0.3175273277818498	0.7098170173139629	0.41373128024170913	-1.401726133826196	1.256756270848906	-1.2961057623602328
Vis1	-0.6686932451362245	0.7742736565924574	1.9004993239524413	-0.6686932451362245	-0.6686932451362245	-0.6686932451362245
Hdc	0.652708066646423	0.8697714833389132	0.3566584222923531	0.8782921006020028	-1.6207451987363222	-1.1366848741433686
Gm31925	1.057103788330513	1.4061135988824887	0.3913747695459365	-1.0289578786190101	-1.0289578786190101	-0.7966763995209174
Gbp7	0.5991908518299921	0.5045401958851863	1.0979092295182875	-1.1483492083417053	-1.600793544581204	0.5475024756894443
Vav3	0.8662729994152489	1.1216813327764334	0.8663009087442218	-1.3656411550929137	-0.3782721395821069	-1.1103419462608783
Gramd3	0.7090566701949916	1.2570214508907465	0.8287149871385826	-1.5465794792940883	-0.4517112474582369	-0.796502381471997
Fam114a1	1.1648752411787284	1.1475418943340974	0.5908010497992463	-0.7368398188726598	-0.8738606605234761	-1.2925177059159378
Mgat5	0.3919216599659781	0.7076289623903421	1.0305034338225503	-1.7887812233308336	-0.8867891580772213	0.5455163252291835
Nrxn1	1.009700372680789	1.2267602655497665	0.6873113032926859	-0.6721291217407648	-1.216547179140255	-1.0350956406422205
Ltb4r1	0.17803997609856068	1.0071617656363732	0.43743519370997175	-0.18323969563559556	0.6391737808403535	-2.078571020649665
Gm22567	1.236437945227358	1.4486244851652261	-1.060565999773644	-0.376083870799271	-0.21973005621260033	-1.028682503607069
Hck	0.47878754142739927	1.1813804518928597	0.3526441903952492	0.6741481400825996	-1.0382006281677933	-1.6487596956303183
Orm1	1.1304911780371758	0.8496112979537112	0.374265475240202	0.37348321165359755	-1.3639255814423432	-1.3639255814423432
Sema4a	0.5935535650431402	0.5542794172154446	0.6260988210969016	0.9487028145367157	-1.7748763118190682	-0.9477583060731312
Arid5a	0.3538916362868992	1.6656499901953539	0.7294231704308894	-0.8477319747047549	-1.096081244154787	-0.8051515780536103
AB124611	0.467189935534574	0.8327885131954602	0.46596766823473423	-0.9837643935550954	-1.7322423226405284	0.9500605992308608
Eps8	1.0813437745520813	0.8025570849347234	0.9171344413139648	-0.24130412047498498	-1.2052913087716854	-1.3544398715541013
Sell	0.42030146245363204	0.7723570471122019	0.468811654753793	0.8108049982935438	-0.43191437854889014	-2.040360784064279
Mageh1	0.8686176129386696	1.3241144782154066	0.5432553896447778	-0.3784993515368886	-0.8079604526848891	-1.5495276765770767
Rpph1	0.9028224749719913	1.0737405477534339	-0.9380892267023053	1.017452605780054	-0.9870063472847406	-1.0689200545184316
Adamtsl4	0.6785792116556802	1.3529976851128789	0.8154735743544169	-0.6270575402599698	-1.41540185321947	-0.8045910776435349
Zbp1	1.0488599936373044	1.1511850784908693	0.5625669960667464	-0.23161392532611397	-1.2375420174415694	-1.2934561254272379
Esr1	0.3167591750269703	0.956500821097161	1.2406727660896038	-1.7768331707366074	-0.4599469271281184	-0.27715266434901187
H2-Ab1	-0.028742216700096853	0.45143232211625745	0.28409766291040667	0.7388334914078731	0.7131360822590841	-2.158757341993525
Atrn	0.4856482159417149	0.6489902960630749	1.0397597641746164	0.6111590409850453	-1.4586455007342893	-1.326911816430162
Gja1	0.9917674936354075	0.5224112940152013	1.3864214911695245	-0.8632268093083145	-1.037571594205334	-0.9998018753064855
Nlrc5	0.5475475120161303	1.2104247315233927	0.9376365861621628	-1.075882408903201	-1.4756790733778677	-0.1440473474206168
Irf1	0.6834103200696374	1.2177057508040185	0.9173411643114177	-0.9887254365302767	-0.3870917948117211	-1.4426400038430807
Tiam1	0.8526061256930649	0.4065406886796245	1.0285647562471598	-0.68761581092158	-1.8716992414293008	0.27160348173103027
H2-Q5	0.005766587569287069	1.2536025582534973	1.042495400982852	-0.7479970342770051	-1.6643172767346202	0.11044976420598034
Psmb10	0.7443532609260928	1.6731642410775664	0.08577316810129858	-1.2447361690977197	-0.24343093245779177	-1.0151235685494417
Vsir	-0.19864035366916039	1.1928394869956493	0.8722011629255788	-0.19300993279507575	0.24487095382136007	-1.9182613172783503
Nectin4	0.6622926423440362	0.9743541065938117	1.214420761334902	-0.6227200749110897	-0.7490447628848798	-1.4793026724767813
Nags	1.4394748900573777	-0.045464743284171806	1.2577420568429085	-0.8839174012053717	-0.8839174012053717	-0.8839174012053717
Prelid2	1.496225446924086	-0.1796499615053441	0.5686508447962503	-0.18511580046842063	0.13132533248938114	-1.8314358622359523
Tapbpl	0.20908381535437692	1.6732270428462572	0.5906925856971688	-0.9474833919024106	-1.3736393094884334	-0.15188074250694952
Rem2	1.1961461642806166	0.5887728396057971	1.15592841170794	-1.0046040332512525	-1.0046040332512525	-0.9316393490918495
Mmp2	1.094387226151761	1.1916713380418462	0.4357851050212918	-0.21823937276258562	-1.1787210181858294	-1.324883278266484
Rnls	0.6253695640796524	1.3035302366424826	0.6727976120037255	-1.09955159479556	-0.0027980714276664674	-1.4993477465026352
Serpina3f	-0.46976720091042723	1.529221648381686	0.4269612336529875	0.7682508692440587	-0.8758039456239777	-1.378862604744331
Gm45837	0.4845255513884394	0.40697937576165744	0.15520785690961977	1.0746401892123092	-0.018900948423822218	-2.102452024848205
Lrp1	0.24051819404044908	1.042377467896929	1.2809123944919838	-0.029576429828330857	-1.304691846614848	-1.2295397799861825
Pld1	0.945912757741907	0.8363317944031492	0.9403536070540032	-0.6708657120358767	-0.3306434329757603	-1.7210890141874229
Gm11989	0.35425917501176624	1.1823670804887703	1.2958662080665364	-1.2294012245315153	-0.8222960830286697	-0.7807951560068871
H2-Aa	-0.18064613074389718	0.4064668494274354	0.24663612882511626	0.9401224252390094	0.6829191349032796	-2.095498407650942
Rpl34	0.18779851226542862	1.163840618937403	0.17041404663718815	-0.5886780588561088	0.911541262558885	-1.844916381542803
Gm12216	0.16219745407304859	1.729973013413713	0.23777665655081942	0.2326019329588942	-1.3805544042738973	-0.9819946527225812
Icosl	0.09737621755706952	1.1416680765661433	0.9279504283072454	0.4329316401574762	-1.6596724578765552	-0.9402539047113774
Dock9	0.5787374787847759	0.7048549938759965	1.1127014676417109	-1.9230784286864753	-0.4814962090572845	0.008280697441276016
BC064078	0.031235191869003455	0.6576787983938991	0.27986600390661187	-2.089438298290114	1.0575554894212107	0.06310281469938984
Rubcnl	0.05918472821633488	1.45961986597436	0.5284954808019904	0.2680749935487835	-0.5117949404933629	-1.8035801280481105
Pik3ap1	0.3209460455647931	1.3717296284347698	0.9463806069909748	-1.193089320337779	-0.1525262702447733	-1.2934406904079823
Tap1	0.12586410098562562	1.4535074926043186	1.0150707471448428	-0.9375244390524454	-1.371351681976291	-0.2855662197060293
Dgkg	0.7226325358228561	0.6392650502329092	1.1189626741872216	-0.2226089220962714	-0.3488498645724251	-1.9094014735742886
Trem2	-0.040098725945462786	1.0877480920867215	0.2862170471335213	-0.24923422516229224	0.8864849402960436	-1.9711171284085294
Flnb	0.32725418073447177	0.5841273620476368	0.9165648497474713	-0.1664651382027002	-2.1159717699602956	0.4544905156334119
Csrp3	1.3741364749880798	-0.2027745647857401	0.7714426117577672	0.44680942350539615	-1.653468970086367	-0.7361449753791361
Sh3pxd2b	0.8431930142555292	1.1912811966786285	0.9092454636644115	-0.6605656548015865	-1.1273605652781127	-1.1557934545188704
Pygl	0.9211019831308286	0.8730751330649639	0.7565052310142738	-1.516948062557905	-1.2174297997712422	0.1836955151190778
H2-Eb1	-0.1780667099089632	0.3205831949841575	0.19425932622842101	0.9071092727549669	0.8325865384980576	-2.0764716225566393
Abca13	0.3978214670672855	0.5719547453604733	1.7422053122364307	-0.7687719954598521	-0.9596782936942477	-0.9835312355100907
Rdh12	0.24848327992717348	1.1044166260860544	0.3134657687596519	-0.3593938821038175	0.6950332157894505	-2.002005008458514
Foxo1	0.9804986904864113	0.8350597865984596	0.7244028086795045	0.19794262287925202	-1.2479192044099194	-1.489984704233708
Rpl39l	1.5718487836393922	-0.7794183409508793	1.22696035818022	-0.5292589541267672	-0.8590949322992786	-0.6310369144426868
Ngp	-0.230988993448313	0.3716107949071856	0.15691743727253704	1.7469097651572383	-0.4555028650088525	-1.588946138879797
Irgm1	0.4423245377255254	0.6643719204161818	1.2295051341716923	-0.791940974073549	0.235772251843698	-1.7800328700835422
Atp10d	0.7331617654321253	0.3044212679417328	1.65545632237451	-0.6881587353223501	-1.272560918426356	-0.732319701999661
Nlrp12	0.6462123508510146	0.9987112105704344	1.1994567723038325	-0.4007355065726095	-1.2218224135763365	-1.2218224135763365
4933412E12Rik	0.48830338221625125	1.5248759620449708	-0.27861385109775677	-1.0486570750834645	0.6629708848787671	-1.3488793029587667
Afdn	0.7731236877441231	0.7757724218948993	1.0682734535653566	-0.6348470682232122	-0.18760144753851865	-1.7947210474426492
Runx2	0.8548070510996245	0.7645243120832571	0.9616878863499027	-0.21104242545151403	-1.8584236027569419	-0.5115532213243247
Igsf3	1.0113049514613937	-0.09975919206895004	1.6568336980101024	-0.8921515262619735	-0.9415743722631729	-0.7346535588774004
Dstyk	0.3963988230772199	0.8305246048495164	1.5548749821640337	-1.190860486894442	-0.6345804805555948	-0.9563574426407261
Gm16576	0.342897048650826	0.9951122520016362	1.1564767645352159	-0.13271673377582194	-1.7924988391069443	-0.5692704923049137
Sncaip	0.4228435476432307	-0.08582593929992016	0.5520987934391717	1.569244384594542	-1.1179883339775498	-1.3403724523994753
Ly75	0.10036822427475163	0.5925881667943107	1.493931215272388	0.3126045117800702	-1.554280952878361	-0.9452111652431612
Tgtp2	0.030018340415086157	0.5666942460872595	1.1355487641503161	-1.8432079419834024	0.7572266157402895	-0.6462800244095624
Arhgef25	1.2869590243581563	-0.8431325442655757	1.1770397846443852	-1.0540579020230174	0.41508254255023774	-0.9818909052641872
Btbd11	0.5061043294712935	1.1512792431118033	0.7741105927958615	-0.13489200007251634	-0.38548370684729255	-1.9111184584591487
Ptafr	-0.0915771245068941	0.9396465984540556	0.5913114403982296	0.23051325508637857	0.4518355409465298	-2.121729710378299
Tshr	0.844080377314926	0.20451175577351682	1.66560415426281	-0.8375524498938558	-1.005686252868437	-0.8709575845889608
Cd93	-0.12624420223479307	0.4105724125471839	0.7680579802916133	1.4009010122643297	-0.8704505790954	-1.5828366237729372
Cachd1	0.9474949531891003	0.07038699327910415	1.6504266589140766	-0.89641486637985	-0.8822384615396915	-0.8896552774627391
Itpripl2	-0.02148748769583895	0.32685292630423185	0.846561093561704	1.3794464510840032	-1.079618404997635	-1.4517545782564645
Ntng2	-0.2588954803008754	0.3632248786204433	0.6475786239967156	1.6063151598718377	-1.281155851674071	-1.0770673305140495
Galm	0.718745523527785	0.8883974840543378	0.11359617699576158	-0.9237041046373817	-1.7233550694535478	0.9263199895130467
P2rx7	-0.3470422978341306	0.47672511593082256	0.4444443113096003	1.6128370679141828	-0.6127979748947013	-1.5741662224257704
Lyst	-0.5895262745079967	0.6374314463112276	1.4968445974501305	0.13223722402986027	-1.7278659728187697	0.05087897953555009
Pik3c2a	0.513751307147785	-0.08235188022080453	1.0860260823044101	0.39471337245471566	0.17660193977890518	-2.0887408214650107
Rab19	0.3078587871486206	-0.07644154634979888	0.4421917622200921	1.6756682151746556	-0.91345820086959	-1.4358190173239793
Trerf1	0.8272214329988029	1.0433420451141417	0.8910870639550161	-1.553910350605684	-0.9841005254578551	-0.22363966600442153
Sfrp4	1.901808520703914	-0.24543865258002315	0.6939442877939198	-0.7834380519726035	-0.7834380519726035	-0.7834380519726035
Cyp1a1	0.9544998740107724	-0.0022016451073232596	1.669925009206479	-0.7998793092212287	-0.9111719644443496	-0.9111719644443496
Slc26a6	1.1207233378577721	0.5616139951647384	0.572578218441115	-0.07064019988107119	-2.016854838111209	-0.16742051347134346
Krt80	-0.22616950381527223	0.5113360544098441	0.23167052206862973	1.7497434775809488	-1.1746160025770747	-1.0919645476670734
Gm3375	-0.036165916600553745	1.9235881283202385	0.002820942274162142	-1.350441621544772	0.1357514006185097	-0.6755529330675784
Ncam1	0.8036244800517588	0.5839505768133307	1.4726252419860615	-1.0821509466470642	-0.6736367762555231	-1.1044125759485637
Atp11a	-0.2047633969188469	0.7562269044156854	1.265134506307352	-0.6447112958588368	-1.7442428898398497	0.5723561718944999
Kcng1	0.45499496106942044	-0.13875764247308295	1.9856905870082064	-0.9083085778884651	-0.5651910732902913	-0.828428254425787
Lyz2	0.016937009020150575	1.0858077011218683	-0.43201205261139697	1.0851156309842938	0.10062652422157756	-1.8564748127365
Lmcd1	0.6682869054699319	0.4972941701437182	1.6173068294944977	-1.1505305296703394	-0.6850414708193313	-0.9473159046184774
Ephx2	1.641715551562988	0.6724696405150343	0.32257659201147726	-1.3558487622336124	-0.42855556496773173	-0.852357456888155
Gm11837	1.3220222565424904	-0.2365506802967101	1.439276456720175	-0.8415826776553181	-0.8415826776553181	-0.8415826776553181
Nlrp1a	-0.3390956418503526	0.9749755137994734	1.6839922504111713	-1.151980653891666	-0.7955613358839744	-0.3723301325846508
Rmrp	0.48097578142653363	1.1156672210822904	-1.2205259612739414	1.2839673098604074	-0.7677796339432764	-0.8923047171520134
Rmrp	0.48097578142653363	1.1156672210822904	-1.2205259612739414	1.2839673098604074	-0.7677796339432764	-0.8923047171520134
Mpzl1	1.651274310301374	0.026939069948999805	-0.3822187942777819	0.750378668308638	-1.5077412361262383	-0.5386320181549924
Mndal	1.3009974264351691	0.8107217578343417	-0.9163071530349636	-1.6381096599162397	0.3420204264725505	0.1006772022091333
Mpp2	0.9696255787852589	-0.6180747720664709	1.6957104059237889	-1.0898186052724244	-0.19914728241315768	-0.7582953249569947
Spon2	0.5365831599486528	-0.3044389457362566	1.6553162888031392	0.39588203447627673	-1.3822687207489017	-0.9010738167429101
Sntb2	-0.42507209712846433	0.7962322909963564	0.9950845633656056	0.6887358702740864	-1.9245144979459048	-0.1304661295616802
Plxnd1	-0.7059026840268109	1.1420299398562497	0.9121167803979449	-1.4113902430118506	-0.7965258811161053	0.8596720879005701
Cmah	0.9385624647464176	-0.6147829952502499	0.3051831267013614	0.3912983033135488	0.8995548190164315	-1.9198157185275087
Gm13991	-0.5083136438145082	0.2659735900061075	0.8013551525984219	1.5997189677474253	-0.8152287668724153	-1.3435052996650343
Nfam1	-0.5720131108678803	1.1674299068125162	0.1891949448971545	0.9134484496159445	0.15047513516911787	-1.8485353256268582
H2-T22	-0.29917889607203524	1.5173950312555284	-0.1820284823393665	-0.8744189575110825	1.101734963488539	-1.2635036588215793
Lrp4	0.05171531078522949	0.0864577714689678	1.3466062927538491	-1.135603775192435	-1.3632728588519603	1.0140972590363482
Ifi47	0.13016266529170015	1.3652538519321544	-0.4156327373520881	-0.07848518874887302	0.8106343634621397	-1.8119329545850122
Morn4	1.4363786285539166	0.7114627078497167	0.7426313574613761	-1.0887850760329552	-0.7129025417990991	-1.0887850760329552
Zfp862-ps	-0.7281925610673894	0.4922622211253567	1.433083983990594	-1.4031902665109575	0.872276176176217	-0.6662395537138266
H2-T10	-0.3784199354854605	1.8606797185215052	-0.16551352987144888	-1.1436475424986308	-0.8091707380982361	0.6360720274322746
Gjb3	1.992739863627813	0.35780347553686415	-0.5453493221921545	-0.8953628576827134	-0.8953628576827134	-0.0144683016070962
Btnl9	0.5040773846740156	0.7585026141501007	-0.38149206577499617	1.461981040613303	-1.438619592701879	-0.9044493809605478
H2-Q6	-1.1039313650161875	1.4507180214574449	0.5104300449422365	0.9021929254376425	-1.0447816751859111	-0.7146279516352196
Rapgef2	-0.3869744624189949	-0.003538352583293182	1.076039359414069	0.6666029063620638	-1.9671671771491648	0.6150377263753202
Cyb561	-0.854800031325699	0.7079879210168681	1.1482700483840644	-1.4628029211350646	1.0063444335728575	-0.5449994505130271
Smoc1	-0.38749098371102897	0.615248810066237	-0.014104108041884665	-1.1309719035351948	-0.9145282471820887	1.83184643240396
Il31ra	-0.3217356882135523	-0.29898937875985865	2.154446711184608	-0.007024871327197477	-0.7633483864419998	-0.7633483864419998
Rere	-0.3146589771747006	0.00011742494065848519	0.5436125977136497	-1.7511379521451185	-0.0698236632268817	1.5918905698924006
Lrrk2	-1.1930892357851686	0.270205831228737	1.427512025780764	0.9852221894155285	-1.1838136706996238	-0.30603713994024306
Ppp1r3e	-1.2202294461735683	0.08096404545588282	1.3262221421158848	1.2705435801951022	-0.9147409789821794	-0.5427593426111181
Nnt	-1.5846732172095441	-0.06074936356087885	-0.9629981450097487	0.9865779748500492	0.4440209616182193	1.1778217893119032
Nnt	-1.5846732172095441	-0.06074936356087885	-0.9629981450097487	0.9865779748500492	0.4440209616182193	1.1778217893119032
Rps6ka2	-0.8097711936434077	0.3368316761647056	0.6342311418646989	-0.3696050026157366	-1.4239566582571546	1.6322700364868996
Csf1	-0.689089764959255	0.8469778068136952	-0.057863543303179825	-1.282359564472767	-0.5181186213522959	1.7004536872738032
Fmr1nb	-0.7057284703876265	-0.7057284703876265	1.5195492925215557	-0.7057284703876265	1.3033645890289502	-0.7057284703876265
n-R5s194						
Gm7107	-1.9034177998680928	1.3875454757946222	0.4318505915413018	0.43906427467887943	-0.108898178508527	-0.2461443636381848
Sdc2	-0.06583871163538535	-0.7132862097590674	0.35456325036302366	1.992387626029436	-0.49884685922832434	-1.0689790957696828
Ifi203	0.5110227250953958	0.7403108092302274	-1.468731696971197	-0.3219270982468811	1.4496096541259078	-0.9102843932334437
Camk2d	0.02418933104416378	0.2425860976285744	-0.37573196402984804	0.5912783420022257	1.391852432875839	-1.8741742395209564
Tlr12	-1.0302396816471988	0.7982216594992163	0.16088142222391763	1.597443046371725	-0.2345060923256371	-1.2918003541220249
Rn7sk	0.268694761876252	1.2710664906365394	-1.6073672742739744	0.9169808998795705	0.08863055905745452	-0.9380054371758448
Sp140	-0.3727791965409966	0.6522279514281814	-0.5227716281793123	-1.0093105498419697	1.9222895435303915	-0.6696561203962964
Lpgat1	-0.4722205221242601	-0.5934717449005164	0.6305741616743766	1.5361145576439128	-1.5657397651243248	0.46474331283080855
Bpifc	0.10524833256539294	-0.38786013604805913	-0.05726760242793091	2.058982016603987	-0.6165041007504408	-1.1025985099429494
Tceal3	0.4727979405269596	-0.7131259467573958	-0.36296921487810196	2.0295491146233298	-0.7131259467573958	-0.7131259467573958
Kif13b	-1.362541400252425	-0.2783535190515882	1.025204288904967	0.8063310015876243	-1.17851334873645	0.9878729775478811
Pvr	-0.8846138293914348	0.5236847568899361	-0.3640814194041571	1.6234501196217328	-1.3903548188042139	0.49191519108814463
H2-Q7	-0.8704704385505946	1.3416440815393986	-1.1161791485647015	-0.1910551037945311	1.369454436824205	-0.5333938274537657
Acp5	0.16910446303947282	-0.24570397544570285	-0.055863370567486255	0.9900062727294012	1.0812133660016943	-1.9387567557573782
Kalrn	-0.3875568677635742	0.7933559332571276	-0.8848263088861757	-0.8431493554635077	-0.5331671434353856	1.8553437422915164
Arhgef3	-1.3121728712678695	0.08093090839318422	0.39048093549605906	1.545575561130382	0.5084038634924676	-1.213218397244226
Gbe1	0.2142884861879181	-0.6399970331427036	-0.6309529734987545	0.5666498627827236	1.7788302660137039	-1.2888186083428668
Arhgef11	-1.2078556146837183	-0.4549896703636362	0.05077715264807544	-0.7425539701101668	0.46738786056117565	1.8872342419482637
Gm8483	-0.8797197927214737	0.5223678461211886	-0.08590242505086915	-0.5818905669117176	-0.916026142752715	1.9411710813155858
Gm35853	-1.451241820061393	0.5794396762398389	0.2985577510087521	1.031762143879638	0.8429719123690108	-1.3014896634358604
Gm7504	-1.4482027975173564	-0.5374236537228837	1.1802975459335467	-0.2651138107521659	1.4233579015608926	-0.3529151855020311
Plbd1	-0.15154550189374008	-0.3672229755420147	0.35653245362832287	1.6636745243243625	0.20324462439729327	-1.7046831249142231
Gm8960	1.2464886484873214	-1.9708927811995456	-0.17847360998652922	-0.07964543692567454	0.6343971372374053	0.3481260423870217
Map3k3	-1.193759133924861	-0.002694230849832885	0.540765541707432	1.8539374322132727	-0.34661793860481793	-0.8516316705411823
Gm10154	-1.624734101252491	1.5822729317036284	-0.7424334353592144	0.30401219339507635	0.46111823594067824	0.01976417557231695
Prss34	-0.2180908154236821	-0.2013909463665954	-0.5944081667512311	2.202706262043971	-0.5944081667512311	-0.5944081667512311
Capza1	-0.4349851467586884	-1.2561761468593842	0.47849155358904444	-0.1800641928705939	-0.5287000165812453	1.9214339494808634
Faim2	-0.3081412833212812	-0.2842946236524088	0.07230198803113452	-0.3683404861885429	2.0703721663600763	-1.181897761228977
Sh3d19	1.320862574733845	-2.021326290330386	0.17618972995461438	-0.00010117912755405018	0.23944336559815418	0.2849317991713266
Gm11697	-0.8179719648311985	1.2745964828393865	-1.3222116995716917	-0.07950153939651378	1.340059505071171	-0.39497078411116016
Sgsh	-0.611121995018985	-0.05962375256360936	0.19636128361273608	1.3578250910647076	0.8525931169836901	-1.7360337440785423
Fndc3a	-0.5021697030661378	-1.6645041664993776	-0.4100279960150999	0.36216682878646844	0.7712013158083154	1.443333720985828
Parp14	-1.1244432026250257	-1.2053928737839628	0.37024275091412356	-0.3695687644371226	0.7795507104071565	1.549611379524839
Tcn2	-0.9245715892951908	0.5202645042334011	-0.8578391592383746	1.5378416900988505	0.7937216909279468	-1.0694171367266043
Hip1	-1.0283907032639523	-0.7191071834513473	-0.21456218323433457	-0.3331839456945352	0.24369269578189812	2.0515513198622726
Tlr6	-0.9025858447671127	-0.20772238723193462	-0.19453194429350384	0.8367939795245956	1.6993881962341706	-1.231341999466215
Cd33	-0.6665160662593032	-0.1973222584303404	0.01772001596261042	2.142864037172538	-0.4435983090990274	-0.853147419346478
Pde3b	-0.40952587525606904	-1.3272061028894298	-0.306778460763716	-0.524553159612355	0.8345497897903471	1.733513808731223
Snx29	-1.145076700401311	-0.6724885986634529	0.49386603760906306	1.8966376760425518	-0.6265361743185223	0.053597759731672114
Gm46224	-0.17453634057661166	-0.5488525408529819	-0.7756307306219793	0.0021642124734584157	2.1531344657180638	-0.6562790661399472
1700048O20Rik	-0.20967205574135542	-0.63905880893027	-0.39388192853791	0.31765407115721195	-1.096978888890775	2.021937610943098
Oasl2	-0.04179176839197912	-0.5937929134277634	-0.37599220237663566	-1.4070615156633983	1.7568433200883034	0.6617950797714762
Pfkfb3	-0.49559396886395884	-0.9320162489873198	-0.07499743097689004	1.7062539988941592	-1.0887550592849493	0.8851087092189635
Scd1	-0.026467724386899084	-0.9032516398165018	-0.06673231944323696	1.717072748942012	0.6324121243022063	-1.3530331895975791
Cd74	-0.2554965916893941	0.051758822246203325	0.034742187780173524	1.0063506602728631	1.092532585243374	-1.9298876638532199
Xaf1	-0.15290290872660775	-0.40743513629478656	-0.8629675943383971	-1.019171851320606	1.943853730160162	0.4986237605202368
Ap3m2	-0.8367718291098578	-0.4122894176145867	-0.8347079570195376	1.6310095074114375	1.1402740663450945	-0.6875143700125544
Shisa2	-0.9919687505167286	-0.5446232279522486	-0.41264145748488595	0.1160875886236658	-0.27829576956304425	2.111441616893244
Il21r	-0.8465209125816197	0.48203943662400267	-0.7526490134254262	-0.920126022925383	1.9025741940245386	0.1346823182838866
Ralb	-0.5697775394116276	0.4644225068850914	-1.7027114940502475	-0.24922697122821066	0.5915560789798526	1.465737418825135
Naip2	-1.3571222155961902	-0.42959828422220137	-0.427309835275255	1.8082269707278176	0.6714355378821885	-0.26563217351634744
Rpl31-ps7	-1.9068774668141475	0.0017382209644653264	0.05107189329025823	1.1540824909915828	-0.2762308391584702	0.9762157007263089
E330009J07Rik	-0.4590795448793322	-0.4762019330616964	-0.11325636429568874	2.10355595272172	0.005487864735261577	-1.060505975220261
Btg1	-1.4679733648118642	0.2428195023523502	-0.2924817600117677	1.8449410258936003	0.18504165367808945	-0.5123470571004157
Ccdc50-ps	-0.21600831427959546	-1.3302191372134573	-0.20842540416188937	2.021421832413356	-0.23004688545115606	-0.03672209130725452
Asah2	-0.8218616515588351	-1.4841262585597488	0.028663095775250343	1.1287721310975518	-0.19623580761713227	1.3447884908629117
Gm12226	-1.8476337357305346	-0.0267516775051798	-0.3473568077467806	1.4169947346881566	0.14430995454969203	0.6604375317446464
H2-Q4	-1.817472940442065	0.20016188222855172	-0.8188922039072979	0.7595869316067039	0.7955915203602697	0.8810248101538312
Csf3r	-0.64124804259329	-0.45162841559099814	-0.5950672679285605	-1.085151256305174	1.4503696226541138	1.322725359763902
Aatk	-2.0657172698786708	0.39843932623429407	-0.38388772680498284	0.5684412706817283	0.7878765868844207	0.6948478128832052
Galc	-0.8369802701596559	-0.7139287711441747	-0.46618230472497757	-0.03747970912904345	-0.08186007984030194	2.136431134998151
Myo7a	-1.256352170471846	-0.4979203928290559	-0.8357164790990861	0.4799668981564031	1.7687223319435894	0.3412998123000065
Oas1a	-0.07434439672605098	-0.20734589595530356	-1.4449639085111938	-0.7144841678234451	1.6527115214726809	0.7884268475433106
Cd177	-0.26003526123585985	-0.06555462382115658	-0.278527731822507	2.148963846715369	-0.6324481074938374	-0.9123981223420082
Nnt	-1.5846732172095441	-0.06074936356087885	-0.9629981450097487	0.9865779748500492	0.4440209616182193	1.1778217893119032
Nnt	-1.5846732172095441	-0.06074936356087885	-0.9629981450097487	0.9865779748500492	0.4440209616182193	1.1778217893119032
Ifi27l2a	-0.034222722312493944	-0.27779931430885557	-0.5496910751324345	0.7476903709996754	1.6466582784318924	-1.532635537677788
Itgam	-0.7653909958937073	-0.6634560257648031	0.005754597763177626	1.8785988294741678	0.5911158358921091	-1.0466222414709396
Rmrp	0.48097578142653363	1.1156672210822904	-1.2205259612739414	1.2839673098604074	-0.7677796339432764	-0.8923047171520134
Rmrp	0.48097578142653363	1.1156672210822904	-1.2205259612739414	1.2839673098604074	-0.7677796339432764	-0.8923047171520134
Nedd9	-0.771572658060045	-0.9716291760318564	-0.25179061937059005	1.6094361675100177	1.1235311337065175	-0.7379748477540411
Abcg1	-1.5884221693608729	-0.2815666342400435	-0.6941651618577489	1.4372759300268156	0.8913725613073209	0.23550547412452236
Isg15	-0.1610956021227864	-0.5940814811744897	-1.2040700075525383	-0.10369728742467847	2.0396160122766456	0.023328365997854986
4930481B07Rik	-2.175156402308913	0.7839942911318617	0.005147569219443623	0.43684645522148546	0.5543531652749553	0.3948149214611683
Nlrc4	-0.9863363209661272	-0.9101141830119467	-0.9450643320358821	1.580232732212971	0.7116795720482543	0.5496025317527354
Kctd11	-1.1969360003111917	-0.5061870093961804	-0.770310588327099	1.8553251257375372	0.5145781474497105	0.10353032484722387
Lpcat2	-0.23512607347003578	-0.14151674135796075	-0.44436981492593447	1.959162451789127	0.2187112870948468	-1.3568611091300433
Ptgir	-0.4085054387829034	-0.48382385433235536	-0.41399505426760014	-0.2294304341808402	-0.6805245183630951	2.2162792999267955
Ifit1	-0.5489941628957464	-0.5487594529412316	-0.7166214054555503	-0.983153205486897	1.4448613903373149	1.3526668364421126
Csf2rb	-1.3792627988170678	-0.6357344698936704	-0.8386701527352771	1.3790422808950384	0.7139574270450111	0.760667713505961
Slc2a9	-1.0077853168953406	-0.8893352172390885	-0.49225578718667873	1.8947484706263638	-0.0981826333383024	0.5928104840330475
I730030J21Rik	-0.3791302161650634	-0.6549390742432417	-1.2987783440546063	1.894070149512729	0.3878009292521134	0.05097655569807291
Tulp3	-1.222180539461735	-0.41898127073452734	-0.8807927629124802	0.1557290236325378	0.5784763847328447	1.7877491647433585
Socs1	-1.3458045360216402	0.04198128887578786	-1.0776879290193333	1.6598094851839005	0.4324129072442624	0.28928878373702227
Uba7	-1.390805308870963	-0.7019149074950378	-0.7028031150809543	0.859528598432029	1.4508102817405735	0.48518445127435267
Prkce	-0.9915125197305916	-1.1351188763268538	-0.8536459350732223	0.8956207855336339	0.9312795687836731	1.1533769768133624
Fmo5	-0.6992011965854531	-0.8796698605448373	-0.5547628248343023	1.0616490062902812	1.7038670954802577	-0.631882219805947
mt-Rnr1	0.2562408644124797	-0.5246311973258531	-1.7892823469593546	1.3167668635121144	0.8443863011033979	-0.10348048474278423
Rnase12	-0.5799539023057141	-0.44252373091368935	-0.8960042939653899	0.012523089204540039	2.146400164195572	-0.2404413262153213
Rps3a3	-2.1035241785222922	1.1240913463921303	0.3057725264417692	0.22776124715405094	0.4057330986953148	0.040165959839026634
Dab2ip	-1.048334507880066	-0.6494420884038044	-0.8842052269179336	1.5134632178759935	1.1807745512306809	-0.11225594590487246
Rab20	-0.8389678937872888	-0.1615459940203789	-1.375026736150986	-0.17295067352299742	1.5001010867295423	1.0483902107521046
Stard8	-1.3320896294545213	-1.0163380403484654	-0.4613050042232622	1.1174094009442936	1.232949110674275	0.4593741624076853
Cplx2	-0.3687665960715061	-0.473700969390543	-0.4104305909764897	1.9119163968204178	0.5645234547754882	-1.2235416951573668
Chit1	-0.9162439881984249	-0.944901187525177	-0.62245064339536	-0.27164353764168286	1.45093996335169	1.3042993934089542
Gab2	-1.4321483331267166	-0.7847974948926701	-0.4822345918675092	1.1389146356462179	0.2387676566675539	1.32149812757312
Itgb2	-1.392797826491196	-0.9018522939309074	-0.514365550124492	1.3836274251151957	0.8738059761905093	0.5515822692408943
Igkv12-89	-0.447213595499958	-0.447213595499958	-0.447213595499958	2.23606797749979	-0.447213595499958	-0.447213595499958
Bcl2l14	-1.5284287245454784	-0.22860366429347034	-0.9213178589521733	0.7672092288339712	1.3726912374778943	0.5384497814792529
Naip5	-1.2709722930849081	-0.8788569866370594	-0.8126001958789973	1.0588241170362591	1.0491565634149072	0.854448795149798
Fam49a	-1.1157659540418492	-0.8762501227977201	-0.48763259957328586	1.3500547696339578	1.3675507848359443	-0.23795687805704605
Pcp4l1	-0.4615815801521172	-0.21028993638124002	-0.5789028372591365	-1.3857189921927444	1.395143960000903	1.2413493859843379
Ckm	-1.2632079992673002	0.16697744274101747	-0.9177927244864846	-0.4301115866083189	1.6476182513324642	0.7965166162886234
Rab13	-0.7574171599793037	-0.6461316643734288	-0.9380744697871563	-0.40099950823502656	1.693071314428924	1.0495514879459875
Plcb2	-1.2579659286570146	-0.9093365994384567	-0.7712615327598419	1.2245953742548519	0.7401379497424798	0.9738307368579797
Gm7887	-0.3775912756917473	-1.194608108825185	-1.0960928782950472	0.5998565191616988	0.4301170356166365	1.638318708033647
Nwd1	-1.2884784139212362	-0.9577512195448502	-0.4493125159111253	1.6135966414280267	0.4151612301553082	0.6667842777938788
Irf7	-0.6104219330863416	-1.121422685519077	-0.8328902581849934	-0.08429770760349331	1.6076215038527295	1.0414110805411732
Cox4i2	-0.7895380195913472	-0.41692179362521464	-1.0845925468757278	1.2251459576231405	1.5222469124217657	-0.45634050995261155
Trim30d	-0.9152327739446633	-1.150246451636217	-0.8169858717219947	1.231218517736954	1.208121318353072	0.44312526121284723
Mmp9	-0.37376232254559244	-0.26276539799364707	-0.5594328282880803	2.2208172255707828	-0.4097243239141005	-0.6151323528293622
Cd1d2	-2.1255680299266517	0.618948392410133	-0.15104035759040854	0.7102105551712142	0.7215361349306801	0.22591330500503257
Slfn8	-0.998427561625389	-1.0220680393039647	-0.9571293088610036	1.2170190595248105	0.9558705838833803	0.8047352663821675
Ston2	-0.7673509622956569	-0.8360732775557808	-0.7314708463937761	-0.37596360371318455	0.9303538656119765	1.780504824346422
Mylip	-1.1231970955718251	-0.7253382545287176	-1.0829676332903053	1.2658827276073976	0.9907488944581218	0.674871361325333
Fcgr2b	-1.0114255553780478	-0.5119454638515437	-1.2442061899697003	0.5773280137247055	0.6287675777186902	1.5614816177558974
Retnlg	-0.2812836984031317	0.23936841010644602	-0.6599794498770921	2.0863876473132783	-0.45080738523187164	-0.9336855239076299
Snx33	-1.0727638881108708	-0.9010202018320744	-0.9039569671700941	1.0940597080913843	1.3568545535873127	0.4268267954343436
Castor2	-0.8594157640802663	-0.7845863024149292	-0.8997559468100567	1.1788773641850236	1.552804237453417	-0.18792358833318845
Ecm1	-0.7316979095450106	-0.6439840804665671	-1.1972761756189554	0.24210854417202424	0.5168163361929593	1.8140332852655514
Gm13431	-0.7736479941602971	-0.2707849324840289	-1.5717154862231955	0.7483809781086477	1.4599555034836824	0.407811931275194
Gzmb	-0.4977126107183378	-0.4060650412216511	-0.4977126107183378	2.234342854478212	-0.39960688222907914	-0.43324570959080616
Oas3	-0.9500828501089762	-1.0425511306302568	-0.8989458359936141	0.49440537927167194	1.4043380158599068	0.9928364216012697
Trp53inp1	-0.9635268897804683	-0.9890397257070687	-0.5199765075263533	1.7635197799553022	0.8349706814715433	-0.1259473384129545
Mctp1	-1.1010430664558806	-1.1294674089035477	-0.6742117164218976	1.3723227062418988	0.7610812583389088	0.7713182272005183
Sgk1	-0.7503783032977595	-0.565392682181736	-0.7991325467163134	-0.7054724061298562	1.453194695963282	1.3671812423623848
Hgf	-1.0316949485271105	-1.0489340603371817	-0.6306009472550389	0.4173207154772236	0.5845851093004112	1.7093241313416974
Ppp1r3d	-1.0865468451245361	-0.8122387406422146	-1.0013327622755361	1.2882591715616074	1.1208582986085946	0.49100087787208574
Rgl1	-1.1315952087874506	-1.1115726279912022	-0.5362447585737965	0.29464894152670656	1.348440604537854	1.13632304928789
Dgka	-0.9626312792363192	-0.954566350630747	-1.0612801161956615	0.7746170400995757	1.1623292477986138	1.0415314581645385
Entpd1	-0.9783553154693337	-0.6093765231002604	-1.0189432690280615	-0.07338156493587558	1.4751190580454192	1.2049376144881125
Ptgs1	-1.1778683990190615	-0.720595021895694	-1.0482077425189373	1.2407922471734532	0.8478141084628906	0.8580648077973466
Tbc1d23	-0.8210457564403192	-1.0727229885378426	-0.9753522765320911	1.5209786087188364	0.7033737796072221	0.644768633184194
Lcp2	-1.1027997960074325	-0.875894187685263	-1.0104990978538682	0.9129108230035556	1.095818576399448	0.9804636821435635
Scarf1	-1.162279485106826	-0.4074530326847147	-1.066315699979657	1.387278067540899	1.1908678073760812	0.05790234285421627
Eid2	-0.7275423182799499	-0.7943226829679608	-0.6736001208705652	1.2337158702834303	-0.614903834197875	1.576653086032919
Otos	-0.7681315232126221	-0.6806095486376869	-0.915689480841351	1.8990575109137247	0.6762808830387275	-0.21090784126079293
Col4a2	-1.1058659530685957	-0.7596927202874038	-1.042656287773416	0.8616963590684934	1.3948474605767374	0.6516711414841854
Ppm1e	-1.012361032963963	-1.0054890658897484	-0.9464057953116911	1.2907506344475426	0.8044585093852538	0.8690467503326077
Gem	-0.8368192703197538	-1.20681420575207	-0.7853992023661076	0.8264993572815507	1.520068181287979	0.4824651398684011
Fnbp1l	-0.9676596126899334	-0.9969664789823748	-0.9497817947863738	0.7353981643418245	0.73400865053755	1.4450010715793078
Cd200r4	-0.6779953137191018	-0.4879259419181582	-0.921695197174235	1.7369275882396273	1.0042955184873097	-0.6536066539154421
Rxra	-1.139995048914408	-0.9052269402914894	-0.8056415610964998	1.5368596899497526	0.599224897750529	0.7147789626021167
AC138790.1	-1.0278165150560363	-0.6328601031048597	-1.0538278926236646	0.3855885296985085	1.699212483881079	0.6297034972049733
Runx1	-1.1876166440765825	-0.8245289954233311	-0.9377762579927214	0.873842364787671	0.8017764166685916	1.2743031160363694
Grap	-0.8770117340289185	-0.7482211115223947	-1.273505774770326	0.5600935889882664	1.190101213394422	1.1485438179389507
AI661453	-0.9353569821755623	-0.9247671384564332	-1.0666273262672643	0.5620752267715602	1.283441593726529	1.0812346264011699
Erg	-1.175570693537712	-0.9084316653821889	-0.9011719518413545	1.002734042218405	0.9199309399750436	1.0625093285678113
Ccdc85c	-1.0169878237426306	-0.9787244396167163	-0.7618735033830957	0.6180812552880962	0.45468364691443114	1.6848208645399143
Sipa1l1	-0.9894557336877757	-1.0943092955315974	-0.662094038965135	0.5245309847744205	0.543736348215492	1.6775917351945964
Rtp4	-0.3936049115150097	-1.406757573071088	-0.8687134106132376	0.4317114198219504	1.5781224767917104	0.6592419985856746
Ttyh2	-0.794575771799575	-0.9313069474503125	-0.9235305442091736	1.7952136055508188	0.25276161014861925	0.6014380477596222
Ccm2l	-0.9655992623464251	-0.7521665529476621	-1.1901748265037384	0.5662312112425704	1.0637843870378958	1.2779250435173601
Siglecf	-1.0416747843936898	-0.9814990996210886	-0.9748552448774791	0.9644046493466998	1.0576767901264947	0.9759476894190624
Pstpip2	-1.1303933593680253	-0.9088465419380052	-0.9439121279289837	1.1501481000812166	0.881527997218921	0.9514759319348775
Cd200r1	-1.2053311539334945	-1.0218900210920587	-0.7072073006534391	1.100290504897642	1.1517018741269187	0.6824360966544294
Pcdh7	-1.1191609234508333	-1.010245030293235	-0.841492858782183	0.8123173776564772	1.2000738853064126	0.9585075495633635
Ltbp1	-0.8958273048304463	-1.1254403901941448	-0.8380383731204262	0.3813064277903522	1.1585841732410047	1.3194154671136598
Rhoj	-0.7368544869845277	-0.9970090198589292	-1.0812405515644907	0.2938748539026815	1.1396258250834905	1.3816033794217766
Itga6	-1.1068188707220294	-1.0945468312962012	-0.5496968580274086	1.616929663054226	0.474431853165109	0.6597010438263069
Bcl3	-1.1770602767423872	-0.5908887406516797	-1.1487373446253981	0.7335105504132633	1.202529499424317	0.9806463121818842
Hspa1b	-0.5439110120520882	-0.5118761367485589	-1.00534830354373	-0.048608244417816304	0.005217994551582908	2.104525702210611
Slc39a4	-1.166298288613308	-0.6380237685714896	-1.1388913609017408	0.8183201583657593	1.1271261342946441	0.9977671254261361
Chst1	-0.9119349085906503	-1.2851441029324822	-0.7475612611361965	0.9757171496388798	1.1682799906167354	0.800643132403712
Selp	-1.1399214827151884	-0.6568114387260006	-1.0035065772994918	1.3328896700601163	1.185891490828994	0.2814583378515699
Csf2rb2	-1.2426155470713751	-0.8364557785839479	-0.8688796966982877	0.7196728187285779	1.0947025007261662	1.1335757028988678
Aldh1l1	-1.0127981072645282	-0.8776889636034183	-1.0013362705338575	1.1984835571340016	1.2535882507704095	0.43975153349739204
Fmnl2	-0.907948712944609	-0.9553945439787683	-0.7888446888106035	0.0106704382196854	1.0453924273580564	1.5961250801562397
Slamf1	-0.9546965680502068	-1.0845254757800646	-0.8931510755339975	0.5715921634527171	1.1551006638821677	1.2056802920293848
Ly6a	-1.1210872026784344	-0.4895591712651064	-1.0225653526730694	1.3571358349132452	1.2712254718795282	0.004850419823834758
Fam189b	-1.0426655507235396	-0.7748651518663335	-1.05404107145611	1.2984209546394916	1.1594904400349617	0.413660379371531
Serpina3g	-1.1714707106349735	-0.682008461256969	-1.1069859462863587	1.0454723249719937	1.0299252110501547	0.8850675821561506
Hbb-bt	-0.8462369963552548	-1.2064239839573747	-0.7092817772927069	1.4286397236727262	1.11133315990309	0.22196987402952267
Fcer1a	-0.7430693838403171	-0.31496956367192946	-0.759223298512851	2.0195906144012308	0.4789252113590056	-0.6812535797351399
Mdfi	-1.0485717588348797	-0.7260213594994109	-1.161087022018338	0.7342134964712875	1.278173493496408	0.9232931503849333
Jup	-1.0105342534494262	-0.9329398885266434	-1.0360861722567714	0.8629252455437559	1.2168374767187495	0.8997975919703348
Scin	-0.6750083568711632	-0.6137597723619391	-0.6501266079298407	2.1408722529432307	0.16478049520672944	-0.3667580109870171
Ms4a2	-0.6764205534097288	-0.6735589723918222	-0.9817714206771114	1.8030479350129007	0.8702199444455387	-0.34151693297977676
Pf4	-0.9959305010264051	-0.6526269051646303	-1.276642951668328	1.0429902723003917	1.1569721576127878	0.7252379279461844
Clca3a1	-0.9754064136571841	-1.1358315444248448	-0.8348560311525146	0.7441330320099759	0.8967325407583747	1.3052284164661927
Hes1	-0.9799769924435684	-0.9025492243764449	-1.0947085819157314	0.7826521933290669	1.1521650251905302	1.0424175802161486
