TermID	Term	Enrichment	logP	Genes in Term	Target Genes in Term	Fraction of Targets in Term	Total Target Genes	Total Genes	Entrez Gene IDs	Gene Symbols
SM00034	CLECT	0.000543538726223256	-7.51740960054076	121	10	0.0431034482758621	232	9882	53856,23845,381809,216864,19074,232413,56644,108078,226255,26888	Prg3,Clec5a,Clec4b2,Mgl2,Prg2,Clec12a,Clec7a,Olr1,Atrnl1,Clec4a2
SM00042	CUB	0.00105129159172856	-6.85773578338978	50	6	0.0258620689655172	232	9882	74513,226255,19143,50909,18187,18186	Neto2,Atrnl1,St14,C1ra,Nrp2,Nrp1
SM00335	ANX	0.00240217207857068	-6.03138191818565	12	3	0.0129310344827586	232	9882	12306,16952,11745	Anxa2,Anxa1,Anxa3
SM01263	Leuk-A4-hydro_C	0.00319177756553622	-5.74717728680507	4	2	0.00862068965517241	232	9882	215615,16993	Rnpep,Lta4h
SM00737	ML	0.00319177756553622	-5.74717728680507	4	2	0.00862068965517241	232	9882	17084,14667	Ly86,Gm2a
SM00314	RA	0.00443253945655219	-5.41878261840811	29	4	0.0172413793103448	232	9882	213391,192678,71323,54519	Rassf4,Rassf3,Rassf8,Apbb1ip
SM00602	VPS10	0.0052373844184389	-5.25193306205588	5	2	0.00862068965517241	232	9882	20660,20661	Sorl1,Sort1
SM00054	EFh	0.00650213680824532	-5.03562441637356	143	9	0.0387931034482759	232	9882	18826,20201,78830,227960,19395,20202,20195,53322,56461	Lcp1,S100a8,Slc25a12,Gca,Rasgrp2,S100a9,S100a11,Nucb2,Kcnip3
SM00137	MAM	0.00680897609958693	-4.98951352260835	17	3	0.0129310344827586	232	9882	19273,18186,18187	Ptpru,Nrp1,Nrp2
SM00004	NL	0.0106620118843793	-4.54106814593397	7	2	0.00862068965517241	232	9882	432486,18128	Gnptab,Notch1
SM00404	PTPc_motif	0.0139864295987458	-4.26966773383116	61	5	0.021551724137931	232	9882	19273,319939,17772,19277,19279	Ptpru,Tns3,Mtm1,Ptpro,Ptprr
SM00107	BTK	0.0139974950065626	-4.26887689347909	8	2	0.00862068965517241	232	9882	54153,114713	Rasa4,Rasa2
SM00645	Pept_C1	0.0159939958065118	-4.13554188926381	23	3	0.0129310344827586	232	9882	64138,13030,13036	Ctsz,Ctsb,Ctsh
SM00255	TIR	0.0159939958065118	-4.13554188926381	23	3	0.0129310344827586	232	9882	21898,107527,21897	Tlr4,Il1rl2,Tlr1
SM00208	TNFR	0.0159939958065118	-4.13554188926381	23	3	0.0129310344827586	232	9882	230979,21938,244237	Tnfrsf14,Tnfrsf1b,Tnfrsf26
SM00409	IG	0.0164370373240697	-4.10821811702542	378	16	0.0689655172413793	232	9882	19273,100042150,217304,52685,11658,17085,16194,380732,83382,22329,14131,13723,211323,107527,243958,140559	Ptpru,Nrg2,Cd300lb,Cd300lg,Alcam,Ly9,Il6ra,Milr1,Siglece,Vcam1,Fcgr3,Emb,Nrg1,Il1rl2,Siglecg,Igsf8
SM00855	PGAM	0.0177206813517704	-4.03302288354158	9	2	0.00862068965517241	232	9882	270198,319801	Pfkfb4,Tigar
SM01394	S_100	0.017968359378761	-4.01914288014193	24	3	0.0129310344827586	232	9882	20195,20201,20202	S100a11,S100a8,S100a9
SM00192	LDLa	0.0192869483835444	-3.94832666138845	44	4	0.0172413793103448	232	9882	241576,74513,19143,20660	Ldlrad3,Neto2,St14,Sorl1
SM01385	DSS1_SEM1	0.0234770289414594	-3.75173282774153	1	1	0.00431034482758621	232	9882	20422	Sem1
SM01254	KLRAQ	0.0234770289414594	-3.75173282774153	1	1	0.00431034482758621	232	9882	73825	Ppp1r21
SM01331	DUF3635	0.0234770289414594	-3.75173282774153	1	1	0.00431034482758621	232	9882	14841	Haspin
SM00020	Tryp_SPc	0.0276805727925624	-3.58702445507385	153	8	0.0344827586206897	232	9882	18792,15439,50909,19143,13035,50701,19152,73106	Plau,Hp,C1ra,St14,Ctsg,Elane,Prtn3,Prss57
SM00303	GPS	0.0297853747660113	-3.51373778560659	29	3	0.0129310344827586	232	9882	239853,12614,170757	Adgrg7,Celsr1,Adgrl4
SM00244	PHB	0.0310211858041598	-3.47308489487992	12	2	0.00862068965517241	232	9882	13830,14252	Stom,Flot2
SM00523	DWA	0.0310211858041598	-3.47308489487992	12	2	0.00862068965517241	232	9882	17131,18029	Smad7,Nfic
SM00064	FYVE	0.032536885158769	-3.42538090522819	30	3	0.0129310344827586	232	9882	268752,26382,224014	Wdfy2,Fgd2,Fgd4
SM00323	RasGAP	0.036103387006658	-3.32136859514528	13	2	0.00862068965517241	232	9882	54153,114713	Rasa4,Rasa2
SM00829	PKS_ER	0.0414807925701817	-3.18252478851836	14	2	0.00862068965517241	232	9882	226527,67103	Cryzl2,Ptgr1
SM00198	SCP	0.0414807925701817	-3.18252478851836	14	2	0.00862068965517241	232	9882	74116,73690	Pi16,Glipr1
SM01237	ICA69	0.0464052071907974	-3.07034360210696	2	1	0.00431034482758621	232	9882	15893	Ica1
SM00893	ETF	0.0464052071907974	-3.07034360210696	2	1	0.00431034482758621	232	9882	110826	Etfb
SM01313	Sec3-PIP2_bind	0.0464052071907974	-3.07034360210696	2	1	0.00431034482758621	232	9882	217517	Stxbp6
SM01230	Gln-synt_C	0.0464052071907974	-3.07034360210696	2	1	0.00431034482758621	232	9882	14645	Glul
SM00180	EGF_Lam	0.0481924787633912	-3.03255231235474	35	3	0.0129310344827586	232	9882	230316,12614,226255	Megf9,Celsr1,Atrnl1
SM00831	Cation_ATPase_N	0.0530556899027698	-2.93641316420197	16	2	0.00862068965517241	232	9882	232975,67972	Atp1a3,Atp2b1
SM00702	P4Hc	0.0530556899027698	-2.93641316420197	16	2	0.00862068965517241	232	9882	112405,26433	Egln1,Plod3
SM00194	PTPc	0.0553153632553686	-2.89470459248494	37	3	0.0129310344827586	232	9882	19273,19279,19277	Ptpru,Ptprr,Ptpro
SM01332	Cyclin_C	0.0592219184104187	-2.82646356219612	17	2	0.00862068965517241	232	9882	12444,218630	Ccnd2,Ccno
SM00462	PTB	0.0668786400879441	-2.7048756440257	40	3	0.0129310344827586	232	9882	319939,13860,319924	Tns3,Eps8,Apba1
SM00423	PSI	0.0668786400879441	-2.7048756440257	40	3	0.0129310344827586	232	9882	17295,226255,16419	Met,Atrnl1,Itgb5
SM00882	CoA_trans	0.0687973116384269	-2.67659060982915	3	1	0.00431034482758621	232	9882	67041	Oxct1
SM00006	A4_EXTRA	0.0687973116384269	-2.67659060982915	3	1	0.00431034482758621	232	9882	11820	App
SM00278	HhH1	0.0687973116384269	-2.67659060982915	3	1	0.00431034482758621	232	9882	67484	Eepd1
SM01334	DUF3454	0.0687973116384269	-2.67659060982915	3	1	0.00431034482758621	232	9882	18128	Notch1
SM00131	KU	0.0722380795715508	-2.62778795423077	19	2	0.00862068965517241	232	9882	21788,11820	Tfpi,App
SM00231	FA58C	0.0790601149606706	-2.53754676702067	20	2	0.00862068965517241	232	9882	18187,18186	Nrp2,Nrp1
SM00134	LU	0.0860737286059467	-2.45255104063693	21	2	0.00862068965517241	232	9882	100041546,17067	Ly6c2,Ly6c1
SM00527	HMG17	0.0906658229933032	-2.40057480661846	4	1	0.00431034482758621	232	9882	94353	Hmgn3
SM00644	Ami_2	0.0906658229933032	-2.40057480661846	4	1	0.00431034482758621	232	9882	21946	Pglyrp1
SM00920	MHC_II_alpha	0.0906658229933032	-2.40057480661846	4	1	0.00431034482758621	232	9882	14998	H2-DMa
SM00701	PGRP	0.0906658229933032	-2.40057480661846	4	1	0.00431034482758621	232	9882	21946	Pglyrp1
SM01338	NOD	0.0906658229933032	-2.40057480661846	4	1	0.00431034482758621	232	9882	18128	Notch1
SM01240	IMPDH	0.0906658229933032	-2.40057480661846	4	1	0.00431034482758621	232	9882	23917	Impdh1
SM01339	NODP	0.0906658229933032	-2.40057480661846	4	1	0.00431034482758621	232	9882	18128	Notch1
SM00186	FBG	0.09326625660829	-2.37229690205158	22	2	0.00862068965517241	232	9882	14134,14190	Fcnb,Fgl2
SM00092	RNAse_Pc	0.100625519543394	-2.29634938009257	23	2	0.00862068965517241	232	9882	58809,93719	Rnase4,Ear6
SM00450	RHOD	0.100625519543394	-2.29634938009257	23	2	0.00862068965517241	232	9882	246221,22117	Mpst,Tst
SM01015	Arfaptin	0.112022932637767	-2.18905167295228	5	1	0.00431034482758621	232	9882	15893	Ica1
SM01092	CO_deh_flav_C	0.112022932637767	-2.18905167295228	5	1	0.00431034482758621	232	9882	22436	Xdh
SM01008	Ald_Xan_dh_C	0.112022932637767	-2.18905167295228	5	1	0.00431034482758621	232	9882	22436	Xdh
SM00741	SapB	0.112022932637767	-2.18905167295228	5	1	0.00431034482758621	232	9882	27052	Aoah
SM00264	BAG	0.112022932637767	-2.18905167295228	5	1	0.00431034482758621	232	9882	29810	Bag3
SM00678	WWE	0.112022932637767	-2.18905167295228	5	1	0.00431034482758621	232	9882	207521	Dtx4
SM00072	GuKc	0.11579786160923	-2.15590918025528	25	2	0.00862068965517241	232	9882	21872,12361	Tjp1,Cask
SM00181	EGF	0.123128324986595	-2.09452817488724	177	7	0.0301724137931034	232	9882	226255,170757,211323,12614,230316,50909,18128	Atrnl1,Adgrl4,Nrg1,Celsr1,Megf9,C1ra,Notch1
SM00178	SAR	0.131502426995295	-2.02872997129665	27	2	0.00862068965517241	232	9882	219144,217151	Arl11,Arl5c
SM00394	RIIa	0.132880549291352	-2.01830467994579	6	1	0.00431034482758621	232	9882	19087	Prkar2a
SM00155	PLDc	0.132880549291352	-2.01830467994579	6	1	0.00431034482758621	232	9882	104759	Pld4
SM01137	DMAP_binding	0.132880549291352	-2.01830467994579	6	1	0.00431034482758621	232	9882	432486	Gnptab
SM01241	Integrin_b_cyt	0.132880549291352	-2.01830467994579	6	1	0.00431034482758621	232	9882	16419	Itgb5
SM00592	BRK	0.132880549291352	-2.01830467994579	6	1	0.00431034482758621	232	9882	320790	Chd7
SM01329	Iso_dh	0.132880549291352	-2.01830467994579	6	1	0.00431034482758621	232	9882	15926	Idh1
SM00464	LON	0.132880549291352	-2.01830467994579	6	1	0.00431034482758621	232	9882	74365	Lonrf3
SM01132	DIL	0.132880549291352	-2.01830467994579	6	1	0.00431034482758621	232	9882	17918	Myo5a
SM00415	HSF	0.132880549291352	-2.01830467994579	6	1	0.00431034482758621	232	9882	15500	Hsf2
SM00060	FN3	0.138226025145151	-1.97886507028971	149	6	0.0258620689655172	232	9882	207777,16195,19273,20660,19277,72007	Tspoap1,Il6st,Ptpru,Sorl1,Ptpro,Fndc3b
SM00233	PH	0.138996629800871	-1.97330559218228	252	9	0.0387931034482759	232	9882	114713,23921,16561,219140,54519,224014,54153,210293,26382	Rasa2,Sh2b2,Kif1b,Spata13,Apbb1ip,Fgd4,Rasa4,Dock10,Fgd2
SM00328	BPI1	0.153250305525714	-1.8756827105253	7	1	0.00431034482758621	232	9882	16803	Lbp
SM01326	PTEN_C2	0.153250305525714	-1.8756827105253	7	1	0.00431034482758621	232	9882	319939	Tns3
SM01109	CUT	0.153250305525714	-1.8756827105253	7	1	0.00431034482758621	232	9882	20230	Satb1
SM00018	PD	0.153250305525714	-1.8756827105253	7	1	0.00431034482758621	232	9882	232714	Mgam
SM00104	ANATO	0.153250305525714	-1.8756827105253	7	1	0.00431034482758621	232	9882	12266	C3
SM01166	DUF1899	0.153250305525714	-1.8756827105253	7	1	0.00431034482758621	232	9882	107684	Coro2a
SM01167	DUF1900	0.153250305525714	-1.8756827105253	7	1	0.00431034482758621	232	9882	107684	Coro2a
SM00385	CYCLIN	0.172572844867742	-1.75693584256131	32	2	0.00862068965517241	232	9882	218630,12444	Ccno,Ccnd2
SM00524	DWB	0.173143564169849	-1.7536341779273	8	1	0.00431034482758621	232	9882	17131	Smad7
SM00557	IG_FLMN	0.173143564169849	-1.7536341779273	8	1	0.00431034482758621	232	9882	229644	Trim45
SM00357	CSP	0.173143564169849	-1.7536341779273	8	1	0.00431034482758621	232	9882	83557	Lin28a
SM01242	Integrin_B_tail	0.173143564169849	-1.7536341779273	8	1	0.00431034482758621	232	9882	16419	Itgb5
SM01419	Thiol-ester_cl	0.173143564169849	-1.7536341779273	8	1	0.00431034482758621	232	9882	12266	C3
SM00329	BPI2	0.173143564169849	-1.7536341779273	8	1	0.00431034482758621	232	9882	16803	Lbp
SM00861	Transket_pyr	0.173143564169849	-1.7536341779273	8	1	0.00431034482758621	232	9882	21881	Tkt
SM00142	PI3K_C2	0.173143564169849	-1.7536341779273	8	1	0.00431034482758621	232	9882	225326	Pik3c3
SM00326	SH3	0.17805165014781	-1.72568160141132	196	7	0.0301724137931034	232	9882	17969,12361,12488,219140,17972,207777,13860	Ncf1,Cask,Cd2ap,Spata13,Ncf4,Tspoap1,Eps8
SM01139	Drf_FH3	0.192571424516852	-1.64728815762012	9	1	0.00431034482758621	232	9882	54004	Diaph2
SM00218	ZU5	0.192571424516852	-1.64728815762012	9	1	0.00431034482758621	232	9882	21872	Tjp1
SM01361	A2M_recep	0.192571424516852	-1.64728815762012	9	1	0.00431034482758621	232	9882	12266	C3
SM00387	HATPase_c	0.192571424516852	-1.64728815762012	9	1	0.00431034482758621	232	9882	22027	Hsp90b1
SM00145	PI3Ka	0.192571424516852	-1.64728815762012	9	1	0.00431034482758621	232	9882	225326	Pik3c3
SM01359	A2M_N_2	0.192571424516852	-1.64728815762012	9	1	0.00431034482758621	232	9882	12266	C3
SM00561	MBT	0.192571424516852	-1.64728815762012	9	1	0.00431034482758621	232	9882	237339	L3mbtl3
SM00187	INB	0.192571424516852	-1.64728815762012	9	1	0.00431034482758621	232	9882	16419	Itgb5
SM01360	A2M	0.192571424516852	-1.64728815762012	9	1	0.00431034482758621	232	9882	12266	C3
SM01140	Drf_GBD	0.192571424516852	-1.64728815762012	9	1	0.00431034482758621	232	9882	54004	Diaph2
SM00325	RhoGEF	0.195840268043318	-1.63045591097387	65	3	0.0129310344827586	232	9882	26382,219140,224014	Fgd2,Spata13,Fgd4
SM00102	ADF	0.211544728429896	-1.55331882091692	10	1	0.00431034482758621	232	9882	56431	Dstn
SM01052	CAP_GLY	0.211544728429896	-1.55331882091692	10	1	0.00431034482758621	232	9882	56430	Clip1
SM00460	TGc	0.230074066252978	-1.46935399471171	11	1	0.00431034482758621	232	9882	74145	F13a1
SM00115	CASc	0.230074066252978	-1.46935399471171	11	1	0.00431034482758621	232	9882	12364	Casp12
SM00461	WH1	0.230074066252978	-1.46935399471171	11	1	0.00431034482758621	232	9882	14026	Evl
SM00132	LIM	0.245202216453803	-1.4056720355898	73	3	0.0129310344827586	232	9882	16911,13008,16909	Lmo4,Csrp2,Lmo2
SM00232	JAB_MPN	0.248169782663145	-1.3936421595413	12	1	0.00431034482758621	232	9882	76630	Stambpl1
SM00310	PTBI	0.248169782663145	-1.3936421595413	12	1	0.00431034482758621	232	9882	327826	Frs2
SM00116	CBS	0.248169782663145	-1.3936421595413	12	1	0.00431034482758621	232	9882	23917	Impdh1
SM00177	ARF	0.250240206392221	-1.38533399684843	41	2	0.00862068965517241	232	9882	219144,217151	Arl11,Arl5c
SM00312	PX	0.25899474824189	-1.35094749454652	42	2	0.00862068965517241	232	9882	17969,17972	Ncf1,Ncf4
SM00457	MACPF	0.265841982296058	-1.32485319823753	13	1	0.00431034482758621	232	9882	17476	Mpeg1
SM00569	L27	0.265841982296058	-1.32485319823753	13	1	0.00431034482758621	232	9882	12361	Cask
SM00135	LY	0.283100535346326	-1.26195319585114	14	1	0.00431034482758621	232	9882	20660	Sorl1
SM00502	BBC	0.283100535346326	-1.26195319585114	14	1	0.00431034482758621	232	9882	229644	Trim45
SM00666	PB1	0.283100535346326	-1.26195319585114	14	1	0.00431034482758621	232	9882	17972	Ncf4
SM00408	IGc2	0.288560165517574	-1.24285166878855	228	7	0.0301724137931034	232	9882	100042150,83382,22329,211323,243958,107527,16194	Nrg2,Siglece,Vcam1,Nrg1,Siglecg,Il1rl2,Il6ra
SM01244	IRS	0.299955082964793	-1.2041225389863	15	1	0.00431034482758621	232	9882	327826	Frs2
SM00498	FH2	0.299955082964793	-1.2041225389863	15	1	0.00431034482758621	232	9882	54004	Diaph2
SM01014	ARID	0.299955082964793	-1.2041225389863	15	1	0.00431034482758621	232	9882	71371	Arid5b
SM00217	WAP	0.299955082964793	-1.2041225389863	15	1	0.00431034482758621	232	9882	20568	Slpi
SM00130	KR	0.299955082964793	-1.2041225389863	15	1	0.00431034482758621	232	9882	18792	Plau
SM00501	BRIGHT	0.299955082964793	-1.2041225389863	15	1	0.00431034482758621	232	9882	71371	Arid5b
SM00176	RAN	0.302695538580953	-1.19502780181117	82	3	0.0129310344827586	232	9882	17532,226421,11891	Mras,Rab7b,Rab27a
SM00456	WW	0.302729712096955	-1.19491491086055	47	2	0.00862068965517241	232	9882	29810,214552	Bag3,Cep164
SM00146	PI3Kc	0.316415042500857	-1.15070050154854	16	1	0.00431034482758621	232	9882	225326	Pik3c3
SM00568	GRAM	0.316415042500857	-1.15070050154854	16	1	0.00431034482758621	232	9882	17772	Mtm1
SM00643	C345C	0.316415042500857	-1.15070050154854	16	1	0.00431034482758621	232	9882	12266	C3
SM00913	IBN_N	0.316415042500857	-1.15070050154854	16	1	0.00431034482758621	232	9882	233726	Ipo7
SM00207	TNF	0.316415042500857	-1.15070050154854	16	1	0.00431034482758621	232	9882	69583	Tnfsf13
SM00239	C2	0.316441222176988	-1.15061776656555	121	4	0.0172413793103448	232	9882	114713,54153,52055,27359	Rasa2,Rasa4,Rab11fip5,Sytl4
SM00179	EGF_CA	0.321774074843318	-1.13390561061727	122	4	0.0172413793103448	232	9882	170757,12614,18128,50909	Adgrl4,Celsr1,Notch1,C1ra
SM00174	RHO	0.327113649585833	-1.11744761621692	123	4	0.0172413793103448	232	9882	17532,69288,226421,11891	Mras,Rhobtb1,Rab7b,Rab27a
SM00631	Zn_pept	0.33248961275773	-1.10114665920058	17	1	0.00431034482758621	232	9882	12874	Cpd
SM01224	G_gamma	0.33248961275773	-1.10114665920058	17	1	0.00431034482758621	232	9882	14701	Gng12
SM00224	GGL	0.33248961275773	-1.10114665920058	17	1	0.00431034482758621	232	9882	14701	Gng12
SM00211	TY	0.33248961275773	-1.10114665920058	17	1	0.00431034482758621	232	9882	16010	Igfbp4
SM00338	BRLZ	0.33740931575141	-1.08645849884417	51	2	0.00862068965517241	232	9882	12606,110794	Cebpa,Cebpe
SM00014	acidPPc	0.348187778986661	-1.05501334994733	18	1	0.00431034482758621	232	9882	81535	Sgpp1
SM00918	Lig_chan-Glu_bd	0.348187778986661	-1.05501334994733	18	1	0.00431034482758621	232	9882	53623	Gria3
SM00079	PBPe	0.348187778986661	-1.05501334994733	18	1	0.00431034482758621	232	9882	53623	Gria3
SM00865	Tubulin_C	0.348187778986661	-1.05501334994733	18	1	0.00431034482758621	232	9882	22145	Tuba4a
SM00121	IB	0.363518317834899	-1.01192559033492	19	1	0.00431034482758621	232	9882	16010	Igfbp4
SM00864	Tubulin	0.363518317834899	-1.01192559033492	19	1	0.00431034482758621	232	9882	22145	Tuba4a
SM00848	Inhibitor_I29	0.363518317834899	-1.01192559033492	19	1	0.00431034482758621	232	9882	13036	Ctsh
SM00173	RAS	0.369943316436821	-0.994405483899407	131	4	0.0172413793103448	232	9882	226421,69288,17532,11891	Rab7b,Rhobtb1,Mras,Rab27a
SM00332	PP2Cc	0.37848980220301	-0.971566149128069	20	1	0.00431034482758621	232	9882	244650	Phlpp2
SM00407	IGc1	0.396708593937068	-0.924553288129406	58	2	0.00862068965517241	232	9882	15216,14998	Hfe,H2-DMa
SM00343	ZnF_C2HC	0.407388908223179	-0.897987001325451	22	1	0.00431034482758621	232	9882	83557	Lin28a
SM00240	FHA	0.407388908223179	-0.897987001325451	22	1	0.00431034482758621	232	9882	16561	Kif1b
SM00008	HormR	0.434949780872283	-0.832524700828501	24	1	0.00431034482758621	232	9882	12614	Celsr1
SM00109	C1	0.445542880411344	-0.808461784376982	64	2	0.00862068965517241	232	9882	319939,19395	Tns3,Rasgrp2
SM00175	RAB	0.45984075751888	-0.776875028739667	148	4	0.0172413793103448	232	9882	11891,17532,69288,226421	Rab27a,Mras,Rhobtb1,Rab7b
SM00429	IPT	0.47391612269738	-0.746724929280321	27	1	0.00431034482758621	232	9882	17295	Met
SM01289	PYRIN	0.47391612269738	-0.746724929280321	27	1	0.00431034482758621	232	9882	236312	Ifi209
SM00229	RasGEFN	0.486300847158824	-0.720927819524101	28	1	0.00431034482758621	232	9882	19395	Rasgrp2
SM00147	RasGEF	0.486300847158824	-0.720927819524101	28	1	0.00431034482758621	232	9882	19395	Rasgrp2
SM00110	C1Q	0.498395245723636	-0.696361850632168	29	1	0.00431034482758621	232	9882	72709	C1qtnf6
SM00298	CHROMO	0.510206095528101	-0.672940526015137	30	1	0.00431034482758621	232	9882	320790	Chd7
SM00100	cNMP	0.521740016121959	-0.650585868575503	31	1	0.00431034482758621	232	9882	19087	Prkar2a
SM00630	Sema	0.521740016121959	-0.650585868575503	31	1	0.00431034482758621	232	9882	17295	Met
SM00082	LRRCT	0.528988830137844	-0.636787962398098	75	2	0.00862068965517241	232	9882	21897,21898	Tlr1,Tlr4
SM00248	ANK	0.559379594716773	-0.58092697596794	212	5	0.021551724137931	232	9882	329154,18128,268301,105522,245381	Ankrd44,Notch1,Sowahc,Ankrd28,Sowahd
SM00199	SCY	0.56523348694666	-0.570516381967443	35	1	0.00431034482758621	232	9882	20308	Ccl9
SM00454	SAM	0.584126092781869	-0.537638407161895	83	2	0.00862068965517241	232	9882	237339,65964	L3mbtl3,Map3k20
SM00322	KH	0.585479777008746	-0.535323636235586	37	1	0.00431034482758621	232	9882	14265	Fmr1
SM00164	TBC	0.585479777008746	-0.535323636235586	37	1	0.00431034482758621	232	9882	14020	Evi5
SM00242	MYSc	0.595248054488323	-0.518777062014755	38	1	0.00431034482758621	232	9882	17918	Myo5a
SM00282	LamG	0.614102296387752	-0.487593758217605	40	1	0.00431034482758621	232	9882	12614	Celsr1
SM00212	UBCc	0.623198848620337	-0.472889631955647	41	1	0.00431034482758621	232	9882	66799	Ube2w
SM00129	KISc	0.623198848620337	-0.472889631955647	41	1	0.00431034482758621	232	9882	16561	Kif1b
SM00368	LRR_RI	0.623198848620337	-0.472889631955647	41	1	0.00431034482758621	232	9882	107607	Nod1
SM00185	ARM	0.623198848620337	-0.472889631955647	41	1	0.00431034482758621	232	9882	227937	Pkp4
SM00431	SCAN	0.63208187547229	-0.458736343428203	42	1	0.00431034482758621	232	9882	235682	Zfp445
SM00339	FH	0.657499134795275	-0.419311830831805	45	1	0.00431034482758621	232	9882	14236	Foxn2
SM00399	ZnF_C4	0.673464801797243	-0.395319546119909	47	1	0.00431034482758621	232	9882	13982	Esr1
SM00228	PDZ	0.679770178731895	-0.386000510390641	148	3	0.0129310344827586	232	9882	12361,21872,319924	Cask,Tjp1,Apba1
SM00430	HOLI	0.688689288284435	-0.37296507008165	49	1	0.00431034482758621	232	9882	13982	Esr1
SM00252	SH2	0.695574455036279	-0.36301722081596	102	2	0.00862068965517241	232	9882	23921,319939	Sh2b2,Tns3
SM00015	IQ	0.710210828260852	-0.342193411812625	52	1	0.00431034482758621	232	9882	17918	Myo5a
SM00032	CCP	0.717050206472551	-0.332609417859742	53	1	0.00431034482758621	232	9882	50909	C1ra
SM00365	LRR_SD22	0.723728846435145	-0.323338478245531	54	1	0.00431034482758621	232	9882	21897	Tlr1
SM00612	Kelch	0.730250509801851	-0.314367639594912	55	1	0.00431034482758621	232	9882	52323	Klhl7
SM00353	HLH	0.734588644709297	-0.30844460350355	110	2	0.00862068965517241	232	9882	17173,21426	Ascl2,Tfec
SM00364	LRR_BAC	0.736618870615573	-0.305684656760666	56	1	0.00431034482758621	232	9882	244650	Phlpp2
SM00875	BACK	0.742837517263086	-0.297277942885843	57	1	0.00431034482758621	232	9882	52323	Klhl7
SM00220	S_TKc	0.744110178331256	-0.295566165958247	359	7	0.0301724137931034	232	9882	17164,26415,14841,74137,56489,26401,65964	Mapkapk2,Mapk13,Haspin,Nuak2,Ikbke,Map3k1,Map3k20
SM00336	BBOX	0.748909954523782	-0.289136523621562	58	1	0.00431034482758621	232	9882	229644	Trim45
SM00028	TPR	0.769282341260697	-0.262297223075909	118	2	0.00862068965517241	232	9882	15958,74365	Ifit2,Lonrf3
SM00209	TSP1	0.777196052504197	-0.252062640616562	63	1	0.00431034482758621	232	9882	18636	Cfp
SM00033	CH	0.782460388575565	-0.245311979477818	64	1	0.00431034482758621	232	9882	18826	Lcp1
SM00369	LRR_TYP	0.783421429993224	-0.244084503014487	175	3	0.0129310344827586	232	9882	244650,21898,21897	Phlpp2,Tlr4,Tlr1
SM00184	RING	0.787725878146429	-0.238605120017744	228	4	0.0172413793103448	232	9882	207521,76073,229644,74365	Dtx4,Pcgf5,Trim45,Lonrf3
SM00327	VWA	0.816000503398004	-0.203340307108902	71	1	0.00431034482758621	232	9882	16419	Itgb5
SM00382	AAA	0.836270226762761	-0.178803480373005	137	2	0.00862068965517241	232	9882	26874,18669	Abcd2,Abcb1b
SM00219	TyrKc	0.855177068610125	-0.156446733697544	81	1	0.00431034482758621	232	9882	17295	Met
SM00320	WD40	0.856317497455848	-0.155114063367041	256	4	0.0172413793103448	232	9882	107684,268752,21885,30838	Coro2a,Wdfy2,Tle1,Fbxw4
SM00225	BTB	0.857819385200448	-0.153361708413217	202	3	0.0129310344827586	232	9882	69288,72844,52323	Rhobtb1,Kctd17,Klhl7
SM00349	KRAB	0.914828028671355	-0.0890191781780924	291	4	0.0172413793103448	232	9882	235682,240034,626391,22759	Zfp445,Zfp760,Zfp951,Zfp97
SM00490	HELICc	0.920490572465924	-0.0828485201149294	106	1	0.00431034482758621	232	9882	320790	Chd7
SM00487	DEXDc	0.924219752005471	-0.0788054087710258	108	1	0.00431034482758621	232	9882	320790	Chd7
SM00112	CA	0.93895911735829	-0.0629833392112753	117	1	0.00431034482758621	232	9882	12614	Celsr1
SM01381	7TM_GPCR_Srsx	0.988451479648046	-0.0116157224036345	186	1	0.00431034482758621	232	9882	13610	S1pr3
SM00389	HOX	0.997677367167366	-0.00232533432813731	252	1	0.00431034482758621	232	9882	20230	Satb1
SM00355	ZnF_C2H2	0.9991652156009	-0.00083513302562861	620	5	0.021551724137931	232	9882	22759,240034,626391,329003,235682	Zfp97,Zfp760,Zfp951,Zfp516,Zfp445
SM00445	LINK	0.99999999998627	-1.3729692175215e-11	14	0	0	232	9882
SM00234	START	0.99999999998627	-1.3729692175215e-11	14	0	0	232	9882
SM00647	IBR	0.99999999998627	-1.3729692175215e-11	14	0	0	232	9882
SM00241	ZP	0.99999999998627	-1.3729692175215e-11	14	0	0	232	9882
SM00294	4.1m	0.99999999998627	-1.3729692175215e-11	14	0	0	232	9882
SM00615	EPH_lbd	0.99999999998627	-1.3729692175215e-11	14	0	0	232	9882
SM00832	C8	0.99999999998627	-1.3729692175215e-11	14	0	0	232	9882
SM00046	DAGKc	0.99999999998627	-1.3729692175215e-11	14	0	0	232	9882
SM01366	c-clamp	0.99999999998642	-1.35799126528254e-11	3	0	0	232	9882
SM00985	UBA_e1_C	0.99999999998642	-1.35799126528254e-11	3	0	0	232	9882
SM00536	AXH	0.99999999998642	-1.35799126528254e-11	3	0	0	232	9882
SM01084	CKS	0.99999999998642	-1.35799126528254e-11	3	0	0	232	9882
SM01305	RESP18	0.99999999998642	-1.35799126528254e-11	3	0	0	232	9882
SM00444	GYF	0.99999999998642	-1.35799126528254e-11	3	0	0	232	9882
SM00151	SWIB	0.99999999998642	-1.35799126528254e-11	3	0	0	232	9882
SM01073	CDC48_N	0.99999999998642	-1.35799126528254e-11	3	0	0	232	9882
SM00722	CASH	0.99999999998642	-1.35799126528254e-11	3	0	0	232	9882
SM01146	DUF1086	0.99999999998642	-1.35799126528254e-11	3	0	0	232	9882
SM01151	DUF1518	0.99999999998642	-1.35799126528254e-11	3	0	0	232	9882
SM00916	L51_S25_CI-B8	0.99999999998642	-1.35799126528254e-11	3	0	0	232	9882
SM01276	M60-like	0.99999999998642	-1.35799126528254e-11	3	0	0	232	9882
SM00482	POLAc	0.99999999998642	-1.35799126528254e-11	3	0	0	232	9882
SM00305	HintC	0.99999999998642	-1.35799126528254e-11	3	0	0	232	9882
SM00706	TECPR	0.99999999998642	-1.35799126528254e-11	3	0	0	232	9882
SM01257	KRAP_IP3R_bind	0.99999999998642	-1.35799126528254e-11	3	0	0	232	9882
SM00981	THUMP	0.99999999998642	-1.35799126528254e-11	3	0	0	232	9882
SM00162	SAPA	0.99999999998642	-1.35799126528254e-11	3	0	0	232	9882
SM01367	DUF3452	0.99999999998642	-1.35799126528254e-11	3	0	0	232	9882
SM00459	Sorb	0.99999999998642	-1.35799126528254e-11	3	0	0	232	9882
SM01200	FerA	0.99999999998642	-1.35799126528254e-11	3	0	0	232	9882
SM01369	Rb_C	0.99999999998642	-1.35799126528254e-11	3	0	0	232	9882
SM01147	DUF1087	0.99999999998642	-1.35799126528254e-11	3	0	0	232	9882
SM01218	FoP_duplication	0.99999999998642	-1.35799126528254e-11	3	0	0	232	9882
SM00919	Malic_M	0.99999999998642	-1.35799126528254e-11	3	0	0	232	9882
SM01279	Matrilin_ccoil	0.99999999998642	-1.35799126528254e-11	3	0	0	232	9882
SM00183	NAT_PEP	0.99999999998642	-1.35799126528254e-11	3	0	0	232	9882
SM00836	DALR_1	0.99999999998642	-1.35799126528254e-11	3	0	0	232	9882
SM00773	WGR	0.99999999998642	-1.35799126528254e-11	3	0	0	232	9882
SM01370	TAFII55_N	0.99999999998642	-1.35799126528254e-11	3	0	0	232	9882
SM01212	Fib_alpha	0.99999999998642	-1.35799126528254e-11	3	0	0	232	9882
SM01424	HAP1_N	0.99999999998642	-1.35799126528254e-11	3	0	0	232	9882
SM01246	Josephin	0.99999999998642	-1.35799126528254e-11	3	0	0	232	9882
SM00309	PAH	0.99999999998642	-1.35799126528254e-11	3	0	0	232	9882
SM00663	RPOLA_N	0.99999999998642	-1.35799126528254e-11	3	0	0	232	9882
SM00311	PWI	0.99999999998642	-1.35799126528254e-11	3	0	0	232	9882
SM01333	Tet_JBP	0.99999999998642	-1.35799126528254e-11	3	0	0	232	9882
SM01260	LANC_like	0.99999999998642	-1.35799126528254e-11	3	0	0	232	9882
SM00682	G2F	0.99999999998642	-1.35799126528254e-11	3	0	0	232	9882
SM00113	CALCITONIN	0.99999999998642	-1.35799126528254e-11	3	0	0	232	9882
SM01065	CBM_2	0.99999999998642	-1.35799126528254e-11	3	0	0	232	9882
SM00758	PA14	0.99999999998642	-1.35799126528254e-11	3	0	0	232	9882
SM00996	AdoHcyase	0.99999999998642	-1.35799126528254e-11	3	0	0	232	9882
SM01176	DUF4208	0.99999999998642	-1.35799126528254e-11	3	0	0	232	9882
SM01274	malic	0.99999999998642	-1.35799126528254e-11	3	0	0	232	9882
SM01403	Ribosomal_S10	0.99999999998642	-1.35799126528254e-11	3	0	0	232	9882
SM00851	MGS	0.99999999998642	-1.35799126528254e-11	3	0	0	232	9882
SM00306	HintN	0.99999999998642	-1.35799126528254e-11	3	0	0	232	9882
SM01275	MamL-1	0.99999999998642	-1.35799126528254e-11	3	0	0	232	9882
SM00576	BTP	0.99999999998642	-1.35799126528254e-11	3	0	0	232	9882
SM00676	DM10	0.99999999998642	-1.35799126528254e-11	3	0	0	232	9882
SM00704	ZnF_CDGSH	0.99999999998642	-1.35799126528254e-11	3	0	0	232	9882
SM01271	LSM14	0.99999999998642	-1.35799126528254e-11	3	0	0	232	9882
SM00803	TAF	0.99999999998642	-1.35799126528254e-11	3	0	0	232	9882
SM00997	AdoHcyase_NAD	0.99999999998642	-1.35799126528254e-11	3	0	0	232	9882
SM00473	PAN_AP	0.99999999998642	-1.35799126528254e-11	3	0	0	232	9882
SM00650	rADc	0.99999999998642	-1.35799126528254e-11	3	0	0	232	9882
SM00963	SRP54_N	0.99999999998642	-1.35799126528254e-11	3	0	0	232	9882
SM00672	CAP10	0.99999999998642	-1.35799126528254e-11	3	0	0	232	9882
SM00736	CADG	0.99999999998642	-1.35799126528254e-11	3	0	0	232	9882
SM00090	RIO	0.99999999998642	-1.35799126528254e-11	3	0	0	232	9882
SM01199	FDF	0.99999999998642	-1.35799126528254e-11	3	0	0	232	9882
SM01368	RB_A	0.99999999998642	-1.35799126528254e-11	3	0	0	232	9882
SM01232	H2TH	0.99999999998642	-1.35799126528254e-11	3	0	0	232	9882
SM01401	Sds3	0.99999999998642	-1.35799126528254e-11	3	0	0	232	9882
SM00300	ChSh	0.99999999998642	-1.35799126528254e-11	3	0	0	232	9882
SM00931	NOSIC	0.99999999998642	-1.35799126528254e-11	3	0	0	232	9882
SM00002	PLP	0.99999999998642	-1.35799126528254e-11	3	0	0	232	9882
SM00341	HRDC	0.99999999998642	-1.35799126528254e-11	3	0	0	232	9882
SM00751	BSD	0.99999999998642	-1.35799126528254e-11	3	0	0	232	9882
SM00143	PI3K_p85B	0.99999999998642	-1.35799126528254e-11	3	0	0	232	9882
SM00478	ENDO3c	0.99999999998642	-1.35799126528254e-11	3	0	0	232	9882
SM00712	PUR	0.99999999998642	-1.35799126528254e-11	3	0	0	232	9882
SM01300	PEHE	0.99999999998642	-1.35799126528254e-11	3	0	0	232	9882
SM00057	FIMAC	0.99999999998642	-1.35799126528254e-11	3	0	0	232	9882
SM01269	Lipid_DES	0.99999999998642	-1.35799126528254e-11	3	0	0	232	9882
SM00363	S4	0.99999999998642	-1.35799126528254e-11	3	0	0	232	9882
SM00962	SRP54	0.99999999998642	-1.35799126528254e-11	3	0	0	232	9882
SM01299	PIP49_N	0.99999999998642	-1.35799126528254e-11	3	0	0	232	9882
SM01083	Cir_N	0.99999999998642	-1.35799126528254e-11	3	0	0	232	9882
SM00438	ZnF_NFX	0.99999999998642	-1.35799126528254e-11	3	0	0	232	9882
SM00553	SEP	0.99999999998642	-1.35799126528254e-11	3	0	0	232	9882
SM00960	Robl_LC7	0.99999999998642	-1.35799126528254e-11	3	0	0	232	9882
SM01051	CAMSAP_CKK	0.99999999998642	-1.35799126528254e-11	3	0	0	232	9882
SM00594	UAS	0.99999999998642	-1.35799126528254e-11	3	0	0	232	9882
SM00272	END	0.99999999998642	-1.35799126528254e-11	3	0	0	232	9882
SM00735	ZM	0.99999999998642	-1.35799126528254e-11	3	0	0	232	9882
SM00265	BH4	0.99999999998642	-1.35799126528254e-11	3	0	0	232	9882
SM01193	Enolase_N	0.999999999992804	-7.19611953599368e-12	4	0	0	232	9882
SM00973	Sec63	0.999999999992804	-7.19611953599368e-12	4	0	0	232	9882
SM00058	FN1	0.999999999992804	-7.19611953599368e-12	4	0	0	232	9882
SM00750	KIND	0.999999999992804	-7.19611953599368e-12	4	0	0	232	9882
SM01340	DNA_mis_repair	0.999999999992804	-7.19611953599368e-12	4	0	0	232	9882
SM00476	DNaseIc	0.999999999992804	-7.19611953599368e-12	4	0	0	232	9882
SM01053	CaMBD	0.999999999992804	-7.19611953599368e-12	4	0	0	232	9882
SM00227	NEBU	0.999999999992804	-7.19611953599368e-12	4	0	0	232	9882
SM00279	HhH2	0.999999999992804	-7.19611953599368e-12	4	0	0	232	9882
SM00560	LamGL	0.999999999992804	-7.19611953599368e-12	4	0	0	232	9882
SM00426	TEA	0.999999999992804	-7.19611953599368e-12	4	0	0	232	9882
SM00693	DysFN	0.999999999992804	-7.19611953599368e-12	4	0	0	232	9882
SM00554	FAS1	0.999999999992804	-7.19611953599368e-12	4	0	0	232	9882
SM01277	MAGUK_N_PEST	0.999999999992804	-7.19611953599368e-12	4	0	0	232	9882
SM00094	TR_FER	0.999999999992804	-7.19611953599368e-12	4	0	0	232	9882
SM00679	CTNS	0.999999999992804	-7.19611953599368e-12	4	0	0	232	9882
SM01192	Enolase_C	0.999999999992804	-7.19611953599368e-12	4	0	0	232	9882
SM00307	ILWEQ	0.999999999992804	-7.19611953599368e-12	4	0	0	232	9882
SM00723	AMOP	0.999999999992804	-7.19611953599368e-12	4	0	0	232	9882
SM00474	35EXOc	0.999999999992804	-7.19611953599368e-12	4	0	0	232	9882
SM00483	POLXc	0.999999999992804	-7.19611953599368e-12	4	0	0	232	9882
SM00541	FYRN	0.999999999992804	-7.19611953599368e-12	4	0	0	232	9882
SM01020	B2-adapt-app_C	0.999999999992804	-7.19611953599368e-12	4	0	0	232	9882
SM01225	G8	0.999999999992804	-7.19611953599368e-12	4	0	0	232	9882
SM01249	KASH	0.999999999992804	-7.19611953599368e-12	4	0	0	232	9882
SM00753	PAM	0.999999999992804	-7.19611953599368e-12	4	0	0	232	9882
SM00488	DEXDc2	0.999999999992804	-7.19611953599368e-12	4	0	0	232	9882
SM01007	Aldolase_II	0.999999999992804	-7.19611953599368e-12	4	0	0	232	9882
SM01027	Beta-Casp	0.999999999992804	-7.19611953599368e-12	4	0	0	232	9882
SM00392	PROF	0.999999999992804	-7.19611953599368e-12	4	0	0	232	9882
SM00485	XPGN	0.999999999992804	-7.19611953599368e-12	4	0	0	232	9882
SM00484	XPGI	0.999999999992804	-7.19611953599368e-12	4	0	0	232	9882
SM00313	PXA	0.999999999992804	-7.19611953599368e-12	4	0	0	232	9882
SM00564	PQQ	0.999999999992804	-7.19611953599368e-12	4	0	0	232	9882
SM01392	MAGE_N	0.999999999992804	-7.19611953599368e-12	4	0	0	232	9882
SM00197	SAA	0.999999999992804	-7.19611953599368e-12	4	0	0	232	9882
SM00520	BASIC	0.999999999992804	-7.19611953599368e-12	4	0	0	232	9882
SM00804	TAP_C	0.999999999992804	-7.19611953599368e-12	4	0	0	232	9882
SM00068	GHB	0.999999999992804	-7.19611953599368e-12	4	0	0	232	9882
SM01417	Solute_trans_a	0.999999999992804	-7.19611953599368e-12	4	0	0	232	9882
SM00755	Grip	0.999999999992804	-7.19611953599368e-12	4	0	0	232	9882
SM00491	HELICc2	0.999999999992804	-7.19611953599368e-12	4	0	0	232	9882
SM00025	Pumilio	0.999999999992804	-7.19611953599368e-12	4	0	0	232	9882
SM00573	HSA	0.999999999992804	-7.19611953599368e-12	4	0	0	232	9882
SM01178	DUF4217	0.999999999992804	-7.19611953599368e-12	4	0	0	232	9882
SM00140	NGF	0.999999999992804	-7.19611953599368e-12	4	0	0	232	9882
SM01153	DUF1693	0.999999999992804	-7.19611953599368e-12	4	0	0	232	9882
SM00889	EFG_IV	0.999999999992804	-7.19611953599368e-12	4	0	0	232	9882
SM00542	FYRC	0.999999999992804	-7.19611953599368e-12	4	0	0	232	9882
SM00098	alkPPc	0.999999999992804	-7.19611953599368e-12	4	0	0	232	9882
SM01407	NAC	0.999999999992804	-7.19611953599368e-12	4	0	0	232	9882
SM00694	DysFC	0.999999999992804	-7.19611953599368e-12	4	0	0	232	9882
SM01398	Cornichon	0.999999999992804	-7.19611953599368e-12	4	0	0	232	9882
SM00955	RNB	0.999999999992804	-7.19611953599368e-12	4	0	0	232	9882
SM00206	NTR	0.999999999992804	-7.19611953599368e-12	4	0	0	232	9882
SM00051	DSL	0.999999999992804	-7.19611953599368e-12	4	0	0	232	9882
SM01375	Dynein_light	0.999999999992804	-7.19611953599368e-12	4	0	0	232	9882
SM00734	ZnF_Rad18	0.999999999992804	-7.19611953599368e-12	4	0	0	232	9882
SM01046	c-SKI_SMAD_bind	0.999999999992804	-7.19611953599368e-12	4	0	0	232	9882
SM00486	POLBc	0.999999999992804	-7.19611953599368e-12	4	0	0	232	9882
SM00969	SOCS_box	0.999999999995582	-4.4182395745316e-12	35	0	0	232	9882
SM00204	TGFB	0.999999999995582	-4.4182395745316e-12	35	0	0	232	9882
SM00513	SAP	0.999999999995711	-4.28937148716677e-12	22	0	0	232	9882
SM00210	TSPN	0.999999999995711	-4.28937148716677e-12	22	0	0	232	9882
SM00442	FGF	0.999999999995711	-4.28937148716677e-12	22	0	0	232	9882
SM00667	LisH	0.999999999995711	-4.28937148716677e-12	22	0	0	232	9882
SM00698	MORN	0.999999999996234	-3.76624514181382e-12	13	0	0	232	9882
SM00479	EXOIII	0.999999999996234	-3.76624514181382e-12	13	0	0	232	9882
SM00427	H2B	0.999999999996234	-3.76624514181382e-12	13	0	0	232	9882
SM00526	H15	0.999999999996234	-3.76624514181382e-12	13	0	0	232	9882
SM00156	PP2Ac	0.999999999996234	-3.76624514181382e-12	13	0	0	232	9882
SM00230	CysPc	0.999999999996234	-3.76624514181382e-12	13	0	0	232	9882
SM01189	ELM2	0.999999999996234	-3.76624514181382e-12	13	0	0	232	9882
SM00059	FN2	0.999999999996234	-3.76624514181382e-12	13	0	0	232	9882
SM00036	CNH	0.999999999996234	-3.76624514181382e-12	13	0	0	232	9882
SM01195	FA	0.999999999996234	-3.76624514181382e-12	13	0	0	232	9882
SM00508	PostSET	0.999999999997191	-2.8087788116548e-12	11	0	0	232	9882
SM00276	GLECT	0.999999999997191	-2.8087788116548e-12	11	0	0	232	9882
SM00720	calpain_III	0.999999999997191	-2.8087788116548e-12	11	0	0	232	9882
SM01330	Frizzled	0.999999999997191	-2.8087788116548e-12	11	0	0	232	9882
SM00386	HAT	0.999999999997191	-2.8087788116548e-12	11	0	0	232	9882
SM00038	COLFI	0.999999999997191	-2.8087788116548e-12	11	0	0	232	9882
SM00096	UTG	0.999999999997191	-2.8087788116548e-12	11	0	0	232	9882
SM00439	BAH	0.999999999997191	-2.8087788116548e-12	11	0	0	232	9882
SM00274	FOLN	0.999999999997191	-2.8087788116548e-12	11	0	0	232	9882
SM00027	EH	0.999999999997191	-2.8087788116548e-12	11	0	0	232	9882
SM00238	BIR	0.999999999997191	-2.8087788116548e-12	11	0	0	232	9882
SM00005	DEATH	0.999999999997567	-2.43301312795927e-12	27	0	0	232	9882
SM00119	HECTc	0.999999999997567	-2.43301312795927e-12	27	0	0	232	9882
SM00085	PA2c	0.99999999999865	-1.34971173135753e-12	9	0	0	232	9882
SM00674	CENPB	0.99999999999865	-1.34971173135753e-12	9	0	0	232	9882
SM00078	IlGF	0.99999999999865	-1.34971173135753e-12	9	0	0	232	9882
SM00537	DCX	0.99999999999865	-1.34971173135753e-12	9	0	0	232	9882
SM00316	S1	0.99999999999865	-1.34971173135753e-12	9	0	0	232	9882
SM00263	LYZ1	0.99999999999865	-1.34971173135753e-12	9	0	0	232	9882
SM00545	JmjN	0.99999999999865	-1.34971173135753e-12	9	0	0	232	9882
SM00849	Lactamase_B	0.99999999999865	-1.34971173135753e-12	9	0	0	232	9882
SM00348	IRF	0.99999999999865	-1.34971173135753e-12	9	0	0	232	9882
SM00350	MCM	0.99999999999865	-1.34971173135753e-12	9	0	0	232	9882
SM00141	PDGF	0.99999999999865	-1.34971173135753e-12	9	0	0	232	9882
SM00668	CTLH	0.99999999999865	-1.34971173135753e-12	9	0	0	232	9882
SM00114	CARD	0.99999999999865	-1.34971173135753e-12	9	0	0	232	9882
SM01026	Beach	0.99999999999865	-1.34971173135753e-12	9	0	0	232	9882
SM00652	eIF1a	0.99999999999865	-1.34971173135753e-12	9	0	0	232	9882
SM00273	ENTH	0.99999999999865	-1.34971173135753e-12	9	0	0	232	9882
SM00393	R3H	0.99999999999865	-1.34971173135753e-12	9	0	0	232	9882
SM00727	STI1	0.99999999999865	-1.34971173135753e-12	9	0	0	232	9882
SM00351	PAX	0.99999999999865	-1.34971173135753e-12	9	0	0	232	9882
SM01349	TOG	0.99999999999865	-1.34971173135753e-12	9	0	0	232	9882
SM00809	Alpha_adaptinC2	0.99999999999865	-1.34971173135753e-12	9	0	0	232	9882
SM00292	BRCT	0.999999999998791	-1.20856361948047e-12	19	0	0	232	9882
SM00651	Sm	0.999999999998791	-1.20856361948047e-12	19	0	0	232	9882
SM00367	LRR_CC	0.999999999998791	-1.20856361948047e-12	19	0	0	232	9882
SM01089	Connexin_CCC	0.999999999998791	-1.20856361948047e-12	19	0	0	232	9882
SM00097	WNT1	0.999999999998791	-1.20856361948047e-12	19	0	0	232	9882
SM00191	Int_alpha	0.999999999998791	-1.20856361948047e-12	19	0	0	232	9882
SM00315	RGS	1.00000000000024	2.35738217702436e-13	34	0	0	232	9882
SM00589	PRY	1.00000000000024	2.35738217702436e-13	34	0	0	232	9882
SM00214	VWC	1.00000000000024	2.35738217702436e-13	34	0	0	232	9882
SM00317	SET	1.00000000000045	4.52377380777257e-13	36	0	0	232	9882
SM00280	KAZAL	1.00000000000045	4.52377380777257e-13	36	0	0	232	9882
SM00195	DSPc	1.00000000000045	4.52377380777257e-13	36	0	0	232	9882
SM00235	ZnMc	1.00000000000057	5.66801303800718e-13	29	0	0	232	9882
SM00451	ZnF_U1	1.00000000000057	5.66801303800718e-13	29	0	0	232	9882
SM00558	JmjC	1.00000000000057	5.66801303800718e-13	29	0	0	232	9882
SM01418	Defensin_propep	1.00000000000068	6.78153878518765e-13	31	0	0	232	9882
SM00165	UBA	1.00000000000068	6.78153878518765e-13	31	0	0	232	9882
SM00471	HDc	1.00000000000432	4.31615196943377e-12	23	0	0	232	9882
SM00458	RICIN	1.00000000000432	4.31615196943377e-12	23	0	0	232	9882
SM00105	ArfGap	1.00000000000432	4.31615196943377e-12	23	0	0	232	9882
SM00160	RanBD	1.00000000000527	5.26918112566459e-12	5	0	0	232	9882
SM00879	Brix	1.00000000000527	5.26918112566459e-12	5	0	0	232	9882
SM01202	FerI	1.00000000000527	5.26918112566459e-12	5	0	0	232	9882
SM00571	DDT	1.00000000000527	5.26918112566459e-12	5	0	0	232	9882
SM00549	TAFH	1.00000000000527	5.26918112566459e-12	5	0	0	232	9882
SM00765	MANEC	1.00000000000527	5.26918112566459e-12	5	0	0	232	9882
SM00103	ALBUMIN	1.00000000000527	5.26918112566459e-12	5	0	0	232	9882
SM01175	DUF4206	1.00000000000527	5.26918112566459e-12	5	0	0	232	9882
SM00588	NEUZ	1.00000000000527	5.26918112566459e-12	5	0	0	232	9882
SM00539	NIDO	1.00000000000527	5.26918112566459e-12	5	0	0	232	9882
SM00733	Mterf	1.00000000000527	5.26918112566459e-12	5	0	0	232	9882
SM00892	Endonuclease_NS	1.00000000000527	5.26918112566459e-12	5	0	0	232	9882
SM00991	WHEP-TRS	1.00000000000527	5.26918112566459e-12	5	0	0	232	9882
SM00089	PKD	1.00000000000527	5.26918112566459e-12	5	0	0	232	9882
SM01408	ING	1.00000000000527	5.26918112566459e-12	5	0	0	232	9882
SM00534	MUTSac	1.00000000000527	5.26918112566459e-12	5	0	0	232	9882
SM00580	PUG	1.00000000000527	5.26918112566459e-12	5	0	0	232	9882
SM01145	DUF1041	1.00000000000527	5.26918112566459e-12	5	0	0	232	9882
SM00446	LRRcap	1.00000000000527	5.26918112566459e-12	5	0	0	232	9882
SM01163	DUF1785	1.00000000000527	5.26918112566459e-12	5	0	0	232	9882
SM00572	DZF	1.00000000000527	5.26918112566459e-12	5	0	0	232	9882
SM01201	FerB	1.00000000000527	5.26918112566459e-12	5	0	0	232	9882
SM00266	CAD	1.00000000000527	5.26918112566459e-12	5	0	0	232	9882
SM00331	PP2C_SIG	1.00000000000527	5.26918112566459e-12	5	0	0	232	9882
SM01041	BRO1	1.00000000000527	5.26918112566459e-12	5	0	0	232	9882
SM00664	DoH	1.00000000000527	5.26918112566459e-12	5	0	0	232	9882
SM00739	KOW	1.00000000000527	5.26918112566459e-12	5	0	0	232	9882
SM00533	MUTSd	1.00000000000527	5.26918112566459e-12	5	0	0	232	9882
SM00614	ZnF_BED	1.00000000000527	5.26918112566459e-12	5	0	0	232	9882
SM00570	AWS	1.00000000000527	5.26918112566459e-12	5	0	0	232	9882
SM00891	ERCC4	1.00000000000527	5.26918112566459e-12	5	0	0	232	9882
SM00878	Biotin_carb_C	1.00000000000527	5.26918112566459e-12	5	0	0	232	9882
SM00428	H3	1.00000000000527	5.26918112566459e-12	5	0	0	232	9882
SM00584	TLDc	1.00000000000527	5.26918112566459e-12	5	0	0	232	9882
SM00872	Alpha-mann_mid	1.00000000000527	5.26918112566459e-12	5	0	0	232	9882
SM00673	CARP	1.00000000000527	5.26918112566459e-12	5	0	0	232	9882
SM00838	EFG_C	1.00000000000527	5.26918112566459e-12	5	0	0	232	9882
SM01270	Longin	1.00000000000527	5.26918112566459e-12	5	0	0	232	9882
SM00642	Aamy	1.00000000000527	5.26918112566459e-12	5	0	0	232	9882
SM00321	WSC	1.00000000000527	5.26918112566459e-12	5	0	0	232	9882
SM00540	LEM	1.00000000000527	5.26918112566459e-12	5	0	0	232	9882
SM00521	CBF	1.00000000000575	5.74661498942142e-12	1	0	0	232	9882
SM01030	BHD_1	1.00000000000575	5.74661498942142e-12	1	0	0	232	9882
SM01395	Tbf5	1.00000000000575	5.74661498942142e-12	1	0	0	232	9882
SM00463	SMR	1.00000000000575	5.74661498942142e-12	1	0	0	232	9882
SM01069	CDC37_C	1.00000000000575	5.74661498942142e-12	1	0	0	232	9882
SM00226	LMWPc	1.00000000000575	5.74661498942142e-12	1	0	0	232	9882
SM00845	GatB_Yqey	1.00000000000575	5.74661498942142e-12	1	0	0	232	9882
SM00984	UDPG_MGDP_dh_C	1.00000000000575	5.74661498942142e-12	1	0	0	232	9882
SM01155	DUF1713	1.00000000000575	5.74661498942142e-12	1	0	0	232	9882
SM01280	Mcm10	1.00000000000575	5.74661498942142e-12	1	0	0	232	9882
SM01085	CK_II_beta	1.00000000000575	5.74661498942142e-12	1	0	0	232	9882
SM00818	Amelogenin	1.00000000000575	5.74661498942142e-12	1	0	0	232	9882
SM01353	AIF_C	1.00000000000575	5.74661498942142e-12	1	0	0	232	9882
SM00683	DM16	1.00000000000575	5.74661498942142e-12	1	0	0	232	9882
SM00743	Agenet	1.00000000000575	5.74661498942142e-12	1	0	0	232	9882
SM00067	GHA	1.00000000000575	5.74661498942142e-12	1	0	0	232	9882
SM01378	Romo1	1.00000000000575	5.74661498942142e-12	1	0	0	232	9882
SM00030	CLb	1.00000000000575	5.74661498942142e-12	1	0	0	232	9882
SM00084	NMU	1.00000000000575	5.74661498942142e-12	1	0	0	232	9882
SM01016	Arg_tRNA_synt_N	1.00000000000575	5.74661498942142e-12	1	0	0	232	9882
SM01160	DUF1751	1.00000000000575	5.74661498942142e-12	1	0	0	232	9882
SM00023	COLIPASE	1.00000000000575	5.74661498942142e-12	1	0	0	232	9882
SM00738	NGN	1.00000000000575	5.74661498942142e-12	1	0	0	232	9882
SM01032	BHD_3	1.00000000000575	5.74661498942142e-12	1	0	0	232	9882
SM00040	CSF2	1.00000000000575	5.74661498942142e-12	1	0	0	232	9882
SM01183	EF1G	1.00000000000575	5.74661498942142e-12	1	0	0	232	9882
SM00995	AD	1.00000000000575	5.74661498942142e-12	1	0	0	232	9882
SM01124	DBR1	1.00000000000575	5.74661498942142e-12	1	0	0	232	9882
SM00748	HEPN	1.00000000000575	5.74661498942142e-12	1	0	0	232	9882
SM00017	OSTEO	1.00000000000575	5.74661498942142e-12	1	0	0	232	9882
SM00245	TSPc	1.00000000000575	5.74661498942142e-12	1	0	0	232	9882
SM01004	ALAD	1.00000000000575	5.74661498942142e-12	1	0	0	232	9882
SM00826	PKS_DH	1.00000000000575	5.74661498942142e-12	1	0	0	232	9882
SM01402	Ribosomal_S27	1.00000000000575	5.74661498942142e-12	1	0	0	232	9882
SM00904	Flavokinase	1.00000000000575	5.74661498942142e-12	1	0	0	232	9882
SM01413	Ribosomal_S19e	1.00000000000575	5.74661498942142e-12	1	0	0	232	9882
SM00277	GRAN	1.00000000000575	5.74661498942142e-12	1	0	0	232	9882
SM00752	HTTM	1.00000000000575	5.74661498942142e-12	1	0	0	232	9882
SM00019	SF_P	1.00000000000575	5.74661498942142e-12	1	0	0	232	9882
SM01384	Ribosomal_L15e	1.00000000000575	5.74661498942142e-12	1	0	0	232	9882
SM00932	Nfu_N	1.00000000000575	5.74661498942142e-12	1	0	0	232	9882
SM01125	DCP2	1.00000000000575	5.74661498942142e-12	1	0	0	232	9882
SM00859	Semialdhyde_dh	1.00000000000575	5.74661498942142e-12	1	0	0	232	9882
SM01001	AIRC	1.00000000000575	5.74661498942142e-12	1	0	0	232	9882
SM00802	UME	1.00000000000575	5.74661498942142e-12	1	0	0	232	9882
SM01342	TAN	1.00000000000575	5.74661498942142e-12	1	0	0	232	9882
SM00654	eIF6	1.00000000000575	5.74661498942142e-12	1	0	0	232	9882
SM00709	Zpr1	1.00000000000575	5.74661498942142e-12	1	0	0	232	9882
SM01136	DKCLD	1.00000000000575	5.74661498942142e-12	1	0	0	232	9882
SM00928	NADH_4Fe-4S	1.00000000000575	5.74661498942142e-12	1	0	0	232	9882
SM01162	DUF1771	1.00000000000575	5.74661498942142e-12	1	0	0	232	9882
SM01180	DWNN	1.00000000000575	5.74661498942142e-12	1	0	0	232	9882
SM01102	CRM1_C	1.00000000000575	5.74661498942142e-12	1	0	0	232	9882
SM01348	Nbs1_C	1.00000000000575	5.74661498942142e-12	1	0	0	232	9882
SM00898	Fapy_DNA_glyco	1.00000000000575	5.74661498942142e-12	1	0	0	232	9882
SM00157	PRP	1.00000000000575	5.74661498942142e-12	1	0	0	232	9882
SM01135	DIRP	1.00000000000575	5.74661498942142e-12	1	0	0	232	9882
SM01352	APCDDC	1.00000000000575	5.74661498942142e-12	1	0	0	232	9882
SM01168	DUF1907	1.00000000000575	5.74661498942142e-12	1	0	0	232	9882
SM00784	SPT2	1.00000000000575	5.74661498942142e-12	1	0	0	232	9882
SM01311	RPOL_N	1.00000000000575	5.74661498942142e-12	1	0	0	232	9882
SM01087	COG6	1.00000000000575	5.74661498942142e-12	1	0	0	232	9882
SM00254	ShKT	1.00000000000575	5.74661498942142e-12	1	0	0	232	9882
SM00203	TK	1.00000000000575	5.74661498942142e-12	1	0	0	232	9882
SM01309	RICTOR_phospho	1.00000000000575	5.74661498942142e-12	1	0	0	232	9882
SM00883	Cpn10	1.00000000000575	5.74661498942142e-12	1	0	0	232	9882
SM01307	RICTOR_M	1.00000000000575	5.74661498942142e-12	1	0	0	232	9882
SM01386	Ribosomal_S13_N	1.00000000000575	5.74661498942142e-12	1	0	0	232	9882
SM01159	DUF1744	1.00000000000575	5.74661498942142e-12	1	0	0	232	9882
SM01397	Ribosomal_S3Ae	1.00000000000575	5.74661498942142e-12	1	0	0	232	9882
SM00874	B5	1.00000000000575	5.74661498942142e-12	1	0	0	232	9882
SM00987	UreE_C	1.00000000000575	5.74661498942142e-12	1	0	0	232	9882
SM01210	GARS_C	1.00000000000575	5.74661498942142e-12	1	0	0	232	9882
SM01033	BING4CT	1.00000000000575	5.74661498942142e-12	1	0	0	232	9882
SM00659	RPOLCX	1.00000000000575	5.74661498942142e-12	1	0	0	232	9882
SM01350	6PGD	1.00000000000575	5.74661498942142e-12	1	0	0	232	9882
SM00839	ELFV_dehydrog	1.00000000000575	5.74661498942142e-12	1	0	0	232	9882
SM00127	IL7	1.00000000000575	5.74661498942142e-12	1	0	0	232	9882
SM01262	LAMTOR	1.00000000000575	5.74661498942142e-12	1	0	0	232	9882
SM01364	NPP	1.00000000000575	5.74661498942142e-12	1	0	0	232	9882
SM01156	DUF1716	1.00000000000575	5.74661498942142e-12	1	0	0	232	9882
SM01396	BC10	1.00000000000575	5.74661498942142e-12	1	0	0	232	9882
SM01306	RFX5_DNA_bdg	1.00000000000575	5.74661498942142e-12	1	0	0	232	9882
SM00613	PAW	1.00000000000575	5.74661498942142e-12	1	0	0	232	9882
SM00535	RIBOc	1.00000000000575	5.74661498942142e-12	1	0	0	232	9882
SM01118	CYTH	1.00000000000575	5.74661498942142e-12	1	0	0	232	9882
SM01221	FTCD	1.00000000000575	5.74661498942142e-12	1	0	0	232	9882
SM00986	UDG	1.00000000000575	5.74661498942142e-12	1	0	0	232	9882
SM01365	Op_neuropeptide	1.00000000000575	5.74661498942142e-12	1	0	0	232	9882
SM00719	Plus3	1.00000000000575	5.74661498942142e-12	1	0	0	232	9882
SM01129	DELLA	1.00000000000575	5.74661498942142e-12	1	0	0	232	9882
SM01186	eIF3_N	1.00000000000575	5.74661498942142e-12	1	0	0	232	9882
SM01197	FANCL_C	1.00000000000575	5.74661498942142e-12	1	0	0	232	9882
SM00929	NADH-G_4Fe-4S_3	1.00000000000575	5.74661498942142e-12	1	0	0	232	9882
SM00762	Cog4	1.00000000000575	5.74661498942142e-12	1	0	0	232	9882
SM01278	MAPKK1_Int	1.00000000000575	5.74661498942142e-12	1	0	0	232	9882
SM00823	PKS_PP	1.00000000000575	5.74661498942142e-12	1	0	0	232	9882
SM00944	Pro-kuma_activ	1.00000000000575	5.74661498942142e-12	1	0	0	232	9882
SM01228	GIDA_assoc_3	1.00000000000575	5.74661498942142e-12	1	0	0	232	9882
SM01018	B12-binding_2	1.00000000000575	5.74661498942142e-12	1	0	0	232	9882
SM01416	Ribosomal_L19e	1.00000000000575	5.74661498942142e-12	1	0	0	232	9882
SM01044	Btz	1.00000000000575	5.74661498942142e-12	1	0	0	232	9882
SM00798	AICARFT_IMPCHas	1.00000000000575	5.74661498942142e-12	1	0	0	232	9882
SM01219	Frataxin_Cyay	1.00000000000575	5.74661498942142e-12	1	0	0	232	9882
SM01077	Cg6151-P	1.00000000000575	5.74661498942142e-12	1	0	0	232	9882
SM00858	SAF	1.00000000000575	5.74661498942142e-12	1	0	0	232	9882
SM01335	PADR1	1.00000000000575	5.74661498942142e-12	1	0	0	232	9882
SM00941	PYNP_C	1.00000000000575	5.74661498942142e-12	1	0	0	232	9882
SM01152	DUF167	1.00000000000575	5.74661498942142e-12	1	0	0	232	9882
SM01120	Dak2	1.00000000000575	5.74661498942142e-12	1	0	0	232	9882
SM00538	POP4	1.00000000000575	5.74661498942142e-12	1	0	0	232	9882
SM01295	K167R	1.00000000000575	5.74661498942142e-12	1	0	0	232	9882
SM01082	CHZ	1.00000000000575	5.74661498942142e-12	1	0	0	232	9882
SM01133	DeoC	1.00000000000575	5.74661498942142e-12	1	0	0	232	9882
SM01380	Ribosomal_L31e	1.00000000000575	5.74661498942142e-12	1	0	0	232	9882
SM01302	Raptor_N	1.00000000000575	5.74661498942142e-12	1	0	0	232	9882
SM01204	FIST_C	1.00000000000575	5.74661498942142e-12	1	0	0	232	9882
SM01253	Kin17_mid	1.00000000000575	5.74661498942142e-12	1	0	0	232	9882
SM01148	DUF1220	1.00000000000575	5.74661498942142e-12	1	0	0	232	9882
SM00990	VRR_NUC	1.00000000000575	5.74661498942142e-12	1	0	0	232	9882
SM01344	NUC194	1.00000000000575	5.74661498942142e-12	1	0	0	232	9882
SM01363	ACTH_domain	1.00000000000575	5.74661498942142e-12	1	0	0	232	9882
SM00035	CLa	1.00000000000575	5.74661498942142e-12	1	0	0	232	9882
SM01377	Ribosomal_L40e	1.00000000000575	5.74661498942142e-12	1	0	0	232	9882
SM01031	BHD_2	1.00000000000575	5.74661498942142e-12	1	0	0	232	9882
SM01379	GAGE	1.00000000000575	5.74661498942142e-12	1	0	0	232	9882
SM00805	AGTRAP	1.00000000000575	5.74661498942142e-12	1	0	0	232	9882
SM01356	AP4E_app_platf	1.00000000000575	5.74661498942142e-12	1	0	0	232	9882
SM00189	IL2	1.00000000000575	5.74661498942142e-12	1	0	0	232	9882
SM00507	HNHc	1.00000000000575	5.74661498942142e-12	1	0	0	232	9882
SM01341	Tower	1.00000000000575	5.74661498942142e-12	1	0	0	232	9882
SM01273	Mago-bind	1.00000000000575	5.74661498942142e-12	1	0	0	232	9882
SM00417	H4	1.00000000000575	5.74661498942142e-12	1	0	0	232	9882
SM01285	FACT-Spt16_Nlob	1.00000000000575	5.74661498942142e-12	1	0	0	232	9882
SM01404	CIMR	1.00000000000575	5.74661498942142e-12	1	0	0	232	9882
SM00754	CHRD	1.00000000000575	5.74661498942142e-12	1	0	0	232	9882
SM01223	FTO_NTD	1.00000000000575	5.74661498942142e-12	1	0	0	232	9882
SM01013	APC2	1.00000000000575	5.74661498942142e-12	1	0	0	232	9882
SM00703	NRF	1.00000000000575	5.74661498942142e-12	1	0	0	232	9882
SM01035	BOP1NT	1.00000000000575	5.74661498942142e-12	1	0	0	232	9882
SM00026	EPEND	1.00000000000575	5.74661498942142e-12	1	0	0	232	9882
SM01405	Ribosomal_S6e	1.00000000000575	5.74661498942142e-12	1	0	0	232	9882
SM00817	Amelin	1.00000000000575	5.74661498942142e-12	1	0	0	232	9882
SM00318	SNc	1.00000000000575	5.74661498942142e-12	1	0	0	232	9882
SM01284	ECSIT_Cterm	1.00000000000575	5.74661498942142e-12	1	0	0	232	9882
SM00934	OMPdecase	1.00000000000575	5.74661498942142e-12	1	0	0	232	9882
SM01211	GATase_5	1.00000000000575	5.74661498942142e-12	1	0	0	232	9882
SM01128	DDRGK	1.00000000000575	5.74661498942142e-12	1	0	0	232	9882
SM01406	PAPA-1	1.00000000000575	5.74661498942142e-12	1	0	0	232	9882
SM01191	ENT	1.00000000000575	5.74661498942142e-12	1	0	0	232	9882
SM01098	CPSF73-100_C	1.00000000000575	5.74661498942142e-12	1	0	0	232	9882
SM00684	DM15	1.00000000000575	5.74661498942142e-12	1	0	0	232	9882
SM01036	BP28CT	1.00000000000575	5.74661498942142e-12	1	0	0	232	9882
SM00530	HTH_XRE	1.00000000000575	5.74661498942142e-12	1	0	0	232	9882
SM01209	GARS_A	1.00000000000575	5.74661498942142e-12	1	0	0	232	9882
SM00567	EZ_HEAT	1.00000000000575	5.74661498942142e-12	1	0	0	232	9882
SM01286	SPT16	1.00000000000575	5.74661498942142e-12	1	0	0	232	9882
SM01297	KAP	1.00000000000575	5.74661498942142e-12	1	0	0	232	9882
SM00998	ADSL_C	1.00000000000575	5.74661498942142e-12	1	0	0	232	9882
SM01071	CDC37_N	1.00000000000575	5.74661498942142e-12	1	0	0	232	9882
SM00071	Galanin	1.00000000000575	5.74661498942142e-12	1	0	0	232	9882
SM01075	CDT1	1.00000000000575	5.74661498942142e-12	1	0	0	232	9882
SM00910	HIRAN	1.00000000000575	5.74661498942142e-12	1	0	0	232	9882
SM01024	BCS1_N	1.00000000000575	5.74661498942142e-12	1	0	0	232	9882
SM01346	DUF3385	1.00000000000575	5.74661498942142e-12	1	0	0	232	9882
SM00658	RPOL8c	1.00000000000575	5.74661498942142e-12	1	0	0	232	9882
SM01422	SARA	1.00000000000575	5.74661498942142e-12	1	0	0	232	9882
SM01214	Fmp27_GFWDK	1.00000000000575	5.74661498942142e-12	1	0	0	232	9882
SM01303	RasGEF_N_2	1.00000000000575	5.74661498942142e-12	1	0	0	232	9882
SM01393	Ribosomal_L32e	1.00000000000575	5.74661498942142e-12	1	0	0	232	9882
SM00465	GIYc	1.00000000000575	5.74661498942142e-12	1	0	0	232	9882
SM01220	FSA_C	1.00000000000575	5.74661498942142e-12	1	0	0	232	9882
SM01354	BLVR	1.00000000000575	5.74661498942142e-12	1	0	0	232	9882
SM01047	C1_4	1.00000000000575	5.74661498942142e-12	1	0	0	232	9882
SM00983	TPK_B1_binding	1.00000000000575	5.74661498942142e-12	1	0	0	232	9882
SM00975	Telomerase_RBD	1.00000000000575	5.74661498942142e-12	1	0	0	232	9882
SM00470	ParB	1.00000000000575	5.74661498942142e-12	1	0	0	232	9882
SM01181	E2_bind	1.00000000000575	5.74661498942142e-12	1	0	0	232	9882
SM01158	DUF1741	1.00000000000575	5.74661498942142e-12	1	0	0	232	9882
SM01264	M16C_associated	1.00000000000575	5.74661498942142e-12	1	0	0	232	9882
SM01308	RICTOR_N	1.00000000000575	5.74661498942142e-12	1	0	0	232	9882
SM01296	N2227	1.00000000000575	5.74661498942142e-12	1	0	0	232	9882
SM01060	Catalase	1.00000000000575	5.74661498942142e-12	1	0	0	232	9882
SM00870	Asparaginase	1.00000000000575	5.74661498942142e-12	1	0	0	232	9882
SM01409	RNA_pol_Rpb6	1.00000000000575	5.74661498942142e-12	1	0	0	232	9882
SM00731	SprT	1.00000000000575	5.74661498942142e-12	1	0	0	232	9882
SM01261	Thymopoietin	1.00000000000575	5.74661498942142e-12	1	0	0	232	9882
SM01123	DBP10CT	1.00000000000575	5.74661498942142e-12	1	0	0	232	9882
SM01310	RICTOR_V	1.00000000000575	5.74661498942142e-12	1	0	0	232	9882
SM00946	ProRS-C_1	1.00000000000575	5.74661498942142e-12	1	0	0	232	9882
SM01169	DUF1943	1.00000000000575	5.74661498942142e-12	1	0	0	232	9882
SM01347	Mre11_DNA_bind	1.00000000000575	5.74661498942142e-12	1	0	0	232	9882
SM00780	PIG-X	1.00000000000575	5.74661498942142e-12	1	0	0	232	9882
SM01222	FTCD_N	1.00000000000575	5.74661498942142e-12	1	0	0	232	9882
SM01414	P68HR	1.00000000000575	5.74661498942142e-12	1	0	0	232	9882
SM01173	DUF4187	1.00000000000575	5.74661498942142e-12	1	0	0	232	9882
SM00563	PlsC	1.0000000000061	6.09736441457741e-12	17	0	0	232	9882
SM00425	TBOX	1.0000000000061	6.09736441457741e-12	17	0	0	232	9882
SM00061	MATH	1.0000000000061	6.09736441457741e-12	17	0	0	232	9882
SM00247	XTALbg	1.0000000000061	6.09736441457741e-12	17	0	0	232	9882
SM00216	VWD	1.0000000000061	6.09736441457741e-12	17	0	0	232	9882
SM00744	RINGv	1.0000000000061	6.09736441457741e-12	17	0	0	232	9882
SM00261	FU	1.0000000000061	6.09736441457741e-12	17	0	0	232	9882
SM00406	IGv	1.00000000000708	7.07970034197027e-12	81	0	0	232	9882
SM00069	GLA	1.00000000000905	9.05174686201358e-12	16	0	0	232	9882
SM00358	DSRM	1.00000000000905	9.05174686201358e-12	16	0	0	232	9882
SM00799	DENN	1.00000000000905	9.05174686201358e-12	16	0	0	232	9882
SM00086	PAC	1.00000000000905	9.05174686201358e-12	16	0	0	232	9882
SM00275	G_alpha	1.00000000000905	9.05174686201358e-12	16	0	0	232	9882
SM00724	TLC	1.00000000000905	9.05174686201358e-12	16	0	0	232	9882
SM00285	PBD	1.00000000000905	9.05174686201358e-12	16	0	0	232	9882
SM00801	dDENN	1.00000000000905	9.05174686201358e-12	16	0	0	232	9882
SM00222	Sec7	1.00000000000905	9.05174686201358e-12	16	0	0	232	9882
SM00593	RUN	1.00000000001036	1.03604488411739e-11	18	0	0	232	9882
SM00847	HA2	1.00000000001036	1.03604488411739e-11	18	0	0	232	9882
SM00148	PLCXc	1.00000000001036	1.03604488411739e-11	18	0	0	232	9882
SM00291	ZnF_ZZ	1.00000000001036	1.03604488411739e-11	18	0	0	232	9882
SM01057	Carb_anhydrase	1.00000000001036	1.03604488411739e-11	18	0	0	232	9882
SM00308	LH2	1.00000000001036	1.03604488411739e-11	18	0	0	232	9882
SM00037	CNX	1.00000000001036	1.03604488411739e-11	18	0	0	232	9882
SM00636	Glyco_18	1.00000000001036	1.03645856423546e-11	10	0	0	232	9882
SM01017	Arrestin_C	1.00000000001036	1.03645856423546e-11	10	0	0	232	9882
SM00251	SAM_PNT	1.00000000001036	1.03645856423546e-11	10	0	0	232	9882
SM01372	E2F_TDP	1.00000000001036	1.03645856423546e-11	10	0	0	232	9882
SM01100	CRAL_TRIO_N	1.00000000001036	1.03645856423546e-11	10	0	0	232	9882
SM01190	EMP24_GP25L	1.00000000001036	1.03645856423546e-11	10	0	0	232	9882
SM00045	DAGKa	1.00000000001036	1.03645856423546e-11	10	0	0	232	9882
SM00543	MIF4G	1.00000000001036	1.03645856423546e-11	10	0	0	232	9882
SM00472	MIR	1.00000000001036	1.03645856423546e-11	10	0	0	232	9882
SM00745	MIT	1.00000000001036	1.03645856423546e-11	10	0	0	232	9882
SM00128	IPPc	1.00000000001036	1.03645856423546e-11	10	0	0	232	9882
SM01039	BRICHOS	1.00000000001036	1.03645856423546e-11	10	0	0	232	9882
SM00591	RWD	1.00000000001036	1.03645856423546e-11	10	0	0	232	9882
SM00091	PAS	1.00000000001044	1.04380118603814e-11	24	0	0	232	9882
SM00361	RRM_1	1.00000000001044	1.04380118603814e-11	24	0	0	232	9882
SM00120	HX	1.00000000001044	1.04380118603814e-11	24	0	0	232	9882
SM00076	IFabd	1.00000000001044	1.04380118603814e-11	24	0	0	232	9882
SM00516	SEC14	1.00000000001044	1.04380118603814e-11	24	0	0	232	9882
SM01411	Ephrin_rec_like	1.00000000001044	1.04380118603814e-11	24	0	0	232	9882
SM00256	FBOX	1.00000000001085	1.08463753421107e-11	53	0	0	232	9882
SM00013	LRRNT	1.00000000001085	1.08463753421107e-11	53	0	0	232	9882
SM00133	S_TK_X	1.00000000001191	1.19139893740302e-11	45	0	0	232	9882
SM00202	SR	1.00000000001193	1.19340505427476e-11	28	0	0	232	9882
SM00150	SPEC	1.00000000001193	1.19340505427476e-11	28	0	0	232	9882
SM00414	H2A	1.00000000001193	1.19340505427476e-11	28	0	0	232	9882
SM00608	ACR	1.00000000001483	1.48311130739932e-11	43	0	0	232	9882
SM00213	UBQ	1.00000000001483	1.48311130739932e-11	43	0	0	232	9882
SM00717	SANT	1.00000000001483	1.48311130739932e-11	43	0	0	232	9882
SM00139	MyTH4	1.00000000001525	1.52515726861446e-11	8	0	0	232	9882
SM00562	NDK	1.00000000001525	1.52515726861446e-11	8	0	0	232	9882
SM00154	ZnF_AN1	1.00000000001525	1.52515726861446e-11	8	0	0	232	9882
SM00125	IL1	1.00000000001525	1.52515726861446e-11	8	0	0	232	9882
SM00503	SynN	1.00000000001525	1.52515726861446e-11	8	0	0	232	9882
SM00330	PIPKc	1.00000000001525	1.52515726861446e-11	8	0	0	232	9882
SM00200	SEA	1.00000000001525	1.52515726861446e-11	8	0	0	232	9882
SM00468	PreSET	1.00000000001525	1.52515726861446e-11	8	0	0	232	9882
SM00237	Calx_beta	1.00000000001525	1.52515726861446e-11	8	0	0	232	9882
SM00288	VHS	1.00000000001525	1.52515726861446e-11	8	0	0	232	9882
SM01203	DUF3585	1.00000000001525	1.52515726861446e-11	8	0	0	232	9882
SM00577	CPDc	1.00000000001525	1.52515726861446e-11	8	0	0	232	9882
SM00948	Proteasome_A_N	1.00000000001525	1.52515726861446e-11	8	0	0	232	9882
SM00099	btg1	1.00000000001525	1.52515726861446e-11	8	0	0	232	9882
SM00262	GEL	1.00000000001525	1.52515726861446e-11	8	0	0	232	9882
SM01412	Pro-rich	1.00000000001525	1.52515726861446e-11	8	0	0	232	9882
SM00884	Cullin_Nedd8	1.00000000001525	1.52515726861446e-11	8	0	0	232	9882
SM00506	A1pp	1.00000000001525	1.52515726861446e-11	8	0	0	232	9882
SM00281	LamB	1.00000000001525	1.52515726861446e-11	8	0	0	232	9882
SM00746	TRASH	1.00000000001525	1.52515726861446e-11	8	0	0	232	9882
SM00511	ORANGE	1.00000000001525	1.52515726861446e-11	8	0	0	232	9882
SM00609	VIT	1.00000000001525	1.52515726861446e-11	8	0	0	232	9882
SM00166	UBX	1.00000000001525	1.52515726861446e-11	8	0	0	232	9882
SM00153	VHP	1.00000000001525	1.52515726861446e-11	8	0	0	232	9882
SM01025	BEN	1.00000000001525	1.52515726861446e-11	8	0	0	232	9882
SM00167	VPS9	1.00000000001525	1.52515726861446e-11	8	0	0	232	9882
SM00504	Ubox	1.00000000001525	1.52515726861446e-11	8	0	0	232	9882
SM01420	TRP_2	1.00000000001525	1.52515726861446e-11	8	0	0	232	9882
SM00093	SERPIN	1.00000000001525	1.5253972601419e-11	62	0	0	232	9882
SM00297	BROMO	1.00000000001597	1.59709468757454e-11	39	0	0	232	9882
SM00449	SPRY	1.00000000001604	1.60445207205655e-11	74	0	0	232	9882
SM00547	ZnF_RBZ	1.00000000001648	1.64790563175259e-11	20	0	0	232	9882
SM00397	t_SNARE	1.00000000001648	1.64790563175259e-11	20	0	0	232	9882
SM00293	PWWP	1.00000000001648	1.64790563175259e-11	20	0	0	232	9882
SM00041	CT	1.00000000001648	1.64790563175259e-11	20	0	0	232	9882
SM00253	SOCS	1.00000000001648	1.64790563175259e-11	20	0	0	232	9882
SM00063	FRI	1.00000000001648	1.64790563175259e-11	20	0	0	232	9882
SM00044	CYCc	1.00000000001648	1.64790563175259e-11	20	0	0	232	9882
SM00215	VWC_out	1.00000000001648	1.64790563175259e-11	20	0	0	232	9882
SM00443	G_patch	1.00000000001648	1.64790563175259e-11	20	0	0	232	9882
SM00055	FCH	1.00000000001648	1.64790563175259e-11	20	0	0	232	9882
SM01391	Filament	1.00000000001683	1.68300250383796e-11	71	0	0	232	9882
SM00333	TUDOR	1.00000000001694	1.69430871012676e-11	25	0	0	232	9882
SM01196	FERM_C	1.00000000001694	1.69430871012676e-11	25	0	0	232	9882
SM00050	DISIN	1.00000000001743	1.74254493808032e-11	37	0	0	232	9882
SM00761	HDAC_interact	1.00000000001769	1.7686579522995e-11	2	0	0	232	9882
SM01154	DUF1704	1.00000000001769	1.7686579522995e-11	2	0	0	232	9882
SM01023	BAF	1.00000000001769	1.7686579522995e-11	2	0	0	232	9882
SM01268	BTD	1.00000000001769	1.7686579522995e-11	2	0	0	232	9882
SM00827	PKS_AT	1.00000000001769	1.7686579522995e-11	2	0	0	232	9882
SM00967	SpoU_sub_bind	1.00000000001769	1.7686579522995e-11	2	0	0	232	9882
SM01292	N1221	1.00000000001769	1.7686579522995e-11	2	0	0	232	9882
SM00662	RPOLD	1.00000000001769	1.7686579522995e-11	2	0	0	232	9882
SM00188	IL10	1.00000000001769	1.7686579522995e-11	2	0	0	232	9882
SM00649	RL11	1.00000000001769	1.7686579522995e-11	2	0	0	232	9882
SM01301	PTPlike_phytase	1.00000000001769	1.7686579522995e-11	2	0	0	232	9882
SM01319	Tankyrase_bdg_C	1.00000000001769	1.7686579522995e-11	2	0	0	232	9882
SM00525	FES	1.00000000001769	1.7686579522995e-11	2	0	0	232	9882
SM00193	PTN	1.00000000001769	1.7686579522995e-11	2	0	0	232	9882
SM00714	LITAF	1.00000000001769	1.7686579522995e-11	2	0	0	232	9882
SM00551	ZnF_TAZ	1.00000000001769	1.7686579522995e-11	2	0	0	232	9882
SM01174	DUF4205	1.00000000001769	1.7686579522995e-11	2	0	0	232	9882
SM01282	DBB	1.00000000001769	1.7686579522995e-11	2	0	0	232	9882
SM00711	TDU	1.00000000001769	1.7686579522995e-11	2	0	0	232	9882
SM00978	Tim44	1.00000000001769	1.7686579522995e-11	2	0	0	232	9882
SM01028	Beta-TrCP_D	1.00000000001769	1.7686579522995e-11	2	0	0	232	9882
SM00095	TR_THY	1.00000000001769	1.7686579522995e-11	2	0	0	232	9882
SM00435	TOPEUc	1.00000000001769	1.7686579522995e-11	2	0	0	232	9882
SM01229	GluR_Homer-bdg	1.00000000001769	1.7686579522995e-11	2	0	0	232	9882
SM00555	GIT	1.00000000001769	1.7686579522995e-11	2	0	0	232	9882
SM00512	Skp1	1.00000000001769	1.7686579522995e-11	2	0	0	232	9882
SM00434	TOP4c	1.00000000001769	1.7686579522995e-11	2	0	0	232	9882
SM00785	AARP2CN	1.00000000001769	1.7686579522995e-11	2	0	0	232	9882
SM00808	FABD	1.00000000001769	1.7686579522995e-11	2	0	0	232	9882
SM01314	SnAC	1.00000000001769	1.7686579522995e-11	2	0	0	232	9882
SM01022	ASCH	1.00000000001769	1.7686579522995e-11	2	0	0	232	9882
SM01050	CactinC_cactus	1.00000000001769	1.7686579522995e-11	2	0	0	232	9882
SM01072	CDC48_2	1.00000000001769	1.7686579522995e-11	2	0	0	232	9882
SM01293	DUF3402	1.00000000001769	1.7686579522995e-11	2	0	0	232	9882
SM01410	DIM1	1.00000000001769	1.7686579522995e-11	2	0	0	232	9882
SM00436	TOP1Bc	1.00000000001769	1.7686579522995e-11	2	0	0	232	9882
SM00087	PTH	1.00000000001769	1.7686579522995e-11	2	0	0	232	9882
SM00126	IL6	1.00000000001769	1.7686579522995e-11	2	0	0	232	9882
SM01239	IKKbetaNEMObind	1.00000000001769	1.7686579522995e-11	2	0	0	232	9882
SM01421	DUF3480	1.00000000001769	1.7686579522995e-11	2	0	0	232	9882
SM00500	SFM	1.00000000001769	1.7686579522995e-11	2	0	0	232	9882
SM01096	CPSase_L_D3	1.00000000001769	1.7686579522995e-11	2	0	0	232	9882
SM01131	DHHA2	1.00000000001769	1.7686579522995e-11	2	0	0	232	9882
SM01399	Sybindin	1.00000000001769	1.7686579522995e-11	2	0	0	232	9882
SM01288	FISNA	1.00000000001769	1.7686579522995e-11	2	0	0	232	9882
SM00825	PKS_KS	1.00000000001769	1.7686579522995e-11	2	0	0	232	9882
SM01182	EF-1_beta_acid	1.00000000001769	1.7686579522995e-11	2	0	0	232	9882
SM00705	THEG	1.00000000001769	1.7686579522995e-11	2	0	0	232	9882
SM00888	EF1_GNE	1.00000000001769	1.7686579522995e-11	2	0	0	232	9882
SM00531	TFIIE	1.00000000001769	1.7686579522995e-11	2	0	0	232	9882
SM00657	RPOL4c	1.00000000001769	1.7686579522995e-11	2	0	0	232	9882
SM00732	YqgFc	1.00000000001769	1.7686579522995e-11	2	0	0	232	9882
SM01283	Costars	1.00000000001769	1.7686579522995e-11	2	0	0	232	9882
SM00437	TOP1Ac	1.00000000001769	1.7686579522995e-11	2	0	0	232	9882
SM00559	Ku78	1.00000000001769	1.7686579522995e-11	2	0	0	232	9882
SM01141	DRY_EERY	1.00000000001769	1.7686579522995e-11	2	0	0	232	9882
SM00860	SMI1_KNR4	1.00000000001769	1.7686579522995e-11	2	0	0	232	9882
SM01070	CDC37_M	1.00000000001769	1.7686579522995e-11	2	0	0	232	9882
SM01179	DUF862	1.00000000001769	1.7686579522995e-11	2	0	0	232	9882
SM01097	CPSase_sm_chain	1.00000000001769	1.7686579522995e-11	2	0	0	232	9882
SM01086	ClpB_D2-small	1.00000000001769	1.7686579522995e-11	2	0	0	232	9882
SM01389	Spt4	1.00000000001769	1.7686579522995e-11	2	0	0	232	9882
SM00812	Alpha_L_fucos	1.00000000001769	1.7686579522995e-11	2	0	0	232	9882
SM00635	BID_2	1.00000000001769	1.7686579522995e-11	2	0	0	232	9882
SM01387	Ribosomal_S15	1.00000000001769	1.7686579522995e-11	2	0	0	232	9882
SM00846	Gp_dh_N	1.00000000001769	1.7686579522995e-11	2	0	0	232	9882
SM01144	DTW	1.00000000001769	1.7686579522995e-11	2	0	0	232	9882
SM01011	AMP_N	1.00000000001769	1.7686579522995e-11	2	0	0	232	9882
SM00493	TOPRIM	1.00000000001769	1.7686579522995e-11	2	0	0	232	9882
SM00190	IL4_13	1.00000000001769	1.7686579522995e-11	2	0	0	232	9882
SM01177	DUF4210	1.00000000001769	1.7686579522995e-11	2	0	0	232	9882
SM00550	Zalpha	1.00000000001769	1.7686579522995e-11	2	0	0	232	9882
SM01376	eIF-5a	1.00000000001769	1.7686579522995e-11	2	0	0	232	9882
SM00873	B3_4	1.00000000001769	1.7686579522995e-11	2	0	0	232	9882
SM00661	RPOL9	1.00000000001769	1.7686579522995e-11	2	0	0	232	9882
SM00469	WIF	1.00000000001769	1.7686579522995e-11	2	0	0	232	9882
SM01291	N-SET	1.00000000001769	1.7686579522995e-11	2	0	0	232	9882
SM00956	RQC	1.00000000001769	1.7686579522995e-11	2	0	0	232	9882
SM01000	Aha1_N	1.00000000001769	1.7686579522995e-11	2	0	0	232	9882
SM00029	GASTRIN	1.00000000001769	1.7686579522995e-11	2	0	0	232	9882
SM01423	Milton	1.00000000001769	1.7686579522995e-11	2	0	0	232	9882
SM00881	CoA_binding	1.00000000001769	1.7686579522995e-11	2	0	0	232	9882
SM01115	cwf21	1.00000000001769	1.7686579522995e-11	2	0	0	232	9882
SM00638	LPD_N	1.00000000001769	1.7686579522995e-11	2	0	0	232	9882
SM00853	MutL_C	1.00000000001769	1.7686579522995e-11	2	0	0	232	9882
SM00976	Telo_bind	1.00000000001769	1.7686579522995e-11	2	0	0	232	9882
SM01165	DUF1866	1.00000000001769	1.7686579522995e-11	2	0	0	232	9882
SM00223	APPLE	1.00000000001769	1.7686579522995e-11	2	0	0	232	9882
SM01138	DP	1.00000000001769	1.7686579522995e-11	2	0	0	232	9882
SM00466	SRA	1.00000000001769	1.7686579522995e-11	2	0	0	232	9882
SM00494	ChtBD2	1.00000000001769	1.7686579522995e-11	2	0	0	232	9882
SM01345	Rapamycin_bind	1.00000000001769	1.7686579522995e-11	2	0	0	232	9882
SM01281	Med12	1.00000000001769	1.7686579522995e-11	2	0	0	232	9882
SM00788	Adenylsucc_synt	1.00000000001769	1.7686579522995e-11	2	0	0	232	9882
SM01076	CG-1	1.00000000001769	1.7686579522995e-11	2	0	0	232	9882
SM01258	KRBA1	1.00000000001769	1.7686579522995e-11	2	0	0	232	9882
SM00080	LIF_OSM	1.00000000001769	1.7686579522995e-11	2	0	0	232	9882
SM01164	DUF1856	1.00000000001769	1.7686579522995e-11	2	0	0	232	9882
SM01267	LAG1_DNAbind	1.00000000001769	1.7686579522995e-11	2	0	0	232	9882
SM00586	ZnF_DBF	1.00000000001769	1.7686579522995e-11	2	0	0	232	9882
SM01122	DBC1	1.00000000001769	1.7686579522995e-11	2	0	0	232	9882
SM01002	AlaDh_PNT_C	1.00000000001769	1.7686579522995e-11	2	0	0	232	9882
SM01161	DUF1767	1.00000000001769	1.7686579522995e-11	2	0	0	232	9882
SM00902	Fe_hyd_SSU	1.00000000001769	1.7686579522995e-11	2	0	0	232	9882
SM00992	YccV-like	1.00000000001769	1.7686579522995e-11	2	0	0	232	9882
SM01390	Ribosomal_S4	1.00000000001769	1.7686579522995e-11	2	0	0	232	9882
SM01382	Ribosomal_L2_C	1.00000000001769	1.7686579522995e-11	2	0	0	232	9882
SM00777	Mad3_BUB1_I	1.00000000001769	1.7686579522995e-11	2	0	0	232	9882
SM00756	VKc	1.00000000001769	1.7686579522995e-11	2	0	0	232	9882
SM00685	DM14	1.00000000001769	1.7686579522995e-11	2	0	0	232	9882
SM01355	AP3B1_C	1.00000000001769	1.7686579522995e-11	2	0	0	232	9882
SM00581	PSP	1.00000000001769	1.7686579522995e-11	2	0	0	232	9882
SM01104	CTD	1.00000000001769	1.7686579522995e-11	2	0	0	232	9882
SM01194	eRF1_1	1.00000000001769	1.7686579522995e-11	2	0	0	232	9882
SM00896	FDX-ACB	1.00000000001769	1.7686579522995e-11	2	0	0	232	9882
SM00299	CLH	1.00000000001769	1.7686579522995e-11	2	0	0	232	9882
SM01074	Cdc6_C	1.00000000001769	1.7686579522995e-11	2	0	0	232	9882
SM01010	AMPKBI	1.00000000001769	1.7686579522995e-11	2	0	0	232	9882
SM01233	HABP4_PAI-RBP1	1.00000000001769	1.7686579522995e-11	2	0	0	232	9882
SM00632	Aamy_C	1.00000000001769	1.7686579522995e-11	2	0	0	232	9882
SM00852	MoCF_biosynth	1.00000000001769	1.7686579522995e-11	2	0	0	232	9882
SM01371	TFIIA	1.00000000001769	1.7686579522995e-11	2	0	0	232	9882
SM00653	eIF2B_5	1.00000000001769	1.7686579522995e-11	2	0	0	232	9882
SM01362	DUF663	1.00000000001769	1.7686579522995e-11	2	0	0	232	9882
SM01206	Fibrillarin	1.00000000001769	1.7686579522995e-11	2	0	0	232	9882
SM00951	QLQ	1.00000000001769	1.7686579522995e-11	2	0	0	232	9882
SM01287	Rtt106	1.00000000001769	1.7686579522995e-11	2	0	0	232	9882
SM00433	TOP2c	1.00000000001769	1.7686579522995e-11	2	0	0	232	9882
SM01142	DSHCT	1.00000000001769	1.7686579522995e-11	2	0	0	232	9882
SM00937	PCRF	1.00000000001769	1.7686579522995e-11	2	0	0	232	9882
SM00003	NH	1.00000000001769	1.7686579522995e-11	2	0	0	232	9882
SM01336	zf-PARP	1.00000000001769	1.7686579522995e-11	2	0	0	232	9882
SM01374	Ribosomal_L14	1.00000000001769	1.7686579522995e-11	2	0	0	232	9882
SM01272	LsmAD	1.00000000001769	1.7686579522995e-11	2	0	0	232	9882
SM01003	AlaDh_PNT_N	1.00000000001769	1.7686579522995e-11	2	0	0	232	9882
SM00039	CRF	1.00000000001769	1.7686579522995e-11	2	0	0	232	9882
SM01130	DHDPS	1.00000000001769	1.7686579522995e-11	2	0	0	232	9882
SM00807	AKAP_110	1.00000000001769	1.7686579522995e-11	2	0	0	232	9882
SM01415	DUF106	1.00000000001769	1.7686579522995e-11	2	0	0	232	9882
SM01383	Ribosomal_L2	1.00000000001769	1.7686579522995e-11	2	0	0	232	9882
SM01250	KAT11	1.00000000001769	1.7686579522995e-11	2	0	0	232	9882
SM00993	YL1_C	1.00000000001769	1.7686579522995e-11	2	0	0	232	9882
SM00792	Agouti	1.00000000001769	1.7686579522995e-11	2	0	0	232	9882
SM00356	ZnF_C3H1	1.00000000001839	1.83881535901822e-11	46	0	0	232	9882
SM00800	uDENN	1.00000000001877	1.87687057052557e-11	15	0	0	232	9882
SM00136	LamNT	1.00000000001877	1.87687057052557e-11	15	0	0	232	9882
SM00149	PLCYc	1.00000000001877	1.87687057052557e-11	15	0	0	232	9882
SM00352	POU	1.00000000001877	1.87687057052557e-11	15	0	0	232	9882
SM00721	BAR	1.00000000001877	1.87687057052557e-11	15	0	0	232	9882
SM01117	Cyt-b5	1.00000000001877	1.87687057052557e-11	15	0	0	232	9882
SM00726	UIM	1.00000000001877	1.87687057052557e-11	15	0	0	232	9882
SM00088	PINT	1.00000000001877	1.87687057052557e-11	15	0	0	232	9882
SM01373	MAGE	1.00000000001889	1.88906847296002e-11	32	0	0	232	9882
SM00391	MBD	1.00000000001905	1.90486522540998e-11	12	0	0	232	9882
SM00290	ZnF_UBP	1.00000000001905	1.90486522540998e-11	12	0	0	232	9882
SM00159	PTX	1.00000000001905	1.90486522540998e-11	12	0	0	232	9882
SM00246	WH2	1.00000000001905	1.90486522540998e-11	12	0	0	232	9882
SM00284	OLF	1.00000000001905	1.90486522540998e-11	12	0	0	232	9882
SM00401	ZnF_GATA	1.00000000001905	1.90486522540998e-11	12	0	0	232	9882
SM00908	Gal-bind_lectin	1.00000000001905	1.90486522540998e-11	12	0	0	232	9882
SM00337	BCL	1.00000000001905	1.90486522540998e-11	12	0	0	232	9882
SM01265	Mab-21	1.00000000001905	1.90486522540998e-11	12	0	0	232	9882
SM00398	HMG	1.00000000001921	1.92073646610458e-11	51	0	0	232	9882
SM00324	RhoGAP	1.00000000002046	2.0459920136425e-11	64	0	0	232	9882
SM00268	ACTIN	1.00000000002108	2.10837062829415e-11	26	0	0	232	9882
SM00413	ETS	1.00000000002108	2.10837062829415e-11	26	0	0	232	9882
SM00043	CY	1.00000000002108	2.10837062829415e-11	26	0	0	232	9882
SM00271	DnaJ	1.00000000002194	2.19448086773205e-11	47	0	0	232	9882
SM00295	B41	1.00000000002194	2.19448086773205e-11	47	0	0	232	9882
SM00301	DM	1.00000000002214	2.21416435739909e-11	7	0	0	232	9882
SM00671	SEL1	1.00000000002214	2.21416435739909e-11	7	0	0	232	9882
SM01328	zf-3CxxC	1.00000000002214	2.21416435739909e-11	7	0	0	232	9882
SM00510	TFS2M	1.00000000002214	2.21416435739909e-11	7	0	0	232	9882
SM00715	LA	1.00000000002214	2.21416435739909e-11	7	0	0	232	9882
SM00384	AT_hook	1.00000000002214	2.21416435739909e-11	7	0	0	232	9882
SM00707	RPEL	1.00000000002214	2.21416435739909e-11	7	0	0	232	9882
SM00053	DYNc	1.00000000002214	2.21416435739909e-11	7	0	0	232	9882
SM00546	CUE	1.00000000002214	2.21416435739909e-11	7	0	0	232	9882
SM00065	GAF	1.00000000002214	2.21416435739909e-11	7	0	0	232	9882
SM00964	STAT_int	1.00000000002214	2.21416435739909e-11	7	0	0	232	9882
SM00582	RPR	1.00000000002214	2.21416435739909e-11	7	0	0	232	9882
SM00396	ZnF_UBR1	1.00000000002214	2.21416435739909e-11	7	0	0	232	9882
SM00692	DM3	1.00000000002214	2.21416435739909e-11	7	0	0	232	9882
SM00455	RBD	1.00000000002214	2.21416435739909e-11	7	0	0	232	9882
SM00182	CULLIN	1.00000000002214	2.21416435739909e-11	7	0	0	232	9882
SM00467	GS	1.00000000002214	2.21416435739909e-11	7	0	0	232	9882
SM00077	ITAM	1.00000000002214	2.21416435739909e-11	7	0	0	232	9882
SM00201	SO	1.00000000002214	2.21416435739909e-11	7	0	0	232	9882
SM00390	GoLoco	1.00000000002214	2.21416435739909e-11	7	0	0	232	9882
SM00515	eIF5C	1.00000000002214	2.21416435739909e-11	7	0	0	232	9882
SM00258	SAND	1.00000000002214	2.21416435739909e-11	7	0	0	232	9882
SM00509	TFS2N	1.00000000002214	2.21416435739909e-11	7	0	0	232	9882
SM00980	THAP	1.00000000002214	2.21416435739909e-11	7	0	0	232	9882
SM00822	PKS_KR	1.00000000002214	2.21416435739909e-11	7	0	0	232	9882
SM00729	Elp3	1.00000000002214	2.21416435739909e-11	7	0	0	232	9882
SM01388	Mob1_phocein	1.00000000002214	2.21416435739909e-11	7	0	0	232	9882
SM01062	Ca_chan_IQ	1.00000000002214	2.21416435739909e-11	7	0	0	232	9882
SM01337	APC10	1.00000000002214	2.21416435739909e-11	7	0	0	232	9882
SM00101	14_3_3	1.00000000002214	2.21416435739909e-11	7	0	0	232	9882
SM00250	PLEC	1.00000000002214	2.21416435739909e-11	7	0	0	232	9882
SM01243	IRF-3	1.00000000002214	2.21416435739909e-11	7	0	0	232	9882
SM00243	GAS2	1.00000000002214	2.21416435739909e-11	7	0	0	232	9882
SM01055	Cadherin_pro	1.00000000002214	2.21416435739909e-11	7	0	0	232	9882
SM00360	RRM	1.00000000002576	2.57586573107212e-11	199	0	0	232	9882
SM00048	DEFSN	1.00000000002766	2.76579680804125e-11	21	0	0	232	9882
SM00049	DEP	1.00000000002766	2.76579680804125e-11	21	0	0	232	9882
SM00257	LysM	1.00000000003008	3.00828241692778e-11	6	0	0	232	9882
SM01400	Pribosyltran_N	1.00000000003008	3.00828241692778e-11	6	0	0	232	9882
SM00477	NUC	1.00000000003008	3.00828241692778e-11	6	0	0	232	9882
SM00863	tRNA_SAD	1.00000000003008	3.00828241692778e-11	6	0	0	232	9882
SM00259	ZnF_A20	1.00000000003008	3.00828241692778e-11	6	0	0	232	9882
SM00441	FF	1.00000000003008	3.00828241692778e-11	6	0	0	232	9882
SM00603	LCCL	1.00000000003008	3.00828241692778e-11	6	0	0	232	9882
SM01198	FBA	1.00000000003008	3.00828241692778e-11	6	0	0	232	9882
SM00950	Piwi	1.00000000003008	3.00828241692778e-11	6	0	0	232	9882
SM00544	MA3	1.00000000003008	3.00828241692778e-11	6	0	0	232	9882
SM00730	PSN	1.00000000003008	3.00828241692778e-11	6	0	0	232	9882
SM00742	Hr1	1.00000000003008	3.00828241692778e-11	6	0	0	232	9882
SM00022	PLAc	1.00000000003008	3.00828241692778e-11	6	0	0	232	9882
SM00144	PI3K_rbd	1.00000000003008	3.00828241692778e-11	6	0	0	232	9882
SM00915	Jacalin	1.00000000003008	3.00828241692778e-11	6	0	0	232	9882
SM00952	RAP	1.00000000003008	3.00828241692778e-11	6	0	0	232	9882
SM01127	DDHD	1.00000000003008	3.00828241692778e-11	6	0	0	232	9882
SM00070	GLUCA	1.00000000003008	3.00828241692778e-11	6	0	0	232	9882
SM01343	FATC	1.00000000003008	3.00828241692778e-11	6	0	0	232	9882
SM00907	GDNF	1.00000000003008	3.00828241692778e-11	6	0	0	232	9882
SM00302	GED	1.00000000003008	3.00828241692778e-11	6	0	0	232	9882
SM00152	THY	1.00000000003008	3.00828241692778e-11	6	0	0	232	9882
SM00710	PbH1	1.00000000003008	3.00828241692778e-11	6	0	0	232	9882
SM00665	B561	1.00000000003008	3.00828241692778e-11	6	0	0	232	9882
SM00111	C4	1.00000000003008	3.00828241692778e-11	6	0	0	232	9882
SM00775	LNS2	1.00000000003008	3.00828241692778e-11	6	0	0	232	9882
SM00359	PUA	1.00000000003008	3.00828241692778e-11	6	0	0	232	9882
SM01114	CXC	1.00000000003008	3.00828241692778e-11	6	0	0	232	9882
SM00552	ADEAMc	1.00000000003008	3.00828241692778e-11	6	0	0	232	9882
SM00670	PINc	1.00000000003008	3.00828241692778e-11	6	0	0	232	9882
SM00548	IRO	1.00000000003008	3.00828241692778e-11	6	0	0	232	9882
SM00432	MADS	1.00000000003008	3.00828241692778e-11	6	0	0	232	9882
SM00648	SWAP	1.00000000003008	3.00828241692778e-11	6	0	0	232	9882
SM00440	ZnF_C2C2	1.00000000003008	3.00828241692778e-11	6	0	0	232	9882
SM00968	SMC_hinge	1.00000000003008	3.00828241692778e-11	6	0	0	232	9882
SM00031	DED	1.00000000003008	3.00828241692778e-11	6	0	0	232	9882
SM00921	MHC_II_beta	1.00000000003008	3.00828241692778e-11	6	0	0	232	9882
SM00949	PAZ	1.00000000003008	3.00828241692778e-11	6	0	0	232	9882
SM00021	DAX	1.00000000003008	3.00828241692778e-11	6	0	0	232	9882
SM00757	CRA	1.00000000003008	3.00828241692778e-11	6	0	0	232	9882
SM00695	DUSP	1.00000000003008	3.00828241692778e-11	6	0	0	232	9882
SM01184	efhand_Ca_insen	1.00000000003008	3.00828241692778e-11	6	0	0	232	9882
SM00517	PolyA	1.00000000003008	3.00828241692778e-11	6	0	0	232	9882
SM00811	Alpha_kinase	1.00000000003008	3.00828241692778e-11	6	0	0	232	9882
SM00249	PHD	1.00000000003216	3.21609718643704e-11	89	0	0	232	9882
