TermID	Term	Enrichment	logP	Genes in Term	Target Genes in Term	Fraction of Targets in Term	Total Target Genes	Total Genes	Entrez Gene IDs	Gene Symbols
SM00233	PH	1.85988139911712e-10	-22.4053382081639	252	24	0.121212121212121	198	9882	21844,67016,19878,71720,13196,110279,54519,277360,71435,20662,320129,216445,384783,212285,224860,13448,100273,16443,71801,106877,219140,19159,233765,114713	Tiam1,Tbc1d2b,Rock2,Osbpl3,Asap1,Bcr,Apbb1ip,Prex1,Arhgap21,Sos1,Grk3,Arhgap9,Irs2,Arap2,Plcl2,Dok1,Osbpl9,Itsn1,Plekhf2,Afap1l1,Spata13,Cyth3,Plekha7,Rasa2
SM00325	RhoGEF	0.000303640896111157	-8.09966481759112	65	7	0.0353535353535354	198	9882	110279,277360,20662,219140,100045792,21844,16443	Bcr,Prex1,Sos1,Spata13,Ect2l,Tiam1,Itsn1
SM00326	SH3	0.000570502352587991	-7.4689932649406	196	12	0.0606060606060606	198	9882	17969,68813,13196,170625,225608,18708,21981,71602,216445,16443,219140,14784	Ncf1,Dock5,Asap1,Snx18,Sh3tc2,Pik3r1,Ppp1r13b,Myo1e,Arhgap9,Itsn1,Spata13,Grb2
SM01241	Integrin_b_cyt	0.0056820469331794	-5.170443735609	6	2	0.0101010101010101	198	9882	16416,16419	Itgb3,Itgb5
SM00455	RBD	0.00785033609747424	-4.84719893313948	7	2	0.0101010101010101	198	9882	110157,21844	Raf1,Tiam1
SM00201	SO	0.00785033609747424	-4.84719893313948	7	2	0.0101010101010101	198	9882	19011,18605	Endou,Enpp1
SM00324	RhoGAP	0.00899824564876406	-4.71072564856194	64	5	0.0252525252525253	198	9882	216445,110279,18708,212285,71435	Arhgap9,Bcr,Pik3r1,Arap2,Arhgap21
SM00312	PX	0.00965793987507207	-4.63997491695169	42	4	0.0202020202020202	198	9882	170625,71982,17969,101113	Snx18,Snx10,Ncf1,Snx21
SM01242	Integrin_B_tail	0.010329797628879	-4.57272258666408	8	2	0.0101010101010101	198	9882	16416,16419	Itgb3,Itgb5
SM00187	INB	0.0131072192786087	-4.33459211059921	9	2	0.0101010101010101	198	9882	16416,16419	Itgb3,Itgb5
SM01349	TOG	0.0131072192786087	-4.33459211059921	9	2	0.0101010101010101	198	9882	76499,76707	Clasp2,Clasp1
SM00456	WW	0.0142473968690603	-4.25118106481016	47	4	0.0202020202020202	198	9882	52357,83814,233765,22288	Wwc2,Nedd4l,Plekha7,Utrn
SM00027	EH	0.0195050828945263	-3.93708018612092	11	2	0.0101010101010101	198	9882	16443,19707	Itsn1,Reps1
SM01308	RICTOR_N	0.0200364298724564	-3.91020316871311	1	1	0.00505050505050505	198	9882	78757	Rictor
SM01303	RasGEF_N_2	0.0200364298724564	-3.91020316871311	1	1	0.00505050505050505	198	9882	78757	Rictor
SM01261	Thymopoietin	0.0200364298724564	-3.91020316871311	1	1	0.00505050505050505	198	9882	21917	Tmpo
SM01309	RICTOR_phospho	0.0200364298724564	-3.91020316871311	1	1	0.00505050505050505	198	9882	78757	Rictor
SM01310	RICTOR_V	0.0200364298724564	-3.91020316871311	1	1	0.00505050505050505	198	9882	78757	Rictor
SM01402	Ribosomal_S27	0.0200364298724564	-3.91020316871311	1	1	0.00505050505050505	198	9882	78294	Rps27a
SM01307	RICTOR_M	0.0200364298724564	-3.91020316871311	1	1	0.00505050505050505	198	9882	78757	Rictor
SM00310	PTBI	0.023101057809645	-3.76787686987752	12	2	0.0101010101010101	198	9882	13448,384783	Dok1,Irs2
SM00100	cNMP	0.0235884030568634	-3.74700008362072	31	3	0.0151515151515152	198	9882	70873,19084,12788	Cnbd2,Prkar1a,Cnga1
SM00239	C2	0.034601006203428	-3.36387251631737	121	6	0.0303030303030303	198	9882	83814,18755,114713,110279,224860,16443	Nedd4l,Prkch,Rasa2,Bcr,Plcl2,Itsn1
SM01244	IRS	0.0353381016354798	-3.34279353069583	15	2	0.0101010101010101	198	9882	384783,13448	Irs2,Dok1
SM00179	EGF_CA	0.0358084284771174	-3.32957198096361	122	6	0.0303030303030303	198	9882	77446,16835,12614,14456,170757,634731	Heg1,Ldlr,Celsr1,Gas6,Adgrl4,Susd1
SM01074	Cdc6_C	0.0396733883667405	-3.22707463427082	2	1	0.00505050505050505	198	9882	23834	Cdc6
SM00190	IL4_13	0.0396733883667405	-3.22707463427082	2	1	0.00505050505050505	198	9882	16163	Il13
SM00207	TNF	0.0398635915226488	-3.22229186482834	16	2	0.0101010101010101	198	9882	22164,22035	Tnfsf4,Tnfsf10
SM00242	MYSc	0.0400080406603844	-3.2186748285597	38	3	0.0151515151515152	198	9882	338367,71602,360013	Myo1d,Myo1e,Myo18a
SM00282	LamG	0.0455270339105004	-3.08944897758445	40	3	0.0151515151515152	198	9882	12819,12614,14456	Col15a1,Celsr1,Gas6
SM01057	Carb_anhydrase	0.0495220022833222	-3.005338217592	18	2	0.0101010101010101	198	9882	12349,12350	Car2,Car3
SM00981	THUMP	0.0589188002196808	-2.83159505046535	3	1	0.00505050505050505	198	9882	72167	Thumpd2
SM00265	BH4	0.0589188002196808	-2.83159505046535	3	1	0.00505050505050505	198	9882	12043	Bcl2
SM01151	DUF1518	0.0589188002196808	-2.83159505046535	3	1	0.00505050505050505	198	9882	17977	Ncoa1
SM00133	S_TK_X	0.0608653283259516	-2.7990915878042	45	3	0.0151515151515152	198	9882	320129,19878,18755	Grk3,Rock2,Prkch
SM00248	ANK	0.0632062987967526	-2.76135131828992	212	8	0.0404040404040404	198	9882	18033,65255,140577,80859,81702,12578,21981,13196	Nfkb1,Asb4,Ankrd6,Nfkbiz,Ankrd17,Cdkn2a,Ppp1r13b,Asap1
SM00295	B41	0.0675932706328336	-2.69424684773991	47	3	0.0151515151515152	198	9882	16452,19250,209630	Jak2,Ptpn14,Frmd4a
SM00208	TNFR	0.0767674383849394	-2.56697470809594	23	2	0.0101010101010101	198	9882	21942,94185	Tnfrsf9,Tnfrsf21
SM00105	ArfGap	0.0767674383849394	-2.56697470809594	23	2	0.0101010101010101	198	9882	13196,212285	Asap1,Arap2
SM00255	TIR	0.0767674383849394	-2.56697470809594	23	2	0.0101010101010101	198	9882	16182,107527	Il18r1,Il1rl2
SM01007	Aldolase_II	0.0777804337412143	-2.55386537375666	4	1	0.00505050505050505	198	9882	27360	Add3
SM00338	BRLZ	0.0820076223520261	-2.50094308052547	51	3	0.0151515151515152	198	9882	208647,12014,11908	Creb3l2,Bach2,Atf1
SM01196	FERM_C	0.0887210273580538	-2.42225835622738	25	2	0.0101010101010101	198	9882	209630,19250	Frmd4a,Ptpn14
SM00413	ETS	0.0948916331420861	-2.35501974224684	26	2	0.0101010101010101	198	9882	13876,20375	Erg,Spi1
SM00739	KOW	0.0962659038862606	-2.34064108428214	5	1	0.00505050505050505	198	9882	19941	Rpl26
SM00540	LEM	0.0962659038862606	-2.34064108428214	5	1	0.00505050505050505	198	9882	21917	Tmpo
SM00892	Endonuclease_NS	0.0962659038862606	-2.34064108428214	5	1	0.00505050505050505	198	9882	18605	Enpp1
SM01163	DUF1785	0.0962659038862606	-2.34064108428214	5	1	0.00505050505050505	198	9882	239528	Ago2
SM00005	DEATH	0.101181443807217	-2.29083990053033	27	2	0.0101010101010101	198	9882	94185,18033	Tnfrsf21,Nfkb1
SM00150	SPEC	0.107583264802015	-2.22949017493053	28	2	0.0101010101010101	198	9882	22288,238161	Utrn,Akap6
SM00314	RA	0.11409013939535	-2.17076644657296	29	2	0.0101010101010101	198	9882	215653,54519	Rassf2,Apbb1ip
SM00303	GPS	0.11409013939535	-2.17076644657296	29	2	0.0101010101010101	198	9882	170757,12614	Adgrl4,Celsr1
SM00558	JmjC	0.11409013939535	-2.17076644657296	29	2	0.0101010101010101	198	9882	338523,30841	Kdm7a,Kdm2b
SM00730	PSN	0.114382675282499	-2.1682056513429	6	1	0.00505050505050505	198	9882	66552	Sppl2a
SM00432	MADS	0.114382675282499	-2.1682056513429	6	1	0.00505050505050505	198	9882	17260	Mef2c
SM00949	PAZ	0.114382675282499	-2.1682056513429	6	1	0.00505050505050505	198	9882	239528	Ago2
SM00477	NUC	0.114382675282499	-2.1682056513429	6	1	0.00505050505050505	198	9882	18605	Enpp1
SM00695	DUSP	0.114382675282499	-2.1682056513429	6	1	0.00505050505050505	198	9882	14479	Usp15
SM00950	Piwi	0.114382675282499	-2.1682056513429	6	1	0.00505050505050505	198	9882	239528	Ago2
SM00394	RIIa	0.114382675282499	-2.1682056513429	6	1	0.00505050505050505	198	9882	19084	Prkar1a
SM00517	PolyA	0.114382675282499	-2.1682056513429	6	1	0.00505050505050505	198	9882	381404	Pabpc1l
SM00546	CUE	0.1321380651461	-2.02390795494181	7	1	0.00505050505050505	198	9882	103841	Cuedc1
SM00243	GAS2	0.1321380651461	-2.02390795494181	7	1	0.00505050505050505	198	9882	237436	Gas2l3
SM00065	GAF	0.1321380651461	-2.02390795494181	7	1	0.00505050505050505	198	9882	23984	Pde10a
SM00109	C1	0.136614495979927	-1.99059221756415	64	3	0.0151515151515152	198	9882	19878,110157,18755	Rock2,Raf1,Prkch
SM00181	EGF	0.14478847128895	-1.93248142037045	177	6	0.0303030303030303	198	9882	16835,14456,170757,77446,634731,12614	Ldlr,Gas6,Adgrl4,Heg1,Susd1,Celsr1
SM00252	SH2	0.148112562179173	-1.90978273902893	102	4	0.0202020202020202	198	9882	18708,16452,217169,14784	Pik3r1,Jak2,Tns4,Grb2
SM00153	VHP	0.149539246219042	-1.9001964040875	8	1	0.00505050505050505	198	9882	225115	Svil
SM00099	btg1	0.149539246219042	-1.9001964040875	8	1	0.00505050505050505	198	9882	12227	Btg2
SM00330	PIPKc	0.149539246219042	-1.9001964040875	8	1	0.00505050505050505	198	9882	18719	Pip5k1b
SM00262	GEL	0.149539246219042	-1.9001964040875	8	1	0.00505050505050505	198	9882	225115	Svil
SM00107	BTK	0.149539246219042	-1.9001964040875	8	1	0.00505050505050505	198	9882	114713	Rasa2
SM00317	SET	0.16204238476495	-1.81989734361851	36	2	0.0101010101010101	198	9882	12142,14013	Prdm1,Mecom
SM00114	CARD	0.166593249585228	-1.79220006876641	9	1	0.00505050505050505	198	9882	11797	Birc2
SM00348	IRF	0.166593249585228	-1.79220006876641	9	1	0.00505050505050505	198	9882	16363	Irf2
SM00273	ENTH	0.166593249585228	-1.79220006876641	9	1	0.00505050505050505	198	9882	216705	Clint1
SM00218	ZU5	0.166593249585228	-1.79220006876641	9	1	0.00505050505050505	198	9882	21872	Tjp1
SM00164	TBC	0.169165694578937	-1.77687660308222	37	2	0.0101010101010101	198	9882	98910,67016	Usp6nl,Tbc1d2b
SM00228	PDZ	0.175869593514884	-1.73801250451825	148	5	0.0252525252525253	198	9882	360013,277360,21844,71435,21872	Myo18a,Prex1,Tiam1,Arhgap21,Tjp1
SM00251	SAM_PNT	0.183306967461497	-1.69659311361231	10	1	0.00505050505050505	198	9882	13876	Erg
SM01039	BRICHOS	0.183306967461497	-1.69659311361231	10	1	0.00505050505050505	198	9882	68888	Gkn3
SM01190	EMP24_GP25L	0.183306967461497	-1.69659311361231	10	1	0.00505050505050505	198	9882	68581	Tmed10
SM00220	S_TKc	0.183991316097624	-1.69286671760848	359	10	0.0505050505050505	198	9882	19878,320129,110157,71751,18755,20817,53608,21813,26398,18647	Rock2,Grk3,Raf1,Map3k13,Prkch,Srpk2,Map3k6,Tgfbr2,Map2k4,Cdk14
SM00423	PSI	0.190828837260853	-1.65637839270454	40	2	0.0101010101010101	198	9882	16419,16416	Itgb5,Itgb3
SM00462	PTB	0.190828837260853	-1.65637839270454	40	2	0.0101010101010101	198	9882	100017,217169	Ldlrap1,Tns4
SM00177	ARF	0.198131820264428	-1.6188227108955	41	2	0.0101010101010101	198	9882	19341,235442	Rab4a,Rab8b
SM00238	BIR	0.199687155912254	-1.61100335754289	11	1	0.00505050505050505	198	9882	11797	Birc2
SM00460	TGc	0.199687155912254	-1.61100335754289	11	1	0.00505050505050505	198	9882	21817	Tgm2
SM00720	calpain_III	0.199687155912254	-1.61100335754289	11	1	0.00505050505050505	198	9882	12335	Capn3
SM00115	CASc	0.199687155912254	-1.61100335754289	11	1	0.00505050505050505	198	9882	12368	Casp6
SM00439	BAH	0.199687155912254	-1.61100335754289	11	1	0.00505050505050505	198	9882	68703	Rere
SM00523	DWA	0.215740437568008	-1.53367927181772	12	1	0.00505050505050505	198	9882	18027	Nfia
SM00232	JAB_MPN	0.215740437568008	-1.53367927181772	12	1	0.00505050505050505	198	9882	17463	Psmd7
SM00337	BCL	0.215740437568008	-1.53367927181772	12	1	0.00505050505050505	198	9882	12043	Bcl2
SM00391	MBD	0.215740437568008	-1.53367927181772	12	1	0.00505050505050505	198	9882	17191	Mbd2
SM00401	ZnF_GATA	0.215740437568008	-1.53367927181772	12	1	0.00505050505050505	198	9882	68703	Rere
SM00246	WH2	0.215740437568008	-1.53367927181772	12	1	0.00505050505050505	198	9882	215280	Wipf1
SM00323	RasGAP	0.231473304165154	-1.46329072888653	13	1	0.00505050505050505	198	9882	114713	Rasa2
SM01189	ELM2	0.231473304165154	-1.46329072888653	13	1	0.00505050505050505	198	9882	68703	Rere
SM00156	PP2Ac	0.231473304165154	-1.46329072888653	13	1	0.00505050505050505	198	9882	19057	Ppp3cc
SM00230	CysPc	0.231473304165154	-1.46329072888653	13	1	0.00505050505050505	198	9882	12335	Capn3
SM00526	H15	0.231473304165154	-1.46329072888653	13	1	0.00505050505050505	198	9882	15441	Hp1bp3
SM00174	RHO	0.232945918333423	-1.45694896251515	123	4	0.0202020202020202	198	9882	19341,235442,68203,104215	Rab4a,Rab8b,Diras2,Rhoq
SM00647	IBR	0.246892119214266	-1.39880380207819	14	1	0.00505050505050505	198	9882	23807	Arih2
SM00829	PKS_ER	0.246892119214266	-1.39880380207819	14	1	0.00505050505050505	198	9882	67103	Ptgr1
SM00135	LY	0.246892119214266	-1.39880380207819	14	1	0.00505050505050505	198	9882	16835	Ldlr
SM00832	C8	0.246892119214266	-1.39880380207819	14	1	0.00505050505050505	198	9882	22371	Vwf
SM00217	WAP	0.262003120482043	-1.33939886505516	15	1	0.00505050505050505	198	9882	20568	Slpi
SM00501	BRIGHT	0.262003120482043	-1.33939886505516	15	1	0.00505050505050505	198	9882	71371	Arid5b
SM01014	ARID	0.262003120482043	-1.33939886505516	15	1	0.00505050505050505	198	9882	71371	Arid5b
SM00149	PLCYc	0.262003120482043	-1.33939886505516	15	1	0.00505050505050505	198	9882	224860	Plcl2
SM00800	uDENN	0.262003120482043	-1.33939886505516	15	1	0.00505050505050505	198	9882	102442	Dennd4a
SM00173	RAS	0.267970117330538	-1.31687980718614	131	4	0.0202020202020202	198	9882	19341,104215,68203,235442	Rab4a,Rhoq,Diras2,Rab8b
SM00222	Sec7	0.276812422407725	-1.28441517760501	16	1	0.00505050505050505	198	9882	19159	Cyth3
SM00801	dDENN	0.276812422407725	-1.28441517760501	16	1	0.00505050505050505	198	9882	102442	Dennd4a
SM00799	DENN	0.276812422407725	-1.28441517760501	16	1	0.00505050505050505	198	9882	102442	Dennd4a
SM00069	GLA	0.276812422407725	-1.28441517760501	16	1	0.00505050505050505	198	9882	14456	Gas6
SM00831	Cation_ATPase_N	0.276812422407725	-1.28441517760501	16	1	0.00505050505050505	198	9882	67972	Atp2b1
SM00015	IQ	0.279814002218651	-1.27363017433367	52	2	0.0101010101010101	198	9882	338367,360013	Myo1d,Myo18a
SM00744	RINGv	0.291326018632253	-1.23331229997953	17	1	0.00505050505050505	198	9882	74315	Rnf145
SM00631	Zn_pept	0.291326018632253	-1.23331229997953	17	1	0.00505050505050505	198	9882	12874	Cpd
SM00216	VWD	0.291326018632253	-1.23331229997953	17	1	0.00505050505050505	198	9882	22371	Vwf
SM00291	ZnF_ZZ	0.305549784303714	-1.18564255356942	18	1	0.00505050505050505	198	9882	22288	Utrn
SM00148	PLCXc	0.305549784303714	-1.18564255356942	18	1	0.00505050505050505	198	9882	224860	Plcl2
SM00097	WNT1	0.319489478413483	-1.14103093712	19	1	0.00505050505050505	198	9882	20890	Wnt8a
SM00367	LRR_CC	0.319489478413483	-1.14103093712	19	1	0.00505050505050505	198	9882	30841	Kdm2b
SM00443	G_patch	0.333150746113194	-1.09916020040475	20	1	0.00505050505050505	198	9882	67769	Gpatch2
SM00215	VWC_out	0.333150746113194	-1.09916020040475	20	1	0.00505050505050505	198	9882	22371	Vwf
SM00041	CT	0.333150746113194	-1.09916020040475	20	1	0.00505050505050505	198	9882	22371	Vwf
SM00332	PP2Cc	0.333150746113194	-1.09916020040475	20	1	0.00505050505050505	198	9882	19042	Ppm1a
SM00175	RAB	0.344830518791357	-1.06470223253366	148	4	0.0202020202020202	198	9882	19341,104215,68203,235442	Rab4a,Rhoq,Diras2,Rab8b
SM00404	PTPc_motif	0.346419988111604	-1.06010340155787	61	2	0.0101010101010101	198	9882	19250,68440	Ptpn14,Dusp23
SM00134	LU	0.346539120913064	-1.05975956365725	21	1	0.00505050505050505	198	9882	17069	Ly6e
SM00049	DEP	0.346539120913064	-1.05975956365725	21	1	0.00505050505050505	198	9882	277360	Prex1
SM00240	FHA	0.359660026899146	-1.0225960634546	22	1	0.00505050505050505	198	9882	329977	Fhad1
SM00667	LisH	0.359660026899146	-1.0225960634546	22	1	0.00505050505050505	198	9882	66970	Ssbp2
SM00210	TSPN	0.359660026899146	-1.0225960634546	22	1	0.00505050505050505	198	9882	12819	Col15a1
SM00343	ZnF_C2HC	0.359660026899146	-1.0225960634546	22	1	0.00505050505050505	198	9882	319885	Zcchc7
SM00186	FBG	0.359660026899146	-1.0225960634546	22	1	0.00505050505050505	198	9882	14190	Fgl2
SM00033	CH	0.368221979707176	-0.999069316942631	64	2	0.0101010101010101	198	9882	237436,22288	Gas2l3,Utrn
SM00471	HDc	0.372518780933046	-0.987467823821294	23	1	0.00505050505050505	198	9882	23984	Pde10a
SM00120	HX	0.38512059464302	-0.954198760902503	24	1	0.00505050505050505	198	9882	214766	Mmp21
SM00008	HormR	0.38512059464302	-0.954198760902503	24	1	0.00505050505050505	198	9882	12614	Celsr1
SM00361	RRM_1	0.38512059464302	-0.954198760902503	24	1	0.00505050505050505	198	9882	381404	Pabpc1l
SM00091	PAS	0.38512059464302	-0.954198760902503	24	1	0.00505050505050505	198	9882	17977	Ncoa1
SM01411	Ephrin_rec_like	0.38512059464302	-0.954198760902503	24	1	0.00505050505050505	198	9882	94185	Tnfrsf21
SM00072	GuKc	0.397470576620202	-0.9226343687087	25	1	0.00505050505050505	198	9882	21872	Tjp1
SM00268	ACTIN	0.409573734359048	-0.892638332412923	26	1	0.00505050505050505	198	9882	238880	Actbl2
SM00327	VWA	0.417907199604532	-0.872495881620836	71	2	0.0101010101010101	198	9882	22371,16419	Vwf,Itgb5
SM00119	HECTc	0.421434976291035	-0.864089780840345	27	1	0.00505050505050505	198	9882	83814	Nedd4l
SM00429	IPT	0.421434976291035	-0.864089780840345	27	1	0.00505050505050505	198	9882	18033	Nfkb1
SM00229	RasGEFN	0.433059113759845	-0.83688103891252	28	1	0.00505050505050505	198	9882	20662	Sos1
SM00147	RasGEF	0.433059113759845	-0.83688103891252	28	1	0.00505050505050505	198	9882	20662	Sos1
SM00451	ZnF_U1	0.444450862841936	-0.810915774926248	29	1	0.00505050505050505	198	9882	110521	Hivep1
SM00235	ZnMc	0.444450862841936	-0.810915774926248	29	1	0.00505050505050505	198	9882	214766	Mmp21
SM00064	FYVE	0.455614846327125	-0.786107461620618	30	1	0.00505050505050505	198	9882	71801	Plekhf2
SM00165	UBA	0.466555595444725	-0.762378090137018	31	1	0.00505050505050505	198	9882	208650	Cblb
SM00184	RING	0.483109350361254	-0.727512252690317	228	5	0.0252525252525253	198	9882	11797,407821,208650,74315,23807	Birc2,Znrf3,Cblb,Rnf145,Arih2
SM00219	TyrKc	0.485273238917338	-0.723043167472136	81	2	0.0101010101010101	198	9882	16590,16452	Kit,Jak2
SM00176	RAN	0.491744231450498	-0.709796552436581	82	2	0.0101010101010101	198	9882	235442,19341	Rab8b,Rab4a
SM00589	PRY	0.498082414589773	-0.69698972450551	34	1	0.00505050505050505	198	9882	238555	Btn2a2
SM00315	RGS	0.498082414589773	-0.69698972450551	34	1	0.00505050505050505	198	9882	320129	Grk3
SM00214	VWC	0.498082414589773	-0.69698972450551	34	1	0.00505050505050505	198	9882	22371	Vwf
SM00454	SAM	0.498164095152474	-0.696825747895133	83	2	0.0101010101010101	198	9882	74480,212285	Samd4,Arap2
SM00180	EGF_Lam	0.508173771399091	-0.6769318202129	35	1	0.00505050505050505	198	9882	12614	Celsr1
SM00199	SCY	0.508173771399091	-0.6769318202129	35	1	0.00505050505050505	198	9882	20308	Ccl9
SM00969	SOCS_box	0.508173771399091	-0.6769318202129	35	1	0.00505050505050505	198	9882	65255	Asb4
SM00195	DSPc	0.518063239587608	-0.657657960028355	36	1	0.00505050505050505	198	9882	68440	Dusp23
SM00050	DISIN	0.527754838073603	-0.639123424936934	37	1	0.00505050505050505	198	9882	11495	Adam2
SM00194	PTPc	0.527754838073603	-0.639123424936934	37	1	0.00505050505050505	198	9882	19250	Ptpn14
SM00322	KH	0.527754838073603	-0.639123424936934	37	1	0.00505050505050505	198	9882	81702	Ankrd17
SM00249	PHD	0.53558130203228	-0.624402576095111	89	2	0.0101010101010101	198	9882	338523,30841	Kdm7a,Kdm2b
SM00185	ARM	0.564620159591337	-0.571602057828996	41	1	0.00505050505050505	198	9882	11789	Apc
SM00212	UBCc	0.564620159591337	-0.571602057828996	41	1	0.00505050505050505	198	9882	22193	Ube2e3
SM00431	SCAN	0.573379961285212	-0.556206673326632	42	1	0.00505050505050505	198	9882	59057	Zfp24
SM00225	BTB	0.579845006599177	-0.544994441155391	202	4	0.0202020202020202	198	9882	12014,240444,225030,235320	Bach2,Kcng2,Kcng3,Zbtb16
SM00213	UBQ	0.581964388891113	-0.541346020595044	43	1	0.00505050505050505	198	9882	78294	Rps27a
SM00608	ACR	0.581964388891113	-0.541346020595044	43	1	0.00505050505050505	198	9882	11495	Adam2
SM00717	SANT	0.581964388891113	-0.541346020595044	43	1	0.00505050505050505	198	9882	68703	Rere
SM00192	LDLa	0.590376935998957	-0.526994071501349	44	1	0.00505050505050505	198	9882	16835	Ldlr
SM00020	Tryp_SPc	0.59550914253483	-0.51833853760131	153	3	0.0151515151515152	198	9882	368202,232371,109901	Prss48,C1rl,Cela1
SM00339	FH	0.598621026939641	-0.513126557318392	45	1	0.00505050505050505	198	9882	108655	Foxp1
SM00356	ZnF_C3H1	0.606700018168255	-0.499720814087857	46	1	0.00505050505050505	198	9882	74154	Unkl
SM00271	DnaJ	0.614617199589673	-0.486755644663215	47	1	0.00505050505050505	198	9882	66148	Dnajc15
SM00042	CUB	0.637429813325401	-0.450311104755115	50	1	0.00505050505050505	198	9882	232371	C1rl
SM00353	HLH	0.650993903701563	-0.429255001331143	110	2	0.0101010101010101	198	9882	17977,20788	Ncoa1,Srebf2
SM00032	CCP	0.658898458121479	-0.417185841144811	53	1	0.00505050505050505	198	9882	634731	Susd1
SM00369	LRR_TYP	0.685609894187523	-0.37744648037399	175	3	0.0151515151515152	198	9882	231296,105827,100604	Lrrc66,Amigo2,Lrrc8c
SM00209	TSP1	0.721732006410792	-0.326101391251016	63	1	0.00505050505050505	198	9882	100689	Spon2
SM01381	7TM_GPCR_Srsx	0.724715537022794	-0.321976063849038	186	3	0.0151515151515152	198	9882	15466,11607,321019	Hrh2,Agtr1a,Gpr183
SM00382	AAA	0.764626963652576	-0.268367193297708	137	2	0.0101010101010101	198	9882	23834,56199	Cdc6,Abcb10
SM00132	LIM	0.773038697733623	-0.257426169896633	73	1	0.00505050505050505	198	9882	16909	Lmo2
SM00409	IG	0.77463930967217	-0.255357764838803	378	6	0.0303030303030303	198	9882	16590,238555,16182,105827,13723,107527	Kit,Btn2a2,Il18r1,Amigo2,Emb,Il1rl2
SM00449	SPRY	0.777620035057917	-0.251517260918448	74	1	0.00505050505050505	198	9882	238555	Btn2a2
SM00082	LRRCT	0.782109353270583	-0.245760710271317	75	1	0.00505050505050505	198	9882	105827	Amigo2
SM00054	EFh	0.78506717074539	-0.241985997031925	143	2	0.0101010101010101	198	9882	12335,16443	Capn3,Itsn1
SM00406	IGv	0.807213329176945	-0.214167297223592	81	1	0.00505050505050505	198	9882	238555	Btn2a2
SM00408	IGc2	0.839973077122287	-0.17438543870332	228	3	0.0151515151515152	198	9882	107527,105827,16590	Il1rl2,Amigo2,Kit
SM00355	ZnF_C2H2	0.881236423612375	-0.126429330804259	620	9	0.0454545454545455	198	9882	235320,59057,68750,110521,66573,246196,12142,194655,14013	Zbtb16,Zfp24,Rreb1,Hivep1,Dzip1,Zfp277,Prdm1,Klf11,Mecom
SM00490	HELICc	0.88433127649253	-0.122923539381179	106	1	0.00505050505050505	198	9882	13206	Ddx4
SM00487	DEXDc	0.888969497825559	-0.11769235471427	108	1	0.00505050505050505	198	9882	13206	Ddx4
SM00320	WD40	0.891420775862705	-0.114938711738027	256	3	0.0151515151515152	198	9882	68259,100048534,66840	Ift80,Cfap43,Wdr45b
SM00112	CA	0.907654564371573	-0.0968914084789951	117	1	0.00505050505050505	198	9882	12614	Celsr1
SM00028	TPR	0.909527006395765	-0.09483058779162	118	1	0.00505050505050505	198	9882	225608	Sh3tc2
SM00360	RRM	0.911905331197163	-0.0922190978076463	199	2	0.0101010101010101	198	9882	381404,245945	Pabpc1l,Rbm47
SM00034	CLECT	0.914920678913498	-0.08891790717641	121	1	0.00505050505050505	198	9882	665180	Clec2l
SM00753	PAM	0.999999999983514	-1.64861593468897e-11	4	0	0	198	9882
SM01240	IMPDH	0.999999999983514	-1.64861593468897e-11	4	0	0	198	9882
SM00486	POLBc	0.999999999983514	-1.64861593468897e-11	4	0	0	198	9882
SM00737	ML	0.999999999983514	-1.64861593468897e-11	4	0	0	198	9882
SM00491	HELICc2	0.999999999983514	-1.64861593468897e-11	4	0	0	198	9882
SM01417	Solute_trans_a	0.999999999983514	-1.64861593468897e-11	4	0	0	198	9882
SM01339	NODP	0.999999999983514	-1.64861593468897e-11	4	0	0	198	9882
SM01053	CaMBD	0.999999999983514	-1.64861593468897e-11	4	0	0	198	9882
SM01046	c-SKI_SMAD_bind	0.999999999983514	-1.64861593468897e-11	4	0	0	198	9882
SM00889	EFG_IV	0.999999999983514	-1.64861593468897e-11	4	0	0	198	9882
SM01193	Enolase_N	0.999999999983514	-1.64861593468897e-11	4	0	0	198	9882
SM01263	Leuk-A4-hydro_C	0.999999999983514	-1.64861593468897e-11	4	0	0	198	9882
SM00426	TEA	0.999999999983514	-1.64861593468897e-11	4	0	0	198	9882
SM01277	MAGUK_N_PEST	0.999999999983514	-1.64861593468897e-11	4	0	0	198	9882
SM00804	TAP_C	0.999999999983514	-1.64861593468897e-11	4	0	0	198	9882
SM00694	DysFC	0.999999999983514	-1.64861593468897e-11	4	0	0	198	9882
SM00723	AMOP	0.999999999983514	-1.64861593468897e-11	4	0	0	198	9882
SM00488	DEXDc2	0.999999999983514	-1.64861593468897e-11	4	0	0	198	9882
SM00484	XPGI	0.999999999983514	-1.64861593468897e-11	4	0	0	198	9882
SM00520	BASIC	0.999999999983514	-1.64861593468897e-11	4	0	0	198	9882
SM01178	DUF4217	0.999999999983514	-1.64861593468897e-11	4	0	0	198	9882
SM01027	Beta-Casp	0.999999999983514	-1.64861593468897e-11	4	0	0	198	9882
SM00750	KIND	0.999999999983514	-1.64861593468897e-11	4	0	0	198	9882
SM00279	HhH2	0.999999999983514	-1.64861593468897e-11	4	0	0	198	9882
SM00564	PQQ	0.999999999983514	-1.64861593468897e-11	4	0	0	198	9882
SM00701	PGRP	0.999999999983514	-1.64861593468897e-11	4	0	0	198	9882
SM01153	DUF1693	0.999999999983514	-1.64861593468897e-11	4	0	0	198	9882
SM00973	Sec63	0.999999999983514	-1.64861593468897e-11	4	0	0	198	9882
SM00527	HMG17	0.999999999983514	-1.64861593468897e-11	4	0	0	198	9882
SM00068	GHB	0.999999999983514	-1.64861593468897e-11	4	0	0	198	9882
SM00197	SAA	0.999999999983514	-1.64861593468897e-11	4	0	0	198	9882
SM00541	FYRN	0.999999999983514	-1.64861593468897e-11	4	0	0	198	9882
SM01407	NAC	0.999999999983514	-1.64861593468897e-11	4	0	0	198	9882
SM00025	Pumilio	0.999999999983514	-1.64861593468897e-11	4	0	0	198	9882
SM01020	B2-adapt-app_C	0.999999999983514	-1.64861593468897e-11	4	0	0	198	9882
SM00755	Grip	0.999999999983514	-1.64861593468897e-11	4	0	0	198	9882
SM00542	FYRC	0.999999999983514	-1.64861593468897e-11	4	0	0	198	9882
SM00679	CTNS	0.999999999983514	-1.64861593468897e-11	4	0	0	198	9882
SM01249	KASH	0.999999999983514	-1.64861593468897e-11	4	0	0	198	9882
SM00051	DSL	0.999999999983514	-1.64861593468897e-11	4	0	0	198	9882
SM00392	PROF	0.999999999983514	-1.64861593468897e-11	4	0	0	198	9882
SM00644	Ami_2	0.999999999983514	-1.64861593468897e-11	4	0	0	198	9882
SM01192	Enolase_C	0.999999999983514	-1.64861593468897e-11	4	0	0	198	9882
SM00485	XPGN	0.999999999983514	-1.64861593468897e-11	4	0	0	198	9882
SM00098	alkPPc	0.999999999983514	-1.64861593468897e-11	4	0	0	198	9882
SM01392	MAGE_N	0.999999999983514	-1.64861593468897e-11	4	0	0	198	9882
SM00094	TR_FER	0.999999999983514	-1.64861593468897e-11	4	0	0	198	9882
SM00206	NTR	0.999999999983514	-1.64861593468897e-11	4	0	0	198	9882
SM00734	ZnF_Rad18	0.999999999983514	-1.64861593468897e-11	4	0	0	198	9882
SM00474	35EXOc	0.999999999983514	-1.64861593468897e-11	4	0	0	198	9882
SM00573	HSA	0.999999999983514	-1.64861593468897e-11	4	0	0	198	9882
SM01375	Dynein_light	0.999999999983514	-1.64861593468897e-11	4	0	0	198	9882
SM01398	Cornichon	0.999999999983514	-1.64861593468897e-11	4	0	0	198	9882
SM00313	PXA	0.999999999983514	-1.64861593468897e-11	4	0	0	198	9882
SM00227	NEBU	0.999999999983514	-1.64861593468897e-11	4	0	0	198	9882
SM00307	ILWEQ	0.999999999983514	-1.64861593468897e-11	4	0	0	198	9882
SM00560	LamGL	0.999999999983514	-1.64861593468897e-11	4	0	0	198	9882
SM01340	DNA_mis_repair	0.999999999983514	-1.64861593468897e-11	4	0	0	198	9882
SM00058	FN1	0.999999999983514	-1.64861593468897e-11	4	0	0	198	9882
SM00483	POLXc	0.999999999983514	-1.64861593468897e-11	4	0	0	198	9882
SM00920	MHC_II_alpha	0.999999999983514	-1.64861593468897e-11	4	0	0	198	9882
SM00476	DNaseIc	0.999999999983514	-1.64861593468897e-11	4	0	0	198	9882
SM00140	NGF	0.999999999983514	-1.64861593468897e-11	4	0	0	198	9882
SM00955	RNB	0.999999999983514	-1.64861593468897e-11	4	0	0	198	9882
SM01338	NOD	0.999999999983514	-1.64861593468897e-11	4	0	0	198	9882
SM00693	DysFN	0.999999999983514	-1.64861593468897e-11	4	0	0	198	9882
SM00554	FAS1	0.999999999983514	-1.64861593468897e-11	4	0	0	198	9882
SM01225	G8	0.999999999983514	-1.64861593468897e-11	4	0	0	198	9882
SM00513	SAP	0.99999999999229	-7.71012583617498e-12	22	0	0	198	9882
SM00442	FGF	0.99999999999229	-7.71012583617498e-12	22	0	0	198	9882
SM00294	4.1m	0.99999999999252	-7.47967259785513e-12	14	0	0	198	9882
SM00234	START	0.99999999999252	-7.47967259785513e-12	14	0	0	198	9882
SM00046	DAGKc	0.99999999999252	-7.47967259785513e-12	14	0	0	198	9882
SM00502	BBC	0.99999999999252	-7.47967259785513e-12	14	0	0	198	9882
SM00615	EPH_lbd	0.99999999999252	-7.47967259785513e-12	14	0	0	198	9882
SM00445	LINK	0.99999999999252	-7.47967259785513e-12	14	0	0	198	9882
SM00241	ZP	0.99999999999252	-7.47967259785513e-12	14	0	0	198	9882
SM00666	PB1	0.99999999999252	-7.47967259785513e-12	14	0	0	198	9882
SM00198	SCP	0.99999999999252	-7.47967259785513e-12	14	0	0	198	9882
SM01372	E2F_TDP	0.999999999992712	-7.28815936693243e-12	10	0	0	198	9882
SM00102	ADF	0.999999999992712	-7.28815936693243e-12	10	0	0	198	9882
SM00636	Glyco_18	0.999999999992712	-7.28815936693243e-12	10	0	0	198	9882
SM00745	MIT	0.999999999992712	-7.28815936693243e-12	10	0	0	198	9882
SM00128	IPPc	0.999999999992712	-7.28815936693243e-12	10	0	0	198	9882
SM01052	CAP_GLY	0.999999999992712	-7.28815936693243e-12	10	0	0	198	9882
SM00045	DAGKa	0.999999999992712	-7.28815936693243e-12	10	0	0	198	9882
SM00472	MIR	0.999999999992712	-7.28815936693243e-12	10	0	0	198	9882
SM00543	MIF4G	0.999999999992712	-7.28815936693243e-12	10	0	0	198	9882
SM01017	Arrestin_C	0.999999999992712	-7.28815936693243e-12	10	0	0	198	9882
SM00591	RWD	0.999999999992712	-7.28815936693243e-12	10	0	0	198	9882
SM01100	CRAL_TRIO_N	0.999999999992712	-7.28815936693243e-12	10	0	0	198	9882
SM00059	FN2	0.999999999993017	-6.98304080055066e-12	13	0	0	198	9882
SM00698	MORN	0.999999999993017	-6.98304080055066e-12	13	0	0	198	9882
SM00479	EXOIII	0.999999999993017	-6.98304080055066e-12	13	0	0	198	9882
SM01195	FA	0.999999999993017	-6.98304080055066e-12	13	0	0	198	9882
SM00457	MACPF	0.999999999993017	-6.98304080055066e-12	13	0	0	198	9882
SM00569	L27	0.999999999993017	-6.98304080055066e-12	13	0	0	198	9882
SM00036	CNH	0.999999999993017	-6.98304080055066e-12	13	0	0	198	9882
SM00427	H2B	0.999999999993017	-6.98304080055066e-12	13	0	0	198	9882
SM00630	Sema	0.999999999994424	-5.5760171152968e-12	31	0	0	198	9882
SM01418	Defensin_propep	0.999999999994424	-5.5760171152968e-12	31	0	0	198	9882
SM00089	PKD	0.999999999995635	-4.36486430977592e-12	5	0	0	198	9882
SM01270	Longin	0.999999999995635	-4.36486430977592e-12	5	0	0	198	9882
SM00878	Biotin_carb_C	0.999999999995635	-4.36486430977592e-12	5	0	0	198	9882
SM01008	Ald_Xan_dh_C	0.999999999995635	-4.36486430977592e-12	5	0	0	198	9882
SM00428	H3	0.999999999995635	-4.36486430977592e-12	5	0	0	198	9882
SM01041	BRO1	0.999999999995635	-4.36486430977592e-12	5	0	0	198	9882
SM00533	MUTSd	0.999999999995635	-4.36486430977592e-12	5	0	0	198	9882
SM00673	CARP	0.999999999995635	-4.36486430977592e-12	5	0	0	198	9882
SM00741	SapB	0.999999999995635	-4.36486430977592e-12	5	0	0	198	9882
SM00580	PUG	0.999999999995635	-4.36486430977592e-12	5	0	0	198	9882
SM00872	Alpha-mann_mid	0.999999999995635	-4.36486430977592e-12	5	0	0	198	9882
SM00572	DZF	0.999999999995635	-4.36486430977592e-12	5	0	0	198	9882
SM00991	WHEP-TRS	0.999999999995635	-4.36486430977592e-12	5	0	0	198	9882
SM00571	DDT	0.999999999995635	-4.36486430977592e-12	5	0	0	198	9882
SM00733	Mterf	0.999999999995635	-4.36486430977592e-12	5	0	0	198	9882
SM00539	NIDO	0.999999999995635	-4.36486430977592e-12	5	0	0	198	9882
SM00160	RanBD	0.999999999995635	-4.36486430977592e-12	5	0	0	198	9882
SM00534	MUTSac	0.999999999995635	-4.36486430977592e-12	5	0	0	198	9882
SM00678	WWE	0.999999999995635	-4.36486430977592e-12	5	0	0	198	9882
SM00838	EFG_C	0.999999999995635	-4.36486430977592e-12	5	0	0	198	9882
SM00570	AWS	0.999999999995635	-4.36486430977592e-12	5	0	0	198	9882
SM00103	ALBUMIN	0.999999999995635	-4.36486430977592e-12	5	0	0	198	9882
SM00331	PP2C_SIG	0.999999999995635	-4.36486430977592e-12	5	0	0	198	9882
SM01015	Arfaptin	0.999999999995635	-4.36486430977592e-12	5	0	0	198	9882
SM00614	ZnF_BED	0.999999999995635	-4.36486430977592e-12	5	0	0	198	9882
SM00891	ERCC4	0.999999999995635	-4.36486430977592e-12	5	0	0	198	9882
SM00264	BAG	0.999999999995635	-4.36486430977592e-12	5	0	0	198	9882
SM01202	FerI	0.999999999995635	-4.36486430977592e-12	5	0	0	198	9882
SM01408	ING	0.999999999995635	-4.36486430977592e-12	5	0	0	198	9882
SM00602	VPS10	0.999999999995635	-4.36486430977592e-12	5	0	0	198	9882
SM01201	FerB	0.999999999995635	-4.36486430977592e-12	5	0	0	198	9882
SM00266	CAD	0.999999999995635	-4.36486430977592e-12	5	0	0	198	9882
SM00642	Aamy	0.999999999995635	-4.36486430977592e-12	5	0	0	198	9882
SM00584	TLDc	0.999999999995635	-4.36486430977592e-12	5	0	0	198	9882
SM01092	CO_deh_flav_C	0.999999999995635	-4.36486430977592e-12	5	0	0	198	9882
SM00879	Brix	0.999999999995635	-4.36486430977592e-12	5	0	0	198	9882
SM00588	NEUZ	0.999999999995635	-4.36486430977592e-12	5	0	0	198	9882
SM00765	MANEC	0.999999999995635	-4.36486430977592e-12	5	0	0	198	9882
SM00549	TAFH	0.999999999995635	-4.36486430977592e-12	5	0	0	198	9882
SM01145	DUF1041	0.999999999995635	-4.36486430977592e-12	5	0	0	198	9882
SM01175	DUF4206	0.999999999995635	-4.36486430977592e-12	5	0	0	198	9882
SM00446	LRRcap	0.999999999995635	-4.36486430977592e-12	5	0	0	198	9882
SM00664	DoH	0.999999999995635	-4.36486430977592e-12	5	0	0	198	9882
SM00321	WSC	0.999999999995635	-4.36486430977592e-12	5	0	0	198	9882
SM00275	G_alpha	0.999999999996246	-3.75436322771759e-12	16	0	0	198	9882
SM00913	IBN_N	0.999999999996246	-3.75436322771759e-12	16	0	0	198	9882
SM00146	PI3Kc	0.999999999996246	-3.75436322771759e-12	16	0	0	198	9882
SM00643	C345C	0.999999999996246	-3.75436322771759e-12	16	0	0	198	9882
SM00702	P4Hc	0.999999999996246	-3.75436322771759e-12	16	0	0	198	9882
SM00568	GRAM	0.999999999996246	-3.75436322771759e-12	16	0	0	198	9882
SM00358	DSRM	0.999999999996246	-3.75436322771759e-12	16	0	0	198	9882
SM00086	PAC	0.999999999996246	-3.75436322771759e-12	16	0	0	198	9882
SM00724	TLC	0.999999999996246	-3.75436322771759e-12	16	0	0	198	9882
SM00285	PBD	0.999999999996246	-3.75436322771759e-12	16	0	0	198	9882
SM00204	TGFB	0.999999999997796	-2.2041990937402e-12	35	0	0	198	9882
SM00508	PostSET	0.99999999999855	-1.44952841834353e-12	11	0	0	198	9882
SM01330	Frizzled	0.99999999999855	-1.44952841834353e-12	11	0	0	198	9882
SM00386	HAT	0.99999999999855	-1.44952841834353e-12	11	0	0	198	9882
SM00038	COLFI	0.99999999999855	-1.44952841834353e-12	11	0	0	198	9882
SM00096	UTG	0.99999999999855	-1.44952841834353e-12	11	0	0	198	9882
SM00276	GLECT	0.99999999999855	-1.44952841834353e-12	11	0	0	198	9882
SM00274	FOLN	0.99999999999855	-1.44952841834353e-12	11	0	0	198	9882
SM00461	WH1	0.99999999999855	-1.44952841834353e-12	11	0	0	198	9882
SM00875	BACK	0.999999999999357	-6.43479849015882e-13	57	0	0	198	9882
SM00178	SAR	1.00000000000015	1.4633227576494e-13	27	0	0	198	9882
SM01289	PYRIN	1.00000000000015	1.4633227576494e-13	27	0	0	198	9882
SM00110	C1Q	1.00000000000088	8.82579234534402e-13	29	0	0	198	9882
SM00247	XTALbg	1.00000000000136	1.36340273273907e-12	17	0	0	198	9882
SM00061	MATH	1.00000000000136	1.36340273273907e-12	17	0	0	198	9882
SM00137	MAM	1.00000000000136	1.36340273273907e-12	17	0	0	198	9882
SM01224	G_gamma	1.00000000000136	1.36340273273907e-12	17	0	0	198	9882
SM00224	GGL	1.00000000000136	1.36340273273907e-12	17	0	0	198	9882
SM00211	TY	1.00000000000136	1.36340273273907e-12	17	0	0	198	9882
SM01332	Cyclin_C	1.00000000000136	1.36340273273907e-12	17	0	0	198	9882
SM00425	TBOX	1.00000000000136	1.36340273273907e-12	17	0	0	198	9882
SM00563	PlsC	1.00000000000136	1.36340273273907e-12	17	0	0	198	9882
SM00261	FU	1.00000000000136	1.36340273273907e-12	17	0	0	198	9882
SM00561	MBT	1.00000000000174	1.74365699239027e-12	9	0	0	198	9882
SM00263	LYZ1	1.00000000000174	1.74365699239027e-12	9	0	0	198	9882
SM00652	eIF1a	1.00000000000174	1.74365699239027e-12	9	0	0	198	9882
SM00078	IlGF	1.00000000000174	1.74365699239027e-12	9	0	0	198	9882
SM00141	PDGF	1.00000000000174	1.74365699239027e-12	9	0	0	198	9882
SM00387	HATPase_c	1.00000000000174	1.74365699239027e-12	9	0	0	198	9882
SM00537	DCX	1.00000000000174	1.74365699239027e-12	9	0	0	198	9882
SM00350	MCM	1.00000000000174	1.74365699239027e-12	9	0	0	198	9882
SM00393	R3H	1.00000000000174	1.74365699239027e-12	9	0	0	198	9882
SM00316	S1	1.00000000000174	1.74365699239027e-12	9	0	0	198	9882
SM01139	Drf_FH3	1.00000000000174	1.74365699239027e-12	9	0	0	198	9882
SM00727	STI1	1.00000000000174	1.74365699239027e-12	9	0	0	198	9882
SM00855	PGAM	1.00000000000174	1.74365699239027e-12	9	0	0	198	9882
SM00085	PA2c	1.00000000000174	1.74365699239027e-12	9	0	0	198	9882
SM01359	A2M_N_2	1.00000000000174	1.74365699239027e-12	9	0	0	198	9882
SM01361	A2M_recep	1.00000000000174	1.74365699239027e-12	9	0	0	198	9882
SM00674	CENPB	1.00000000000174	1.74365699239027e-12	9	0	0	198	9882
SM01360	A2M	1.00000000000174	1.74365699239027e-12	9	0	0	198	9882
SM00545	JmjN	1.00000000000174	1.74365699239027e-12	9	0	0	198	9882
SM01026	Beach	1.00000000000174	1.74365699239027e-12	9	0	0	198	9882
SM00351	PAX	1.00000000000174	1.74365699239027e-12	9	0	0	198	9882
SM00809	Alpha_adaptinC2	1.00000000000174	1.74365699239027e-12	9	0	0	198	9882
SM00145	PI3Ka	1.00000000000174	1.74365699239027e-12	9	0	0	198	9882
SM01140	Drf_GBD	1.00000000000174	1.74365699239027e-12	9	0	0	198	9882
SM00849	Lactamase_B	1.00000000000174	1.74365699239027e-12	9	0	0	198	9882
SM00668	CTLH	1.00000000000174	1.74365699239027e-12	9	0	0	198	9882
SM00256	FBOX	1.00000000000259	2.59419792356101e-12	53	0	0	198	9882
SM00013	LRRNT	1.00000000000259	2.59419792356101e-12	53	0	0	198	9882
SM00280	KAZAL	1.00000000000264	2.63649205917616e-12	36	0	0	198	9882
SM00368	LRR_RI	1.00000000000535	5.35145002128537e-12	41	0	0	198	9882
SM00129	KISc	1.00000000000535	5.35145002128537e-12	41	0	0	198	9882
SM00859	Semialdhyde_dh	1.00000000000589	5.89111398552333e-12	1	0	0	198	9882
SM01341	Tower	1.00000000000589	5.89111398552333e-12	1	0	0	198	9882
SM00023	COLIPASE	1.00000000000589	5.89111398552333e-12	1	0	0	198	9882
SM00245	TSPc	1.00000000000589	5.89111398552333e-12	1	0	0	198	9882
SM01102	CRM1_C	1.00000000000589	5.89111398552333e-12	1	0	0	198	9882
SM00530	HTH_XRE	1.00000000000589	5.89111398552333e-12	1	0	0	198	9882
SM00318	SNc	1.00000000000589	5.89111398552333e-12	1	0	0	198	9882
SM01350	6PGD	1.00000000000589	5.89111398552333e-12	1	0	0	198	9882
SM01342	TAN	1.00000000000589	5.89111398552333e-12	1	0	0	198	9882
SM00277	GRAN	1.00000000000589	5.89111398552333e-12	1	0	0	198	9882
SM01120	Dak2	1.00000000000589	5.89111398552333e-12	1	0	0	198	9882
SM00127	IL7	1.00000000000589	5.89111398552333e-12	1	0	0	198	9882
SM01393	Ribosomal_L32e	1.00000000000589	5.89111398552333e-12	1	0	0	198	9882
SM01364	NPP	1.00000000000589	5.89111398552333e-12	1	0	0	198	9882
SM01133	DeoC	1.00000000000589	5.89111398552333e-12	1	0	0	198	9882
SM01296	N2227	1.00000000000589	5.89111398552333e-12	1	0	0	198	9882
SM01004	ALAD	1.00000000000589	5.89111398552333e-12	1	0	0	198	9882
SM01380	Ribosomal_L31e	1.00000000000589	5.89111398552333e-12	1	0	0	198	9882
SM00030	CLb	1.00000000000589	5.89111398552333e-12	1	0	0	198	9882
SM01118	CYTH	1.00000000000589	5.89111398552333e-12	1	0	0	198	9882
SM00465	GIYc	1.00000000000589	5.89111398552333e-12	1	0	0	198	9882
SM00613	PAW	1.00000000000589	5.89111398552333e-12	1	0	0	198	9882
SM00975	Telomerase_RBD	1.00000000000589	5.89111398552333e-12	1	0	0	198	9882
SM00874	B5	1.00000000000589	5.89111398552333e-12	1	0	0	198	9882
SM00998	ADSL_C	1.00000000000589	5.89111398552333e-12	1	0	0	198	9882
SM01155	DUF1713	1.00000000000589	5.89111398552333e-12	1	0	0	198	9882
SM01035	BOP1NT	1.00000000000589	5.89111398552333e-12	1	0	0	198	9882
SM00823	PKS_PP	1.00000000000589	5.89111398552333e-12	1	0	0	198	9882
SM00535	RIBOc	1.00000000000589	5.89111398552333e-12	1	0	0	198	9882
SM00934	OMPdecase	1.00000000000589	5.89111398552333e-12	1	0	0	198	9882
SM01180	DWNN	1.00000000000589	5.89111398552333e-12	1	0	0	198	9882
SM00762	Cog4	1.00000000000589	5.89111398552333e-12	1	0	0	198	9882
SM01044	Btz	1.00000000000589	5.89111398552333e-12	1	0	0	198	9882
SM00417	H4	1.00000000000589	5.89111398552333e-12	1	0	0	198	9882
SM01168	DUF1907	1.00000000000589	5.89111398552333e-12	1	0	0	198	9882
SM01125	DCP2	1.00000000000589	5.89111398552333e-12	1	0	0	198	9882
SM01409	RNA_pol_Rpb6	1.00000000000589	5.89111398552333e-12	1	0	0	198	9882
SM00748	HEPN	1.00000000000589	5.89111398552333e-12	1	0	0	198	9882
SM00883	Cpn10	1.00000000000589	5.89111398552333e-12	1	0	0	198	9882
SM01385	DSS1_SEM1	1.00000000000589	5.89111398552333e-12	1	0	0	198	9882
SM01302	Raptor_N	1.00000000000589	5.89111398552333e-12	1	0	0	198	9882
SM01222	FTCD_N	1.00000000000589	5.89111398552333e-12	1	0	0	198	9882
SM01030	BHD_1	1.00000000000589	5.89111398552333e-12	1	0	0	198	9882
SM00035	CLa	1.00000000000589	5.89111398552333e-12	1	0	0	198	9882
SM00157	PRP	1.00000000000589	5.89111398552333e-12	1	0	0	198	9882
SM01221	FTCD	1.00000000000589	5.89111398552333e-12	1	0	0	198	9882
SM01219	Frataxin_Cyay	1.00000000000589	5.89111398552333e-12	1	0	0	198	9882
SM01311	RPOL_N	1.00000000000589	5.89111398552333e-12	1	0	0	198	9882
SM01209	GARS_A	1.00000000000589	5.89111398552333e-12	1	0	0	198	9882
SM00984	UDPG_MGDP_dh_C	1.00000000000589	5.89111398552333e-12	1	0	0	198	9882
SM01159	DUF1744	1.00000000000589	5.89111398552333e-12	1	0	0	198	9882
SM00470	ParB	1.00000000000589	5.89111398552333e-12	1	0	0	198	9882
SM01071	CDC37_N	1.00000000000589	5.89111398552333e-12	1	0	0	198	9882
SM01210	GARS_C	1.00000000000589	5.89111398552333e-12	1	0	0	198	9882
SM01286	SPT16	1.00000000000589	5.89111398552333e-12	1	0	0	198	9882
SM00802	UME	1.00000000000589	5.89111398552333e-12	1	0	0	198	9882
SM00254	ShKT	1.00000000000589	5.89111398552333e-12	1	0	0	198	9882
SM00226	LMWPc	1.00000000000589	5.89111398552333e-12	1	0	0	198	9882
SM00780	PIG-X	1.00000000000589	5.89111398552333e-12	1	0	0	198	9882
SM00203	TK	1.00000000000589	5.89111398552333e-12	1	0	0	198	9882
SM01162	DUF1771	1.00000000000589	5.89111398552333e-12	1	0	0	198	9882
SM00932	Nfu_N	1.00000000000589	5.89111398552333e-12	1	0	0	198	9882
SM01335	PADR1	1.00000000000589	5.89111398552333e-12	1	0	0	198	9882
SM01197	FANCL_C	1.00000000000589	5.89111398552333e-12	1	0	0	198	9882
SM01228	GIDA_assoc_3	1.00000000000589	5.89111398552333e-12	1	0	0	198	9882
SM01346	DUF3385	1.00000000000589	5.89111398552333e-12	1	0	0	198	9882
SM01422	SARA	1.00000000000589	5.89111398552333e-12	1	0	0	198	9882
SM01273	Mago-bind	1.00000000000589	5.89111398552333e-12	1	0	0	198	9882
SM01148	DUF1220	1.00000000000589	5.89111398552333e-12	1	0	0	198	9882
SM01016	Arg_tRNA_synt_N	1.00000000000589	5.89111398552333e-12	1	0	0	198	9882
SM00818	Amelogenin	1.00000000000589	5.89111398552333e-12	1	0	0	198	9882
SM01123	DBP10CT	1.00000000000589	5.89111398552333e-12	1	0	0	198	9882
SM01353	AIF_C	1.00000000000589	5.89111398552333e-12	1	0	0	198	9882
SM01135	DIRP	1.00000000000589	5.89111398552333e-12	1	0	0	198	9882
SM01397	Ribosomal_S3Ae	1.00000000000589	5.89111398552333e-12	1	0	0	198	9882
SM00654	eIF6	1.00000000000589	5.89111398552333e-12	1	0	0	198	9882
SM00928	NADH_4Fe-4S	1.00000000000589	5.89111398552333e-12	1	0	0	198	9882
SM01395	Tbf5	1.00000000000589	5.89111398552333e-12	1	0	0	198	9882
SM01378	Romo1	1.00000000000589	5.89111398552333e-12	1	0	0	198	9882
SM01344	NUC194	1.00000000000589	5.89111398552333e-12	1	0	0	198	9882
SM01018	B12-binding_2	1.00000000000589	5.89111398552333e-12	1	0	0	198	9882
SM00071	Galanin	1.00000000000589	5.89111398552333e-12	1	0	0	198	9882
SM00463	SMR	1.00000000000589	5.89111398552333e-12	1	0	0	198	9882
SM01306	RFX5_DNA_bdg	1.00000000000589	5.89111398552333e-12	1	0	0	198	9882
SM01254	KLRAQ	1.00000000000589	5.89111398552333e-12	1	0	0	198	9882
SM01348	Nbs1_C	1.00000000000589	5.89111398552333e-12	1	0	0	198	9882
SM01033	BING4CT	1.00000000000589	5.89111398552333e-12	1	0	0	198	9882
SM00658	RPOL8c	1.00000000000589	5.89111398552333e-12	1	0	0	198	9882
SM00986	UDG	1.00000000000589	5.89111398552333e-12	1	0	0	198	9882
SM00910	HIRAN	1.00000000000589	5.89111398552333e-12	1	0	0	198	9882
SM01129	DELLA	1.00000000000589	5.89111398552333e-12	1	0	0	198	9882
SM01405	Ribosomal_S6e	1.00000000000589	5.89111398552333e-12	1	0	0	198	9882
SM01001	AIRC	1.00000000000589	5.89111398552333e-12	1	0	0	198	9882
SM01183	EF1G	1.00000000000589	5.89111398552333e-12	1	0	0	198	9882
SM01284	ECSIT_Cterm	1.00000000000589	5.89111398552333e-12	1	0	0	198	9882
SM01087	COG6	1.00000000000589	5.89111398552333e-12	1	0	0	198	9882
SM01413	Ribosomal_S19e	1.00000000000589	5.89111398552333e-12	1	0	0	198	9882
SM00839	ELFV_dehydrog	1.00000000000589	5.89111398552333e-12	1	0	0	198	9882
SM00189	IL2	1.00000000000589	5.89111398552333e-12	1	0	0	198	9882
SM01085	CK_II_beta	1.00000000000589	5.89111398552333e-12	1	0	0	198	9882
SM00684	DM15	1.00000000000589	5.89111398552333e-12	1	0	0	198	9882
SM00946	ProRS-C_1	1.00000000000589	5.89111398552333e-12	1	0	0	198	9882
SM01297	KAP	1.00000000000589	5.89111398552333e-12	1	0	0	198	9882
SM01278	MAPKK1_Int	1.00000000000589	5.89111398552333e-12	1	0	0	198	9882
SM01295	K167R	1.00000000000589	5.89111398552333e-12	1	0	0	198	9882
SM01077	Cg6151-P	1.00000000000589	5.89111398552333e-12	1	0	0	198	9882
SM00719	Plus3	1.00000000000589	5.89111398552333e-12	1	0	0	198	9882
SM01128	DDRGK	1.00000000000589	5.89111398552333e-12	1	0	0	198	9882
SM01075	CDT1	1.00000000000589	5.89111398552333e-12	1	0	0	198	9882
SM01098	CPSF73-100_C	1.00000000000589	5.89111398552333e-12	1	0	0	198	9882
SM00040	CSF2	1.00000000000589	5.89111398552333e-12	1	0	0	198	9882
SM01124	DBR1	1.00000000000589	5.89111398552333e-12	1	0	0	198	9882
SM01173	DUF4187	1.00000000000589	5.89111398552333e-12	1	0	0	198	9882
SM00538	POP4	1.00000000000589	5.89111398552333e-12	1	0	0	198	9882
SM01036	BP28CT	1.00000000000589	5.89111398552333e-12	1	0	0	198	9882
SM01354	BLVR	1.00000000000589	5.89111398552333e-12	1	0	0	198	9882
SM01156	DUF1716	1.00000000000589	5.89111398552333e-12	1	0	0	198	9882
SM00805	AGTRAP	1.00000000000589	5.89111398552333e-12	1	0	0	198	9882
SM01047	C1_4	1.00000000000589	5.89111398552333e-12	1	0	0	198	9882
SM00904	Flavokinase	1.00000000000589	5.89111398552333e-12	1	0	0	198	9882
SM01223	FTO_NTD	1.00000000000589	5.89111398552333e-12	1	0	0	198	9882
SM00507	HNHc	1.00000000000589	5.89111398552333e-12	1	0	0	198	9882
SM01331	DUF3635	1.00000000000589	5.89111398552333e-12	1	0	0	198	9882
SM00798	AICARFT_IMPCHas	1.00000000000589	5.89111398552333e-12	1	0	0	198	9882
SM00990	VRR_NUC	1.00000000000589	5.89111398552333e-12	1	0	0	198	9882
SM01191	ENT	1.00000000000589	5.89111398552333e-12	1	0	0	198	9882
SM01384	Ribosomal_L15e	1.00000000000589	5.89111398552333e-12	1	0	0	198	9882
SM01186	eIF3_N	1.00000000000589	5.89111398552333e-12	1	0	0	198	9882
SM00929	NADH-G_4Fe-4S_3	1.00000000000589	5.89111398552333e-12	1	0	0	198	9882
SM01379	GAGE	1.00000000000589	5.89111398552333e-12	1	0	0	198	9882
SM00983	TPK_B1_binding	1.00000000000589	5.89111398552333e-12	1	0	0	198	9882
SM01416	Ribosomal_L19e	1.00000000000589	5.89111398552333e-12	1	0	0	198	9882
SM00659	RPOLCX	1.00000000000589	5.89111398552333e-12	1	0	0	198	9882
SM01262	LAMTOR	1.00000000000589	5.89111398552333e-12	1	0	0	198	9882
SM00870	Asparaginase	1.00000000000589	5.89111398552333e-12	1	0	0	198	9882
SM01211	GATase_5	1.00000000000589	5.89111398552333e-12	1	0	0	198	9882
SM00738	NGN	1.00000000000589	5.89111398552333e-12	1	0	0	198	9882
SM01160	DUF1751	1.00000000000589	5.89111398552333e-12	1	0	0	198	9882
SM01386	Ribosomal_S13_N	1.00000000000589	5.89111398552333e-12	1	0	0	198	9882
SM01069	CDC37_C	1.00000000000589	5.89111398552333e-12	1	0	0	198	9882
SM00683	DM16	1.00000000000589	5.89111398552333e-12	1	0	0	198	9882
SM01414	P68HR	1.00000000000589	5.89111398552333e-12	1	0	0	198	9882
SM00521	CBF	1.00000000000589	5.89111398552333e-12	1	0	0	198	9882
SM00019	SF_P	1.00000000000589	5.89111398552333e-12	1	0	0	198	9882
SM00944	Pro-kuma_activ	1.00000000000589	5.89111398552333e-12	1	0	0	198	9882
SM00845	GatB_Yqey	1.00000000000589	5.89111398552333e-12	1	0	0	198	9882
SM00995	AD	1.00000000000589	5.89111398552333e-12	1	0	0	198	9882
SM01082	CHZ	1.00000000000589	5.89111398552333e-12	1	0	0	198	9882
SM01158	DUF1741	1.00000000000589	5.89111398552333e-12	1	0	0	198	9882
SM01365	Op_neuropeptide	1.00000000000589	5.89111398552333e-12	1	0	0	198	9882
SM01356	AP4E_app_platf	1.00000000000589	5.89111398552333e-12	1	0	0	198	9882
SM00898	Fapy_DNA_glyco	1.00000000000589	5.89111398552333e-12	1	0	0	198	9882
SM01204	FIST_C	1.00000000000589	5.89111398552333e-12	1	0	0	198	9882
SM00752	HTTM	1.00000000000589	5.89111398552333e-12	1	0	0	198	9882
SM01013	APC2	1.00000000000589	5.89111398552333e-12	1	0	0	198	9882
SM01253	Kin17_mid	1.00000000000589	5.89111398552333e-12	1	0	0	198	9882
SM01347	Mre11_DNA_bind	1.00000000000589	5.89111398552333e-12	1	0	0	198	9882
SM01181	E2_bind	1.00000000000589	5.89111398552333e-12	1	0	0	198	9882
SM01363	ACTH_domain	1.00000000000589	5.89111398552333e-12	1	0	0	198	9882
SM01214	Fmp27_GFWDK	1.00000000000589	5.89111398552333e-12	1	0	0	198	9882
SM00567	EZ_HEAT	1.00000000000589	5.89111398552333e-12	1	0	0	198	9882
SM01377	Ribosomal_L40e	1.00000000000589	5.89111398552333e-12	1	0	0	198	9882
SM00731	SprT	1.00000000000589	5.89111398552333e-12	1	0	0	198	9882
SM00784	SPT2	1.00000000000589	5.89111398552333e-12	1	0	0	198	9882
SM00754	CHRD	1.00000000000589	5.89111398552333e-12	1	0	0	198	9882
SM01285	FACT-Spt16_Nlob	1.00000000000589	5.89111398552333e-12	1	0	0	198	9882
SM00703	NRF	1.00000000000589	5.89111398552333e-12	1	0	0	198	9882
SM01404	CIMR	1.00000000000589	5.89111398552333e-12	1	0	0	198	9882
SM01152	DUF167	1.00000000000589	5.89111398552333e-12	1	0	0	198	9882
SM01032	BHD_3	1.00000000000589	5.89111398552333e-12	1	0	0	198	9882
SM00941	PYNP_C	1.00000000000589	5.89111398552333e-12	1	0	0	198	9882
SM01220	FSA_C	1.00000000000589	5.89111398552333e-12	1	0	0	198	9882
SM01169	DUF1943	1.00000000000589	5.89111398552333e-12	1	0	0	198	9882
SM00067	GHA	1.00000000000589	5.89111398552333e-12	1	0	0	198	9882
SM01031	BHD_2	1.00000000000589	5.89111398552333e-12	1	0	0	198	9882
SM01060	Catalase	1.00000000000589	5.89111398552333e-12	1	0	0	198	9882
SM00026	EPEND	1.00000000000589	5.89111398552333e-12	1	0	0	198	9882
SM00987	UreE_C	1.00000000000589	5.89111398552333e-12	1	0	0	198	9882
SM01406	PAPA-1	1.00000000000589	5.89111398552333e-12	1	0	0	198	9882
SM01352	APCDDC	1.00000000000589	5.89111398552333e-12	1	0	0	198	9882
SM00743	Agenet	1.00000000000589	5.89111398552333e-12	1	0	0	198	9882
SM00017	OSTEO	1.00000000000589	5.89111398552333e-12	1	0	0	198	9882
SM00817	Amelin	1.00000000000589	5.89111398552333e-12	1	0	0	198	9882
SM01264	M16C_associated	1.00000000000589	5.89111398552333e-12	1	0	0	198	9882
SM00858	SAF	1.00000000000589	5.89111398552333e-12	1	0	0	198	9882
SM01136	DKCLD	1.00000000000589	5.89111398552333e-12	1	0	0	198	9882
SM01280	Mcm10	1.00000000000589	5.89111398552333e-12	1	0	0	198	9882
SM01024	BCS1_N	1.00000000000589	5.89111398552333e-12	1	0	0	198	9882
SM01396	BC10	1.00000000000589	5.89111398552333e-12	1	0	0	198	9882
SM00826	PKS_DH	1.00000000000589	5.89111398552333e-12	1	0	0	198	9882
SM00084	NMU	1.00000000000589	5.89111398552333e-12	1	0	0	198	9882
SM00709	Zpr1	1.00000000000589	5.89111398552333e-12	1	0	0	198	9882
SM00364	LRR_BAC	1.00000000000759	7.59296601768733e-12	56	0	0	198	9882
SM00193	PTN	1.00000000000837	8.37210427937288e-12	2	0	0	198	9882
SM00559	Ku78	1.00000000000837	8.37210427937288e-12	2	0	0	198	9882
SM01371	TFIIA	1.00000000000837	8.37210427937288e-12	2	0	0	198	9882
SM00095	TR_THY	1.00000000000837	8.37210427937288e-12	2	0	0	198	9882
SM01415	DUF106	1.00000000000837	8.37210427937288e-12	2	0	0	198	9882
SM01011	AMP_N	1.00000000000837	8.37210427937288e-12	2	0	0	198	9882
SM00638	LPD_N	1.00000000000837	8.37210427937288e-12	2	0	0	198	9882
SM01281	Med12	1.00000000000837	8.37210427937288e-12	2	0	0	198	9882
SM01076	CG-1	1.00000000000837	8.37210427937288e-12	2	0	0	198	9882
SM01282	DBB	1.00000000000837	8.37210427937288e-12	2	0	0	198	9882
SM00711	TDU	1.00000000000837	8.37210427937288e-12	2	0	0	198	9882
SM01164	DUF1856	1.00000000000837	8.37210427937288e-12	2	0	0	198	9882
SM01023	BAF	1.00000000000837	8.37210427937288e-12	2	0	0	198	9882
SM01314	SnAC	1.00000000000837	8.37210427937288e-12	2	0	0	198	9882
SM00808	FABD	1.00000000000837	8.37210427937288e-12	2	0	0	198	9882
SM00846	Gp_dh_N	1.00000000000837	8.37210427937288e-12	2	0	0	198	9882
SM01410	DIM1	1.00000000000837	8.37210427937288e-12	2	0	0	198	9882
SM01355	AP3B1_C	1.00000000000837	8.37210427937288e-12	2	0	0	198	9882
SM01097	CPSase_sm_chain	1.00000000000837	8.37210427937288e-12	2	0	0	198	9882
SM00761	HDAC_interact	1.00000000000837	8.37210427937288e-12	2	0	0	198	9882
SM00029	GASTRIN	1.00000000000837	8.37210427937288e-12	2	0	0	198	9882
SM00853	MutL_C	1.00000000000837	8.37210427937288e-12	2	0	0	198	9882
SM01387	Ribosomal_S15	1.00000000000837	8.37210427937288e-12	2	0	0	198	9882
SM01141	DRY_EERY	1.00000000000837	8.37210427937288e-12	2	0	0	198	9882
SM00951	QLQ	1.00000000000837	8.37210427937288e-12	2	0	0	198	9882
SM00512	Skp1	1.00000000000837	8.37210427937288e-12	2	0	0	198	9882
SM00812	Alpha_L_fucos	1.00000000000837	8.37210427937288e-12	2	0	0	198	9882
SM01142	DSHCT	1.00000000000837	8.37210427937288e-12	2	0	0	198	9882
SM01301	PTPlike_phytase	1.00000000000837	8.37210427937288e-12	2	0	0	198	9882
SM01399	Sybindin	1.00000000000837	8.37210427937288e-12	2	0	0	198	9882
SM01291	N-SET	1.00000000000837	8.37210427937288e-12	2	0	0	198	9882
SM01383	Ribosomal_L2	1.00000000000837	8.37210427937288e-12	2	0	0	198	9882
SM01130	DHDPS	1.00000000000837	8.37210427937288e-12	2	0	0	198	9882
SM01050	CactinC_cactus	1.00000000000837	8.37210427937288e-12	2	0	0	198	9882
SM01390	Ribosomal_S4	1.00000000000837	8.37210427937288e-12	2	0	0	198	9882
SM01161	DUF1767	1.00000000000837	8.37210427937288e-12	2	0	0	198	9882
SM00469	WIF	1.00000000000837	8.37210427937288e-12	2	0	0	198	9882
SM01292	N1221	1.00000000000837	8.37210427937288e-12	2	0	0	198	9882
SM01072	CDC48_2	1.00000000000837	8.37210427937288e-12	2	0	0	198	9882
SM01421	DUF3480	1.00000000000837	8.37210427937288e-12	2	0	0	198	9882
SM01267	LAG1_DNAbind	1.00000000000837	8.37210427937288e-12	2	0	0	198	9882
SM01144	DTW	1.00000000000837	8.37210427937288e-12	2	0	0	198	9882
SM00434	TOP4c	1.00000000000837	8.37210427937288e-12	2	0	0	198	9882
SM00555	GIT	1.00000000000837	8.37210427937288e-12	2	0	0	198	9882
SM01376	eIF-5a	1.00000000000837	8.37210427937288e-12	2	0	0	198	9882
SM01174	DUF4205	1.00000000000837	8.37210427937288e-12	2	0	0	198	9882
SM00087	PTH	1.00000000000837	8.37210427937288e-12	2	0	0	198	9882
SM00893	ETF	1.00000000000837	8.37210427937288e-12	2	0	0	198	9882
SM00039	CRF	1.00000000000837	8.37210427937288e-12	2	0	0	198	9882
SM00967	SpoU_sub_bind	1.00000000000837	8.37210427937288e-12	2	0	0	198	9882
SM01258	KRBA1	1.00000000000837	8.37210427937288e-12	2	0	0	198	9882
SM00494	ChtBD2	1.00000000000837	8.37210427937288e-12	2	0	0	198	9882
SM01104	CTD	1.00000000000837	8.37210427937288e-12	2	0	0	198	9882
SM00785	AARP2CN	1.00000000000837	8.37210427937288e-12	2	0	0	198	9882
SM00436	TOP1Bc	1.00000000000837	8.37210427937288e-12	2	0	0	198	9882
SM00825	PKS_KS	1.00000000000837	8.37210427937288e-12	2	0	0	198	9882
SM00525	FES	1.00000000000837	8.37210427937288e-12	2	0	0	198	9882
SM01374	Ribosomal_L14	1.00000000000837	8.37210427937288e-12	2	0	0	198	9882
SM01389	Spt4	1.00000000000837	8.37210427937288e-12	2	0	0	198	9882
SM00827	PKS_AT	1.00000000000837	8.37210427937288e-12	2	0	0	198	9882
SM00956	RQC	1.00000000000837	8.37210427937288e-12	2	0	0	198	9882
SM00632	Aamy_C	1.00000000000837	8.37210427937288e-12	2	0	0	198	9882
SM00649	RL11	1.00000000000837	8.37210427937288e-12	2	0	0	198	9882
SM00550	Zalpha	1.00000000000837	8.37210427937288e-12	2	0	0	198	9882
SM00080	LIF_OSM	1.00000000000837	8.37210427937288e-12	2	0	0	198	9882
SM01002	AlaDh_PNT_C	1.00000000000837	8.37210427937288e-12	2	0	0	198	9882
SM01288	FISNA	1.00000000000837	8.37210427937288e-12	2	0	0	198	9882
SM01362	DUF663	1.00000000000837	8.37210427937288e-12	2	0	0	198	9882
SM00992	YccV-like	1.00000000000837	8.37210427937288e-12	2	0	0	198	9882
SM00714	LITAF	1.00000000000837	8.37210427937288e-12	2	0	0	198	9882
SM00881	CoA_binding	1.00000000000837	8.37210427937288e-12	2	0	0	198	9882
SM00581	PSP	1.00000000000837	8.37210427937288e-12	2	0	0	198	9882
SM01165	DUF1866	1.00000000000837	8.37210427937288e-12	2	0	0	198	9882
SM00896	FDX-ACB	1.00000000000837	8.37210427937288e-12	2	0	0	198	9882
SM00937	PCRF	1.00000000000837	8.37210427937288e-12	2	0	0	198	9882
SM01206	Fibrillarin	1.00000000000837	8.37210427937288e-12	2	0	0	198	9882
SM00976	Telo_bind	1.00000000000837	8.37210427937288e-12	2	0	0	198	9882
SM00188	IL10	1.00000000000837	8.37210427937288e-12	2	0	0	198	9882
SM00433	TOP2c	1.00000000000837	8.37210427937288e-12	2	0	0	198	9882
SM00807	AKAP_110	1.00000000000837	8.37210427937288e-12	2	0	0	198	9882
SM00466	SRA	1.00000000000837	8.37210427937288e-12	2	0	0	198	9882
SM00777	Mad3_BUB1_I	1.00000000000837	8.37210427937288e-12	2	0	0	198	9882
SM01000	Aha1_N	1.00000000000837	8.37210427937288e-12	2	0	0	198	9882
SM00852	MoCF_biosynth	1.00000000000837	8.37210427937288e-12	2	0	0	198	9882
SM00662	RPOLD	1.00000000000837	8.37210427937288e-12	2	0	0	198	9882
SM01230	Gln-synt_C	1.00000000000837	8.37210427937288e-12	2	0	0	198	9882
SM00126	IL6	1.00000000000837	8.37210427937288e-12	2	0	0	198	9882
SM01022	ASCH	1.00000000000837	8.37210427937288e-12	2	0	0	198	9882
SM00551	ZnF_TAZ	1.00000000000837	8.37210427937288e-12	2	0	0	198	9882
SM00661	RPOL9	1.00000000000837	8.37210427937288e-12	2	0	0	198	9882
SM01283	Costars	1.00000000000837	8.37210427937288e-12	2	0	0	198	9882
SM01229	GluR_Homer-bdg	1.00000000000837	8.37210427937288e-12	2	0	0	198	9882
SM01131	DHHA2	1.00000000000837	8.37210427937288e-12	2	0	0	198	9882
SM01070	CDC37_M	1.00000000000837	8.37210427937288e-12	2	0	0	198	9882
SM01179	DUF862	1.00000000000837	8.37210427937288e-12	2	0	0	198	9882
SM00705	THEG	1.00000000000837	8.37210427937288e-12	2	0	0	198	9882
SM00500	SFM	1.00000000000837	8.37210427937288e-12	2	0	0	198	9882
SM00223	APPLE	1.00000000000837	8.37210427937288e-12	2	0	0	198	9882
SM01115	cwf21	1.00000000000837	8.37210427937288e-12	2	0	0	198	9882
SM01237	ICA69	1.00000000000837	8.37210427937288e-12	2	0	0	198	9882
SM00978	Tim44	1.00000000000837	8.37210427937288e-12	2	0	0	198	9882
SM00653	eIF2B_5	1.00000000000837	8.37210427937288e-12	2	0	0	198	9882
SM00635	BID_2	1.00000000000837	8.37210427937288e-12	2	0	0	198	9882
SM01154	DUF1704	1.00000000000837	8.37210427937288e-12	2	0	0	198	9882
SM01096	CPSase_L_D3	1.00000000000837	8.37210427937288e-12	2	0	0	198	9882
SM00493	TOPRIM	1.00000000000837	8.37210427937288e-12	2	0	0	198	9882
SM01233	HABP4_PAI-RBP1	1.00000000000837	8.37210427937288e-12	2	0	0	198	9882
SM00788	Adenylsucc_synt	1.00000000000837	8.37210427937288e-12	2	0	0	198	9882
SM00732	YqgFc	1.00000000000837	8.37210427937288e-12	2	0	0	198	9882
SM01345	Rapamycin_bind	1.00000000000837	8.37210427937288e-12	2	0	0	198	9882
SM01003	AlaDh_PNT_N	1.00000000000837	8.37210427937288e-12	2	0	0	198	9882
SM00657	RPOL4c	1.00000000000837	8.37210427937288e-12	2	0	0	198	9882
SM00993	YL1_C	1.00000000000837	8.37210427937288e-12	2	0	0	198	9882
SM01336	zf-PARP	1.00000000000837	8.37210427937288e-12	2	0	0	198	9882
SM01138	DP	1.00000000000837	8.37210427937288e-12	2	0	0	198	9882
SM00873	B3_4	1.00000000000837	8.37210427937288e-12	2	0	0	198	9882
SM01182	EF-1_beta_acid	1.00000000000837	8.37210427937288e-12	2	0	0	198	9882
SM01287	Rtt106	1.00000000000837	8.37210427937288e-12	2	0	0	198	9882
SM00586	ZnF_DBF	1.00000000000837	8.37210427937288e-12	2	0	0	198	9882
SM00685	DM14	1.00000000000837	8.37210427937288e-12	2	0	0	198	9882
SM01319	Tankyrase_bdg_C	1.00000000000837	8.37210427937288e-12	2	0	0	198	9882
SM01423	Milton	1.00000000000837	8.37210427937288e-12	2	0	0	198	9882
SM01272	LsmAD	1.00000000000837	8.37210427937288e-12	2	0	0	198	9882
SM00531	TFIIE	1.00000000000837	8.37210427937288e-12	2	0	0	198	9882
SM00902	Fe_hyd_SSU	1.00000000000837	8.37210427937288e-12	2	0	0	198	9882
SM00003	NH	1.00000000000837	8.37210427937288e-12	2	0	0	198	9882
SM00756	VKc	1.00000000000837	8.37210427937288e-12	2	0	0	198	9882
SM00860	SMI1_KNR4	1.00000000000837	8.37210427937288e-12	2	0	0	198	9882
SM01122	DBC1	1.00000000000837	8.37210427937288e-12	2	0	0	198	9882
SM01250	KAT11	1.00000000000837	8.37210427937288e-12	2	0	0	198	9882
SM01086	ClpB_D2-small	1.00000000000837	8.37210427937288e-12	2	0	0	198	9882
SM00888	EF1_GNE	1.00000000000837	8.37210427937288e-12	2	0	0	198	9882
SM01010	AMPKBI	1.00000000000837	8.37210427937288e-12	2	0	0	198	9882
SM01239	IKKbetaNEMObind	1.00000000000837	8.37210427937288e-12	2	0	0	198	9882
SM01293	DUF3402	1.00000000000837	8.37210427937288e-12	2	0	0	198	9882
SM01313	Sec3-PIP2_bind	1.00000000000837	8.37210427937288e-12	2	0	0	198	9882
SM00792	Agouti	1.00000000000837	8.37210427937288e-12	2	0	0	198	9882
SM01194	eRF1_1	1.00000000000837	8.37210427937288e-12	2	0	0	198	9882
SM01028	Beta-TrCP_D	1.00000000000837	8.37210427937288e-12	2	0	0	198	9882
SM01382	Ribosomal_L2_C	1.00000000000837	8.37210427937288e-12	2	0	0	198	9882
SM01177	DUF4210	1.00000000000837	8.37210427937288e-12	2	0	0	198	9882
SM00299	CLH	1.00000000000837	8.37210427937288e-12	2	0	0	198	9882
SM00437	TOP1Ac	1.00000000000837	8.37210427937288e-12	2	0	0	198	9882
SM01268	BTD	1.00000000000837	8.37210427937288e-12	2	0	0	198	9882
SM00435	TOPEUc	1.00000000000837	8.37210427937288e-12	2	0	0	198	9882
SM01403	Ribosomal_S10	1.0000000000097	9.69887363002112e-12	3	0	0	198	9882
SM00704	ZnF_CDGSH	1.0000000000097	9.69887363002112e-12	3	0	0	198	9882
SM00006	A4_EXTRA	1.0000000000097	9.69887363002112e-12	3	0	0	198	9882
SM00919	Malic_M	1.0000000000097	9.69887363002112e-12	3	0	0	198	9882
SM00735	ZM	1.0000000000097	9.69887363002112e-12	3	0	0	198	9882
SM01269	Lipid_DES	1.0000000000097	9.69887363002112e-12	3	0	0	198	9882
SM01199	FDF	1.0000000000097	9.69887363002112e-12	3	0	0	198	9882
SM01083	Cir_N	1.0000000000097	9.69887363002112e-12	3	0	0	198	9882
SM00712	PUR	1.0000000000097	9.69887363002112e-12	3	0	0	198	9882
SM00963	SRP54_N	1.0000000000097	9.69887363002112e-12	3	0	0	198	9882
SM00682	G2F	1.0000000000097	9.69887363002112e-12	3	0	0	198	9882
SM00473	PAN_AP	1.0000000000097	9.69887363002112e-12	3	0	0	198	9882
SM01368	RB_A	1.0000000000097	9.69887363002112e-12	3	0	0	198	9882
SM01333	Tet_JBP	1.0000000000097	9.69887363002112e-12	3	0	0	198	9882
SM00996	AdoHcyase	1.0000000000097	9.69887363002112e-12	3	0	0	198	9882
SM01366	c-clamp	1.0000000000097	9.69887363002112e-12	3	0	0	198	9882
SM00341	HRDC	1.0000000000097	9.69887363002112e-12	3	0	0	198	9882
SM00090	RIO	1.0000000000097	9.69887363002112e-12	3	0	0	198	9882
SM01275	MamL-1	1.0000000000097	9.69887363002112e-12	3	0	0	198	9882
SM00663	RPOLA_N	1.0000000000097	9.69887363002112e-12	3	0	0	198	9882
SM00553	SEP	1.0000000000097	9.69887363002112e-12	3	0	0	198	9882
SM00576	BTP	1.0000000000097	9.69887363002112e-12	3	0	0	198	9882
SM00706	TECPR	1.0000000000097	9.69887363002112e-12	3	0	0	198	9882
SM01424	HAP1_N	1.0000000000097	9.69887363002112e-12	3	0	0	198	9882
SM01200	FerA	1.0000000000097	9.69887363002112e-12	3	0	0	198	9882
SM00057	FIMAC	1.0000000000097	9.69887363002112e-12	3	0	0	198	9882
SM00960	Robl_LC7	1.0000000000097	9.69887363002112e-12	3	0	0	198	9882
SM00931	NOSIC	1.0000000000097	9.69887363002112e-12	3	0	0	198	9882
SM00306	HintN	1.0000000000097	9.69887363002112e-12	3	0	0	198	9882
SM00183	NAT_PEP	1.0000000000097	9.69887363002112e-12	3	0	0	198	9882
SM00482	POLAc	1.0000000000097	9.69887363002112e-12	3	0	0	198	9882
SM00438	ZnF_NFX	1.0000000000097	9.69887363002112e-12	3	0	0	198	9882
SM00002	PLP	1.0000000000097	9.69887363002112e-12	3	0	0	198	9882
SM00311	PWI	1.0000000000097	9.69887363002112e-12	3	0	0	198	9882
SM01146	DUF1086	1.0000000000097	9.69887363002112e-12	3	0	0	198	9882
SM00162	SAPA	1.0000000000097	9.69887363002112e-12	3	0	0	198	9882
SM01176	DUF4208	1.0000000000097	9.69887363002112e-12	3	0	0	198	9882
SM01260	LANC_like	1.0000000000097	9.69887363002112e-12	3	0	0	198	9882
SM01279	Matrilin_ccoil	1.0000000000097	9.69887363002112e-12	3	0	0	198	9882
SM01232	H2TH	1.0000000000097	9.69887363002112e-12	3	0	0	198	9882
SM00309	PAH	1.0000000000097	9.69887363002112e-12	3	0	0	198	9882
SM00882	CoA_trans	1.0000000000097	9.69887363002112e-12	3	0	0	198	9882
SM01274	malic	1.0000000000097	9.69887363002112e-12	3	0	0	198	9882
SM00722	CASH	1.0000000000097	9.69887363002112e-12	3	0	0	198	9882
SM00736	CADG	1.0000000000097	9.69887363002112e-12	3	0	0	198	9882
SM00851	MGS	1.0000000000097	9.69887363002112e-12	3	0	0	198	9882
SM00278	HhH1	1.0000000000097	9.69887363002112e-12	3	0	0	198	9882
SM00143	PI3K_p85B	1.0000000000097	9.69887363002112e-12	3	0	0	198	9882
SM01051	CAMSAP_CKK	1.0000000000097	9.69887363002112e-12	3	0	0	198	9882
SM01212	Fib_alpha	1.0000000000097	9.69887363002112e-12	3	0	0	198	9882
SM00962	SRP54	1.0000000000097	9.69887363002112e-12	3	0	0	198	9882
SM01401	Sds3	1.0000000000097	9.69887363002112e-12	3	0	0	198	9882
SM00676	DM10	1.0000000000097	9.69887363002112e-12	3	0	0	198	9882
SM00594	UAS	1.0000000000097	9.69887363002112e-12	3	0	0	198	9882
SM00751	BSD	1.0000000000097	9.69887363002112e-12	3	0	0	198	9882
SM01367	DUF3452	1.0000000000097	9.69887363002112e-12	3	0	0	198	9882
SM00997	AdoHcyase_NAD	1.0000000000097	9.69887363002112e-12	3	0	0	198	9882
SM01246	Josephin	1.0000000000097	9.69887363002112e-12	3	0	0	198	9882
SM00836	DALR_1	1.0000000000097	9.69887363002112e-12	3	0	0	198	9882
SM00536	AXH	1.0000000000097	9.69887363002112e-12	3	0	0	198	9882
SM01276	M60-like	1.0000000000097	9.69887363002112e-12	3	0	0	198	9882
SM00916	L51_S25_CI-B8	1.0000000000097	9.69887363002112e-12	3	0	0	198	9882
SM00272	END	1.0000000000097	9.69887363002112e-12	3	0	0	198	9882
SM00444	GYF	1.0000000000097	9.69887363002112e-12	3	0	0	198	9882
SM01218	FoP_duplication	1.0000000000097	9.69887363002112e-12	3	0	0	198	9882
SM00478	ENDO3c	1.0000000000097	9.69887363002112e-12	3	0	0	198	9882
SM01257	KRAP_IP3R_bind	1.0000000000097	9.69887363002112e-12	3	0	0	198	9882
SM01084	CKS	1.0000000000097	9.69887363002112e-12	3	0	0	198	9882
SM01300	PEHE	1.0000000000097	9.69887363002112e-12	3	0	0	198	9882
SM00459	Sorb	1.0000000000097	9.69887363002112e-12	3	0	0	198	9882
SM01299	PIP49_N	1.0000000000097	9.69887363002112e-12	3	0	0	198	9882
SM00758	PA14	1.0000000000097	9.69887363002112e-12	3	0	0	198	9882
SM00305	HintC	1.0000000000097	9.69887363002112e-12	3	0	0	198	9882
SM00113	CALCITONIN	1.0000000000097	9.69887363002112e-12	3	0	0	198	9882
SM00773	WGR	1.0000000000097	9.69887363002112e-12	3	0	0	198	9882
SM00650	rADc	1.0000000000097	9.69887363002112e-12	3	0	0	198	9882
SM00985	UBA_e1_C	1.0000000000097	9.69887363002112e-12	3	0	0	198	9882
SM00363	S4	1.0000000000097	9.69887363002112e-12	3	0	0	198	9882
SM01271	LSM14	1.0000000000097	9.69887363002112e-12	3	0	0	198	9882
SM00672	CAP10	1.0000000000097	9.69887363002112e-12	3	0	0	198	9882
SM01369	Rb_C	1.0000000000097	9.69887363002112e-12	3	0	0	198	9882
SM01370	TAFII55_N	1.0000000000097	9.69887363002112e-12	3	0	0	198	9882
SM01147	DUF1087	1.0000000000097	9.69887363002112e-12	3	0	0	198	9882
SM01073	CDC48_N	1.0000000000097	9.69887363002112e-12	3	0	0	198	9882
SM01334	DUF3454	1.0000000000097	9.69887363002112e-12	3	0	0	198	9882
SM00300	ChSh	1.0000000000097	9.69887363002112e-12	3	0	0	198	9882
SM01065	CBM_2	1.0000000000097	9.69887363002112e-12	3	0	0	198	9882
SM01305	RESP18	1.0000000000097	9.69887363002112e-12	3	0	0	198	9882
SM00803	TAF	1.0000000000097	9.69887363002112e-12	3	0	0	198	9882
SM00151	SWIB	1.0000000000097	9.69887363002112e-12	3	0	0	198	9882
SM00297	BROMO	1.0000000000104	1.04038779945782e-11	39	0	0	198	9882
SM01166	DUF1899	1.00000000001085	1.08461561288131e-11	7	0	0	198	9882
SM00467	GS	1.00000000001085	1.08461561288131e-11	7	0	0	198	9882
SM00729	Elp3	1.00000000001085	1.08461561288131e-11	7	0	0	198	9882
SM00301	DM	1.00000000001085	1.08461561288131e-11	7	0	0	198	9882
SM00101	14_3_3	1.00000000001085	1.08461561288131e-11	7	0	0	198	9882
SM01062	Ca_chan_IQ	1.00000000001085	1.08461561288131e-11	7	0	0	198	9882
SM00053	DYNc	1.00000000001085	1.08461561288131e-11	7	0	0	198	9882
SM00004	NL	1.00000000001085	1.08461561288131e-11	7	0	0	198	9882
SM00692	DM3	1.00000000001085	1.08461561288131e-11	7	0	0	198	9882
SM00018	PD	1.00000000001085	1.08461561288131e-11	7	0	0	198	9882
SM00258	SAND	1.00000000001085	1.08461561288131e-11	7	0	0	198	9882
SM00104	ANATO	1.00000000001085	1.08461561288131e-11	7	0	0	198	9882
SM01337	APC10	1.00000000001085	1.08461561288131e-11	7	0	0	198	9882
SM01243	IRF-3	1.00000000001085	1.08461561288131e-11	7	0	0	198	9882
SM01055	Cadherin_pro	1.00000000001085	1.08461561288131e-11	7	0	0	198	9882
SM00390	GoLoco	1.00000000001085	1.08461561288131e-11	7	0	0	198	9882
SM01167	DUF1900	1.00000000001085	1.08461561288131e-11	7	0	0	198	9882
SM00582	RPR	1.00000000001085	1.08461561288131e-11	7	0	0	198	9882
SM01326	PTEN_C2	1.00000000001085	1.08461561288131e-11	7	0	0	198	9882
SM01109	CUT	1.00000000001085	1.08461561288131e-11	7	0	0	198	9882
SM00328	BPI1	1.00000000001085	1.08461561288131e-11	7	0	0	198	9882
SM01388	Mob1_phocein	1.00000000001085	1.08461561288131e-11	7	0	0	198	9882
SM00707	RPEL	1.00000000001085	1.08461561288131e-11	7	0	0	198	9882
SM00077	ITAM	1.00000000001085	1.08461561288131e-11	7	0	0	198	9882
SM00822	PKS_KR	1.00000000001085	1.08461561288131e-11	7	0	0	198	9882
SM01328	zf-3CxxC	1.00000000001085	1.08461561288131e-11	7	0	0	198	9882
SM00384	AT_hook	1.00000000001085	1.08461561288131e-11	7	0	0	198	9882
SM00980	THAP	1.00000000001085	1.08461561288131e-11	7	0	0	198	9882
SM00964	STAT_int	1.00000000001085	1.08461561288131e-11	7	0	0	198	9882
SM00250	PLEC	1.00000000001085	1.08461561288131e-11	7	0	0	198	9882
SM00509	TFS2N	1.00000000001085	1.08461561288131e-11	7	0	0	198	9882
SM00396	ZnF_UBR1	1.00000000001085	1.08461561288131e-11	7	0	0	198	9882
SM00510	TFS2M	1.00000000001085	1.08461561288131e-11	7	0	0	198	9882
SM00715	LA	1.00000000001085	1.08461561288131e-11	7	0	0	198	9882
SM00671	SEL1	1.00000000001085	1.08461561288131e-11	7	0	0	198	9882
SM00182	CULLIN	1.00000000001085	1.08461561288131e-11	7	0	0	198	9882
SM00515	eIF5C	1.00000000001085	1.08461561288131e-11	7	0	0	198	9882
SM00458	RICIN	1.00000000001095	1.0947441404827e-11	23	0	0	198	9882
SM00645	Pept_C1	1.00000000001095	1.0947441404827e-11	23	0	0	198	9882
SM00450	RHOD	1.00000000001095	1.0947441404827e-11	23	0	0	198	9882
SM00092	RNAse_Pc	1.00000000001095	1.0947441404827e-11	23	0	0	198	9882
SM00093	SERPIN	1.00000000001192	1.19220829079261e-11	62	0	0	198	9882
SM00651	Sm	1.00000000001243	1.24260276568399e-11	19	0	0	198	9882
SM00848	Inhibitor_I29	1.00000000001243	1.24260276568399e-11	19	0	0	198	9882
SM01089	Connexin_CCC	1.00000000001243	1.24260276568399e-11	19	0	0	198	9882
SM00864	Tubulin	1.00000000001243	1.24260276568399e-11	19	0	0	198	9882
SM00292	BRCT	1.00000000001243	1.24260276568399e-11	19	0	0	198	9882
SM00131	KU	1.00000000001243	1.24260276568399e-11	19	0	0	198	9882
SM00191	Int_alpha	1.00000000001243	1.24260276568399e-11	19	0	0	198	9882
SM00121	IB	1.00000000001243	1.24260276568399e-11	19	0	0	198	9882
SM00414	H2A	1.00000000001263	1.26274346961584e-11	28	0	0	198	9882
SM00202	SR	1.00000000001263	1.26274346961584e-11	28	0	0	198	9882
SM00430	HOLI	1.00000000001286	1.28556383356455e-11	49	0	0	198	9882
SM00365	LRR_SD22	1.00000000001358	1.35827090443394e-11	54	0	0	198	9882
SM00407	IGc1	1.00000000001371	1.3712489298353e-11	58	0	0	198	9882
SM00336	BBOX	1.00000000001371	1.3712489298353e-11	58	0	0	198	9882
SM00398	HMG	1.00000000001391	1.39070695993965e-11	51	0	0	198	9882
SM00044	CYCc	1.00000000001394	1.39400072264514e-11	20	0	0	198	9882
SM00397	t_SNARE	1.00000000001394	1.39400072264514e-11	20	0	0	198	9882
SM00055	FCH	1.00000000001394	1.39400072264514e-11	20	0	0	198	9882
SM00231	FA58C	1.00000000001394	1.39400072264514e-11	20	0	0	198	9882
SM00253	SOCS	1.00000000001394	1.39400072264514e-11	20	0	0	198	9882
SM00063	FRI	1.00000000001394	1.39400072264514e-11	20	0	0	198	9882
SM00547	ZnF_RBZ	1.00000000001394	1.39400072264514e-11	20	0	0	198	9882
SM00293	PWWP	1.00000000001394	1.39400072264514e-11	20	0	0	198	9882
SM00612	Kelch	1.00000000001441	1.44113528626619e-11	55	0	0	198	9882
SM00076	IFabd	1.00000000001444	1.44422259173243e-11	24	0	0	198	9882
SM00516	SEC14	1.00000000001444	1.44422259173243e-11	24	0	0	198	9882
SM01394	S_100	1.00000000001444	1.44422259173243e-11	24	0	0	198	9882
SM00130	KR	1.00000000001478	1.47807032706797e-11	15	0	0	198	9882
SM00498	FH2	1.00000000001478	1.47807032706797e-11	15	0	0	198	9882
SM00721	BAR	1.00000000001478	1.47807032706797e-11	15	0	0	198	9882
SM01117	Cyt-b5	1.00000000001478	1.47807032706797e-11	15	0	0	198	9882
SM00352	POU	1.00000000001478	1.47807032706797e-11	15	0	0	198	9882
SM00726	UIM	1.00000000001478	1.47807032706797e-11	15	0	0	198	9882
SM00136	LamNT	1.00000000001478	1.47807032706797e-11	15	0	0	198	9882
SM00088	PINT	1.00000000001478	1.47807032706797e-11	15	0	0	198	9882
SM00060	FN3	1.00000000001685	1.68455441074631e-11	149	0	0	198	9882
SM00670	PINc	1.00000000001709	1.70861967966788e-11	6	0	0	198	9882
SM00921	MHC_II_beta	1.00000000001709	1.70861967966788e-11	6	0	0	198	9882
SM00302	GED	1.00000000001709	1.70861967966788e-11	6	0	0	198	9882
SM00544	MA3	1.00000000001709	1.70861967966788e-11	6	0	0	198	9882
SM01114	CXC	1.00000000001709	1.70861967966788e-11	6	0	0	198	9882
SM00548	IRO	1.00000000001709	1.70861967966788e-11	6	0	0	198	9882
SM00907	GDNF	1.00000000001709	1.70861967966788e-11	6	0	0	198	9882
SM01127	DDHD	1.00000000001709	1.70861967966788e-11	6	0	0	198	9882
SM00415	HSF	1.00000000001709	1.70861967966788e-11	6	0	0	198	9882
SM00811	Alpha_kinase	1.00000000001709	1.70861967966788e-11	6	0	0	198	9882
SM00952	RAP	1.00000000001709	1.70861967966788e-11	6	0	0	198	9882
SM00155	PLDc	1.00000000001709	1.70861967966788e-11	6	0	0	198	9882
SM01329	Iso_dh	1.00000000001709	1.70861967966788e-11	6	0	0	198	9882
SM00440	ZnF_C2C2	1.00000000001709	1.70861967966788e-11	6	0	0	198	9882
SM00111	C4	1.00000000001709	1.70861967966788e-11	6	0	0	198	9882
SM00742	Hr1	1.00000000001709	1.70861967966788e-11	6	0	0	198	9882
SM00359	PUA	1.00000000001709	1.70861967966788e-11	6	0	0	198	9882
SM00915	Jacalin	1.00000000001709	1.70861967966788e-11	6	0	0	198	9882
SM01400	Pribosyltran_N	1.00000000001709	1.70861967966788e-11	6	0	0	198	9882
SM00665	B561	1.00000000001709	1.70861967966788e-11	6	0	0	198	9882
SM01137	DMAP_binding	1.00000000001709	1.70861967966788e-11	6	0	0	198	9882
SM00603	LCCL	1.00000000001709	1.70861967966788e-11	6	0	0	198	9882
SM00144	PI3K_rbd	1.00000000001709	1.70861967966788e-11	6	0	0	198	9882
SM00757	CRA	1.00000000001709	1.70861967966788e-11	6	0	0	198	9882
SM00070	GLUCA	1.00000000001709	1.70861967966788e-11	6	0	0	198	9882
SM00648	SWAP	1.00000000001709	1.70861967966788e-11	6	0	0	198	9882
SM00775	LNS2	1.00000000001709	1.70861967966788e-11	6	0	0	198	9882
SM00552	ADEAMc	1.00000000001709	1.70861967966788e-11	6	0	0	198	9882
SM01184	efhand_Ca_insen	1.00000000001709	1.70861967966788e-11	6	0	0	198	9882
SM01132	DIL	1.00000000001709	1.70861967966788e-11	6	0	0	198	9882
SM00441	FF	1.00000000001709	1.70861967966788e-11	6	0	0	198	9882
SM01343	FATC	1.00000000001709	1.70861967966788e-11	6	0	0	198	9882
SM00021	DAX	1.00000000001709	1.70861967966788e-11	6	0	0	198	9882
SM00259	ZnF_A20	1.00000000001709	1.70861967966788e-11	6	0	0	198	9882
SM00863	tRNA_SAD	1.00000000001709	1.70861967966788e-11	6	0	0	198	9882
SM00022	PLAc	1.00000000001709	1.70861967966788e-11	6	0	0	198	9882
SM00464	LON	1.00000000001709	1.70861967966788e-11	6	0	0	198	9882
SM00968	SMC_hinge	1.00000000001709	1.70861967966788e-11	6	0	0	198	9882
SM00592	BRK	1.00000000001709	1.70861967966788e-11	6	0	0	198	9882
SM00257	LysM	1.00000000001709	1.70861967966788e-11	6	0	0	198	9882
SM00152	THY	1.00000000001709	1.70861967966788e-11	6	0	0	198	9882
SM01198	FBA	1.00000000001709	1.70861967966788e-11	6	0	0	198	9882
SM00710	PbH1	1.00000000001709	1.70861967966788e-11	6	0	0	198	9882
SM00031	DED	1.00000000001709	1.70861967966788e-11	6	0	0	198	9882
SM00048	DEFSN	1.00000000001914	1.91409963123626e-11	21	0	0	198	9882
SM00116	CBS	1.00000000001922	1.92166052587697e-11	12	0	0	198	9882
SM01265	Mab-21	1.00000000001922	1.92166052587697e-11	12	0	0	198	9882
SM00284	OLF	1.00000000001922	1.92166052587697e-11	12	0	0	198	9882
SM00159	PTX	1.00000000001922	1.92166052587697e-11	12	0	0	198	9882
SM00335	ANX	1.00000000001922	1.92166052587697e-11	12	0	0	198	9882
SM00908	Gal-bind_lectin	1.00000000001922	1.92166052587697e-11	12	0	0	198	9882
SM00290	ZnF_UBP	1.00000000001922	1.92166052587697e-11	12	0	0	198	9882
SM00244	PHB	1.00000000001922	1.92166052587697e-11	12	0	0	198	9882
SM01391	Filament	1.00000000001955	1.95488473748283e-11	71	0	0	198	9882
SM00349	KRAB	1.00000000002044	2.0437145220676e-11	291	0	0	198	9882
SM00043	CY	1.00000000002061	2.06132698705341e-11	26	0	0	198	9882
SM00389	HOX	1.0000000000207	2.06979572126623e-11	252	0	0	198	9882
SM00861	Transket_pyr	1.00000000002173	2.1729840537299e-11	8	0	0	198	9882
SM00562	NDK	1.00000000002173	2.1729840537299e-11	8	0	0	198	9882
SM00357	CSP	1.00000000002173	2.1729840537299e-11	8	0	0	198	9882
SM00746	TRASH	1.00000000002173	2.1729840537299e-11	8	0	0	198	9882
SM00125	IL1	1.00000000002173	2.1729840537299e-11	8	0	0	198	9882
SM00506	A1pp	1.00000000002173	2.1729840537299e-11	8	0	0	198	9882
SM00142	PI3K_C2	1.00000000002173	2.1729840537299e-11	8	0	0	198	9882
SM00200	SEA	1.00000000002173	2.1729840537299e-11	8	0	0	198	9882
SM00139	MyTH4	1.00000000002173	2.1729840537299e-11	8	0	0	198	9882
SM00504	Ubox	1.00000000002173	2.1729840537299e-11	8	0	0	198	9882
SM00511	ORANGE	1.00000000002173	2.1729840537299e-11	8	0	0	198	9882
SM00281	LamB	1.00000000002173	2.1729840537299e-11	8	0	0	198	9882
SM00166	UBX	1.00000000002173	2.1729840537299e-11	8	0	0	198	9882
SM00609	VIT	1.00000000002173	2.1729840537299e-11	8	0	0	198	9882
SM01025	BEN	1.00000000002173	2.1729840537299e-11	8	0	0	198	9882
SM01419	Thiol-ester_cl	1.00000000002173	2.1729840537299e-11	8	0	0	198	9882
SM00288	VHS	1.00000000002173	2.1729840537299e-11	8	0	0	198	9882
SM00557	IG_FLMN	1.00000000002173	2.1729840537299e-11	8	0	0	198	9882
SM00329	BPI2	1.00000000002173	2.1729840537299e-11	8	0	0	198	9882
SM01203	DUF3585	1.00000000002173	2.1729840537299e-11	8	0	0	198	9882
SM00237	Calx_beta	1.00000000002173	2.1729840537299e-11	8	0	0	198	9882
SM00154	ZnF_AN1	1.00000000002173	2.1729840537299e-11	8	0	0	198	9882
SM00167	VPS9	1.00000000002173	2.1729840537299e-11	8	0	0	198	9882
SM00468	PreSET	1.00000000002173	2.1729840537299e-11	8	0	0	198	9882
SM01420	TRP_2	1.00000000002173	2.1729840537299e-11	8	0	0	198	9882
SM00577	CPDc	1.00000000002173	2.1729840537299e-11	8	0	0	198	9882
SM00948	Proteasome_A_N	1.00000000002173	2.1729840537299e-11	8	0	0	198	9882
SM01412	Pro-rich	1.00000000002173	2.1729840537299e-11	8	0	0	198	9882
SM00524	DWB	1.00000000002173	2.1729840537299e-11	8	0	0	198	9882
SM00884	Cullin_Nedd8	1.00000000002173	2.1729840537299e-11	8	0	0	198	9882
SM00503	SynN	1.00000000002173	2.1729840537299e-11	8	0	0	198	9882
SM00385	CYCLIN	1.00000000002249	2.24882335734042e-11	32	0	0	198	9882
SM01373	MAGE	1.00000000002249	2.24882335734042e-11	32	0	0	198	9882
SM00037	CNX	1.00000000002278	2.27820136856818e-11	18	0	0	198	9882
SM00014	acidPPc	1.00000000002278	2.27820136856818e-11	18	0	0	198	9882
SM00593	RUN	1.00000000002278	2.27820136856818e-11	18	0	0	198	9882
SM00308	LH2	1.00000000002278	2.27820136856818e-11	18	0	0	198	9882
SM00847	HA2	1.00000000002278	2.27820136856818e-11	18	0	0	198	9882
SM00865	Tubulin_C	1.00000000002278	2.27820136856818e-11	18	0	0	198	9882
SM00079	PBPe	1.00000000002278	2.27820136856818e-11	18	0	0	198	9882
SM00918	Lig_chan-Glu_bd	1.00000000002278	2.27820136856818e-11	18	0	0	198	9882
SM00399	ZnF_C4	1.00000000002331	2.33110812638233e-11	47	0	0	198	9882
SM00333	TUDOR	1.0000000000247	2.47032774269659e-11	25	0	0	198	9882
SM00298	CHROMO	1.00000000003094	3.09419020372045e-11	30	0	0	198	9882
