gene	Preleukemia_Control_rep1	Preleukemia_Control_rep2	Preleukemia_Control_rep3	Preleukemia_Tet2_rep1	Preleukemia_Tet2_rep2	Preleukemia_Tet2_rep3	Preleukemia_Rx1_rep1	Preleukemia_Rx1_rep2	Preleukemia_Rx1_rep3	Preleukemia_Rx1Tet2_rep1	Preleukemia_Rx1Tet2_rep2	Preleukemia_Rx1Tet2_rep3	Leukemia_Rx1Tet2_rep1	Leukemia_Rx1Tet2_rep2	Leukemia_Rx1Tet2_rep3	Leukemia_CreKI_rep1	Leukemia_CreKI_rep2	Leukemia_CreKI_rep3
Il4	0.259180874877255	0.3212885507117802	0.0831450024606181	0.4602099393568	0.511501436950569	0.5977723779145402	0.4498349655233958	0.443244871552822	0.730652997168952	0.3383182947056963	0.862879821522434	0.1237432617211904	3.32279633598762	3.632826570034337	3.0280015097694317	4.751838593206355	5.537159371162424	5.577422785321352
Ccl3	0.0	0.1841571283972892	0.4264665836853203	0.6272538248949066	0.4558892604279113	0.319925398935353	0.213749158260157	0.2742151363877274	0.1465639919063185	0.1732118814504504	0.7334107456330792	1.017886285457701	1.3880407127997616	0.1466630415835906	0.0	0.8419787528717086	0.8231786900956374	0.176876763294859
Il16	3.746645988344435	4.016041617457945	4.118284964369697	4.470172403533525	4.137159203166201	4.112508316611357	4.950780995316515	5.111152366789558	4.761125674374688	4.659102535945395	5.104072421118953	4.888869859616058	5.194626858295783	5.334225008414431	3.7730046588282895	2.946927322741141	4.099253118104283	1.6235485163402843
Il7r	0.1231818622253462	0.2034981235568105	0.2306051408460311	0.1687768005981974	0.1908689291427199	0.1350295425080246	0.0792396467141295	0.1153852815236186	0.0136386955341408	0.108502243285252	0.0334740301902669	0.0799791984242517	1.730639955916791	0.2030658091954168	0.3636532969024155	0.790609412781528	0.5593870641135914	0.0325249120128591
Ccl24	0.9065435376201691	0.3548966926701254	0.3378743314710825	0.5869366797841483	0.6475374019529513	0.2562751996002564	2.522450025226699	2.872799215989233	2.002003953681456	3.058652450274608	3.7145202905535135	3.338792351371544	3.4405828420774864	1.040675045879873	0.1839488650166407	2.470968893094843	6.495185077205782	2.216845946238154
Csf1	0.5436918588748049	0.7558310367121156	0.8230041829960014	0.8897165022893273	0.7848850218619691	0.6031446640516168	1.2122331377289468	1.4935499897615834	1.295540839732671	1.4311147848528385	1.8536843266919536	1.6047640306175752	1.2679072854079738	1.478148651818934	2.088474070583554	0.1247578352970611	0.2734239839676332	0.2855501799967699
Il10	0.0	0.0	0.0	0.0	0.0	0.0	0.0	0.0	0.0	0.0	0.0489958422127511	0.0	0.4505583054115559	0.558864183898176	2.3495124838635	0.2518390471436021	0.0933224566831399	0.0
Ccl4	0.1207614642870867	0.2882888622439552	0.3951494683273467	0.7357058601065697	0.0	0.6138880394350366	0.6634675904979468	0.2525743080076664	0.0	0.1082871829317665	0.4035415084233815	0.0917805212640668	2.9906699226740154	0.9842947662540376	1.1124532690100686	1.4369293663981086	0.3921382426681725	0.3093019374978958
Il13	0.0	0.0370931620111032	0.0	0.0	0.0	0.0503070728557356	0.0	0.0	0.0	0.0	0.0	0.0	0.0441233919071932	0.0435831843120172	0.0375541402402633	1.5140869026598522	1.4683695685745692	1.4781331161109377
Tnf	0.0468635773515058	0.1505011877529962	0.0555392774384073	0.1037774567974819	0.1554707682527384	0.0403591484717049	0.1662899639159907	0.0596854536195551	0.1676944745014714	0.0413533182455364	0.1468650297188155	0.0698825094210383	1.2098401120243336	0.1477638597119827	1.3047855366135903	0.2925296972204169	0.9139605316219604	0.3045694493337312
Il6	0.461510748313044	0.2090839884161813	0.1328575240095999	0.4877065441976808	0.3868881823801553	0.3546902392162627	0.0	0.0	0.0	0.0	0.0700100553455028	0.0	2.296410418065248	1.2227118398754686	1.327060719100008	1.4733193559174356	2.8251954058148163	3.2350223870071093
Il1b	0.0509898848329114	0.4472512139260349	0.3049210126705795	0.0	0.283326797145764	0.3189623300607105	0.0	0.0372857813816378	0.0	0.0887058069408645	0.0	0.1125271991228911	2.041600457119404	0.0380775002232736	0.0	1.89492638566882	1.8224609557005087	0.369328000615479
Il12a	1.5574002867207006	2.3220983228589342	2.3682431292619777	2.2301630404436663	2.196600749600105	2.3059180053456	2.697578126314903	2.763551800162681	2.7411541438398994	2.059628699181727	2.939572632554483	2.8641088686185845	2.5864332996828456	3.930548119247855	3.4752275885295565	0.338058096322084	0.1874738582473028	0.097722432633632
Il15	1.6768450928587784	1.6023143425089312	1.6380228494670357	1.290601338441188	1.4156451065965103	1.6578594793590655	1.946356571633634	1.815395080710467	1.6241710970582828	1.7449102411438142	1.890010802576994	1.5362071111231117	4.061240486804671	3.7294331300206407	2.1968902679364937	0.8066845314272388	0.343923973146529	0.3210402757770393
Cx3cl1	0.0761521553307949	0.1642495111898155	0.11776391807921	0.3658559997845922	0.1591189214306201	0.2088867821293292	0.0286050776847971	0.0961510487446221	0.0289239832497395	0.1922219455768394	0.1043196157819458	0.1129621624145611	1.0450025460438197	0.8022858773895098	0.811560631029141	0.0	0.0	0.0
Ccl17	1.520261311475991	1.2288433122811402	1.2381754185773757	0.8958733812925962	1.128695926723591	1.5107999233710936	1.2581992954212022	0.7122594425378574	1.01354086891172	1.6981517881603378	1.320657964311925	0.8826563514378428	3.048715725308547	3.4454141915040046	2.343458990869679	2.134736799962927	5.549687650903273	4.0636151092108
Cxcl10	0.5928401901076518	0.2682271672022994	0.3194422106412858	0.4540811144859711	0.3991010769681267	0.2131021194069907	0.4963928081133935	1.3868771489321745	0.8143281062019112	2.0789991458822605	3.059317202148893	2.3308738654473675	0.9027443006938451	0.3713949296880527	0.0419711561351675	2.704010958546517	0.1683429405496756	0.0589916504916758
Ccl5	2.8856544034186404	1.945955975364129	2.304589891408422	2.371405524555692	2.514258631024542	2.9079462620516514	1.8301376642625156	1.2544731079527325	1.3198837910004908	1.7861362988203386	2.023084987107664	1.6081042784617414	8.432516846132373	4.135403530597651	3.356703027933956	3.286807237337525	2.940085919701532	1.8089245444911044
Ccl7	0.0	0.0	0.0573648690415943	0.0	0.0	0.0	0.0	0.0695733561868177	0.0	0.0842986156460014	0.0	0.0	3.381322139220111	3.5493241639678907	4.281290232369959	0.0	0.1648647812683805	0.0
Ccl2	0.0	0.0	0.056295792990761	0.0709515945769532	0.0	0.0806010458331514	0.0694383471992978	0.1335017134170204	0.1363335484117806	0.2352111505237507	0.2438676815632206	0.1374586683522717	4.484627971283161	3.660506541056852	4.258956038800659	0.8405752209286329	0.6178118931013662	0.164406571590052
Il18	1.1882236628969371	0.7305147538976192	0.853631635039794	0.8818525293670735	0.9277296146951056	1.3743718131682767	0.9626504429479024	0.6923834523417003	0.6708847397566335	1.3746110785351742	1.2981714704685738	1.250391657055565	1.4834211179854768	0.6788156030249509	0.3897551207336608	1.6590979678454487	1.8203137778825969	0.6656201640663814
Cxcl12	0.0702963054122428	0.022695343084964	0.012235145357153	0.0308076936877425	0.0	0.127143538651005	0.0263947024553818	0.0659363514319975	0.0154276309599189	0.07929618112362	0.0	0.035098109928917	0.0155777803246805	0.0639434147595013	0.0	4.859591933988677	4.605227626335486	3.1256048183101046
Ccl27a	2.9940094120853096	2.215936364081259	2.171860120396577	1.7903299884280386	2.4385164253680363	2.3502313140780964	2.0829001119561847	3.0708392411832253	2.8268982507708644	2.5491910678802565	2.917538688451919	2.2723845642942964	0.700498312565151	0.205261125411848	0.1551222882153423	0.7830324794802435	1.4827089104471247	0.8418596305021847
